# Time-averaged data for fix favg
# TimeStep v_vpe v_vke v_vT v_vE v_vRg
5100000 102.919 487.912 305.952 590.832 293.543
5200000 100.704 477.558 299.459 578.262 294.836
5300000 138.125 480.308 301.184 618.432 295.18
5400000 118.441 475.498 298.167 593.939 294.678
5500000 125.945 477.401 299.361 603.346 292.919
5600000 146.42 475.968 298.462 622.387 295.002
5700000 148.624 479.353 300.585 627.977 296.962
5800000 154.558 482.518 302.57 637.076 297.743
5900000 152.933 479.942 300.954 632.875 298.878
6000000 142.159 486.257 304.914 628.416 299.553
6100000 143.255 484.972 304.109 628.227 299.239
6200000 171.892 476.693 298.917 648.585 299.227
6300000 172.421 470.958 295.321 643.379 299.118
6400000 167.07 467.18 292.952 634.25 299.334
6500000 158.623 474.347 297.446 632.969 303.166
6600000 159.361 486.469 305.047 645.83 307.973
6700000 156.933 475.729 298.313 632.662 308.955
6800000 171.86 484.659 303.912 656.519 310.911
6900000 164.005 476.03 298.501 640.035 312.72
7000000 165.456 472.156 296.072 637.611 314.333
7100000 154.169 482.063 302.284 636.232 314.505
7200000 162.19 470.805 295.225 632.995 314.061
7300000 159.56 479.586 300.731 639.146 314.498
7400000 167.447 482.12 302.32 649.567 315.984
7500000 156.643 478.219 299.874 634.862 316.52
7600000 169.672 488.75 306.478 658.422 318.165
7700000 166.131 471.459 295.635 637.589 319.874
7800000 166.869 475.235 298.003 642.104 318.6
7900000 162.527 481.181 301.731 643.708 319.342
8000000 155.598 477.704 299.551 633.302 320.54
8100000 162.612 476.119 298.557 638.731 322.368
8200000 176.812 486.448 305.034 663.26 326.124
8300000 187.105 481.008 301.623 668.113 326.019
8400000 177.748 477.498 299.422 655.247 325.857
8500000 166.379 482.861 302.785 649.24 326.815
8600000 147.483 474.174 297.337 621.657 328.022
8700000 126.247 477.267 299.277 603.514 328.186
8800000 125.203 483.278 303.046 608.481 328.678
8900000 128.153 480.025 301.006 608.178 329.095
9000000 133.724 480.504 301.306 614.228 329.85
9100000 123.032 473.864 297.143 596.896 330.849
9200000 131.543 471.641 295.749 603.183 331.285
9300000 129.565 487.406 305.634 616.97 329.63
9400000 128.741 478.854 300.272 607.596 328.573
9500000 124.412 475.23 298 599.642 327.266
9600000 129.61 473.368 296.832 602.978 326.602
9700000 107.303 488.14 306.095 595.443 325.441
9800000 110.276 479.231 300.508 589.506 325.111
9900000 111.178 488.765 306.487 599.943 324.234
10000000 120.217 477.194 299.231 597.411 326.951
10100000 144.567 479.685 300.793 624.252 328.869
10200000 139.712 473.179 296.714 612.891 329.325
10300000 130.913 479.187 300.481 610.1 329.474
10400000 122.393 479.086 300.418 601.479 328.54
10500000 125.77 478.972 300.346 604.742 328.937
10600000 129.878 482.388 302.488 612.266 330.614
10700000 122.033 478.999 300.363 601.031 329.226
10800000 122.131 488.391 306.253 610.522 329.906
10900000 121.935 478.448 300.017 600.383 330.222
11000000 126.41 485.608 304.507 612.017 328.374
11100000 117.66 482.389 302.489 600.049 327.359
11200000 115.576 483.73 303.33 599.306 328.654
11300000 130.326 476.838 299.008 607.164 329.654
11400000 130.35 479.772 300.848 610.122 328.723
11500000 131.243 469.112 294.164 600.356 329.199
11600000 140.176 478.275 299.909 618.451 330.962
11700000 123.335 484.006 303.503 607.341 331.169
11800000 140.008 474.921 297.806 614.929 330.85
11900000 116.632 480.941 301.581 597.572 329.569
12000000 142.894 491.468 308.182 634.362 328.814
12100000 134.904 480.452 301.274 615.356 329.873
12200000 122.112 477.714 299.557 599.826 330.583
12300000 125.902 480.934 301.576 606.836 331.505
12400000 120.002 477.53 299.442 597.531 332.386
12500000 110.459 477.516 299.433 587.975 331.218
12600000 93.0325 473.915 297.175 566.948 335.349
12700000 86.1515 476.687 298.913 562.838 338.411
12800000 84.0773 485.148 304.219 569.226 339.812
12900000 85.1946 478.986 300.355 564.181 341.684
13000000 94.0924 482.898 302.808 576.99 343.504
13100000 66.4795 480.761 301.468 547.24 343.252
13200000 80.4206 486.212 304.886 566.633 343.828
13300000 93.2122 479.728 300.82 572.94 344.852
13400000 76.0738 483.101 302.936 559.175 343.517
13500000 86.049 489.015 306.644 575.064 345.407
13600000 95.3544 478.101 299.8 573.455 346.841
13700000 57.1685 485.927 304.707 543.095 349.303
13800000 68.9866 470.605 295.1 539.592 350.216
13900000 68.9138 481.759 302.094 550.673 349.629
14000000 70.4372 472.46 296.263 542.897 351.094
14100000 76.9668 476.085 298.536 553.052 350.042
14200000 68.4117 479.606 300.744 548.018 350.344
14300000 65.8639 474.281 297.405 540.145 351.41
14400000 77.0292 465.671 292.005 542.7 351.249
14500000 75.5629 476.073 298.528 551.636 351.26
14600000 64.3638 474.168 297.334 538.532 350.883
14700000 68.6822 471.158 295.447 539.841 348.849
14800000 58.2957 477.3 299.298 535.596 347.581
14900000 52.9187 469.837 294.618 522.756 347.355
15000000 55.072 484.999 304.126 540.071 349.041
15100000 59.0693 479.127 300.443 538.196 349.633
15200000 70.1784 471.143 295.437 541.321 353.467
15300000 80.3905 478.456 300.023 558.847 353.02
15400000 76.9119 484.253 303.657 561.164 350.08
15500000 87.9275 466.247 292.367 554.174 348.533
15600000 88.5493 474.587 297.597 563.137 349.589
15700000 69.1378 485.03 304.145 554.167 350.628
15800000 55.5246 479.95 300.96 535.475 352.301
15900000 61.9358 476.913 299.055 538.849 353.691
16000000 50.5196 487.027 305.397 537.547 355.141
16100000 71.8079 479.403 300.616 551.211 357.249
16200000 59.0197 480.84 301.518 539.86 358.646
16300000 59.3545 472.121 296.05 531.475 358.178
16400000 68.6679 477.682 299.537 546.35 358.07
16500000 48.925 478.159 299.836 527.084 358.525
16600000 58.8492 469.853 294.628 528.702 358.406
16700000 65.797 477.419 299.372 543.215 357.895
16800000 72.17 482.814 302.756 554.984 357.597
16900000 67.9586 481.493 301.927 549.451 357.346
17000000 51.4972 474.314 297.425 525.811 360.168
17100000 67.603 476.366 298.712 543.969 362.061
17200000 62.197 474.537 297.565 536.734 362.672
17300000 64.3582 482.533 302.579 546.891 362.557
17400000 55.0698 477.223 299.25 532.293 362.401
17500000 45.1683 482.459 302.533 527.627 363.575
17600000 51.1805 470.959 295.322 522.14 365.788
17700000 61.7618 482.993 302.868 544.755 368.515
17800000 52.6321 480.422 301.255 533.054 369.73
17900000 50.5337 480.466 301.283 531 369.999
18000000 54.9727 477.1 299.172 532.073 372.628
18100000 50.1168 479.945 300.957 530.062 374.422
18200000 27.1167 469.7 294.532 496.817 376.778
18300000 32.4662 481.1 301.68 513.566 378.138
18400000 23.7193 456.549 286.286 480.269 380.555
18500000 48.2533 485.301 304.315 533.554 380.961
18600000 61.9025 477.824 299.626 539.727 381.245
18700000 54.5082 469.735 294.554 524.243 381.152
18800000 39.3828 467.666 293.257 507.049 383.966
18900000 47.2082 481.159 301.717 528.367 385.62
19000000 35.8501 481.417 301.88 517.267 386.46
19100000 6.67765 476.911 299.054 483.589 386.554
19200000 6.01518 487.583 305.746 493.598 386.834
19300000 14.2589 493.109 309.211 507.368 386.4
19400000 8.88369 473.651 297.009 482.534 388.953
19500000 5.11518 483.304 303.063 488.419 390.053
19600000 14.3031 472.074 296.021 486.377 389.524
19700000 -4.50272 489.028 306.652 484.525 388.847
19800000 -5.94388 481.702 302.058 475.758 388.153
19900000 14.665 473.519 296.926 488.184 389.499
20000000 8.61291 481.726 302.073 490.339 388.391
20100000 8.13997 477.644 299.513 485.784 389.457
20200000 -1.01406 477.594 299.482 476.58 389.701
20300000 10.9124 476.149 298.576 487.062 390.63
20400000 15.5089 476.421 298.747 491.93 394.054
20500000 25.5708 476.522 298.81 502.093 394.528
20600000 -3.99758 473.436 296.875 469.438 395.206
20700000 1.73031 487.028 305.398 488.759 398.563
20800000 -5.9918 476.25 298.639 470.258 401.603
20900000 -1.52281 482.398 302.494 480.875 402.393
21000000 6.59058 473.559 296.952 480.15 402.058
21100000 1.21794 475.441 298.132 476.659 402.663
21200000 -3.56752 477.191 299.229 473.624 403.275
21300000 0.332879 483.853 303.407 484.186 406.196
21400000 -4.81399 476.134 298.567 471.32 407.305
21500000 0.745675 480.885 301.546 481.631 407.748
21600000 13.6001 475.082 297.907 488.682 408.988
21700000 22.8031 483.632 303.268 506.435 409.717
21800000 3.19232 476.981 299.098 480.173 412.047
21900000 -4.85558 476.724 298.937 471.869 414.159
22000000 12.1913 477.457 299.396 489.649 415.221
22100000 26.9117 472.719 296.425 499.63 416.922
22200000 34.4533 486.196 304.876 520.649 419.515
22300000 43.5105 481.619 302.006 525.129 420.996
22400000 32.1667 482.002 302.246 514.168 422.812
22500000 36.5882 475.209 297.987 511.797 424.009
22600000 15.0018 481.807 302.124 496.809 423.677
22700000 9.14643 476.201 298.608 485.347 422.894
22800000 -0.481971 482.178 302.356 481.696 422.512
22900000 10.9639 483.272 303.042 494.236 423.064
23000000 10.7613 477.889 299.667 488.651 423.557
23100000 3.57514 474.332 297.437 477.907 425.404
23200000 -7.95226 483.935 303.458 475.982 425.206
23300000 7.09089 475.782 298.346 482.873 427.304
23400000 23.1151 482.492 302.554 505.607 427.601
23500000 -1.94296 476.796 298.982 474.853 429.528
23600000 11.021 479.095 300.424 490.116 427.796
23700000 11.8122 472.452 296.257 484.264 428.187
23800000 -6.3696 476.067 298.524 469.697 427.677
23900000 4.74861 478.375 299.972 483.124 429.33
24000000 9.24467 476.733 298.942 485.978 429.402
24100000 18.556 480.668 301.41 499.224 427.773
24200000 15.3901 482.645 302.649 498.035 427.492
24300000 0.17929 476.027 298.499 476.206 426.744
24400000 12.1604 481.116 301.69 493.276 427.081
24500000 2.08323 476.307 298.675 478.39 429.329
24600000 7.66001 482.563 302.598 490.223 428.227
24700000 8.31903 481.76 302.094 490.079 426.946
24800000 14.3356 476.48 298.784 490.816 426.821
24900000 16.61 476.671 298.903 493.281 426.642
25000000 9.09225 478.387 299.979 487.479 428.804
25100000 25.3434 476.762 298.96 502.105 430.212
25200000 3.91303 481.706 302.061 485.619 430.319
25300000 33.7095 479.303 300.554 513.013 430.685
25400000 6.24343 484.626 303.892 490.87 430.506
25500000 14.6408 483.775 303.358 498.416 430.841
25600000 -4.85186 479.426 300.631 474.574 431.747
25700000 11.058 478.414 299.996 489.472 431.35
25800000 12.4569 474.174 297.337 486.63 431.554
25900000 -2.00758 479.705 300.806 477.697 432.954
26000000 -14.9592 465.332 291.793 450.373 435.692
26100000 -23.0106 490.923 307.84 467.912 437.275
26200000 -17.878 477.332 299.318 459.454 434.779
26300000 -0.972622 481.062 301.657 480.089 434.774
26400000 -3.15541 476.46 298.771 473.304 436.758
26500000 -10.571 472.288 296.155 461.717 436.933
26600000 -16.2014 468.46 293.755 452.259 437.812
26700000 -21.6227 481.225 301.759 459.602 439.088
26800000 -26.7142 481.295 301.803 454.581 438.138
26900000 -18.7421 472.456 296.26 453.714 438.597
27000000 -27.8121 470.915 295.294 443.103 438.129
27100000 -21.5077 477.858 299.647 456.35 437.46
27200000 -17.2802 472.16 296.074 454.88 436.931
27300000 -8.3129 466.489 292.519 458.176 436.836
27400000 11.4899 476.149 298.576 487.639 437.661
27500000 0.810851 485.162 304.227 485.973 437.128
27600000 -8.58127 486.913 305.326 478.332 435.707
27700000 -6.54042 480.462 301.28 473.921 434.812
27800000 -0.425778 478.95 300.332 478.524 433.624
27900000 2.7988 474.627 297.622 477.426 435.02
28000000 -7.75157 476.393 298.729 468.641 438.906
28100000 -24.7294 480.927 301.572 456.198 439.106
28200000 -30.3428 481.019 301.63 450.677 437.909
28300000 -54.0521 481.928 302.2 427.876 437.976
28400000 -50.6899 476.462 298.772 425.772 437.48
28500000 -43.3832 489.715 307.083 446.332 436.233
28600000 -33.255 479.553 300.71 446.298 438.795
28700000 -45.4727 477.639 299.51 432.166 436.574
28800000 -34.3579 484.987 304.118 450.629 436.248
28900000 -37.6178 485.209 304.257 447.592 437.796
29000000 -28.4739 490.977 307.874 462.503 436.033
29100000 -29.4245 474.327 297.434 444.903 435.996
29200000 -17.3701 471.542 295.687 454.172 435.591
29300000 -34.9431 471.73 295.805 436.787 437.882
29400000 -17.6954 480.697 301.428 463.001 437.134
29500000 -28.7135 474.198 297.353 445.485 440.773
29600000 -27.9273 474.113 297.299 446.186 441.196
29700000 -22.8524 465.835 292.108 442.983 443.299
29800000 -10.1691 487.538 305.718 477.369 445.052
29900000 -2.57894 470.644 295.124 468.065 444.365
30000000 -16.073 474.886 297.784 458.813 445.16
30100000 -14.9167 469.886 294.649 454.969 443.278
30200000 -12.1006 478.23 299.881 466.13 441.023
30300000 -60.4003 477.807 299.616 417.407 440.465
30400000 -23.0678 465.16 291.685 442.093 443.611
30500000 -15.9021 479.59 300.734 463.688 446.745
30600000 -5.00338 481.755 302.091 476.751 448.905
30700000 -3.77909 477.756 299.584 473.977 449.187
30800000 -6.68806 479.407 300.619 472.719 449.473
30900000 -20.7214 478.788 300.231 458.067 450.727
31000000 11.2825 475.245 298.009 486.528 451.762
31100000 -9.69754 473.293 296.785 463.596 452.954
31200000 -11.3667 481.218 301.754 469.851 454.165
31300000 -6.51727 477.854 299.645 471.337 452.666
31400000 -16.6919 467.568 293.195 450.876 453.727
31500000 -2.82901 476.978 299.096 474.149 455.067
31600000 -12.7759 484.983 304.115 472.207 455.356
31700000 -15.6741 484.901 304.064 469.227 456.698
31800000 -16.9529 482.616 302.631 465.663 458.45
31900000 -17.5351 479.906 300.932 462.371 460.176
32000000 -34.2432 485.219 304.263 450.975 461.012
32100000 -10.7522 484.869 304.044 474.117 461.625
32200000 -13.6269 479.73 300.822 466.103 461.83
32300000 -9.74602 483.069 302.915 473.323 461.485
32400000 -19.6357 472.521 296.301 452.885 460.077
32500000 -35.0636 486.157 304.852 451.094 460.107
32600000 -31.6701 484.114 303.571 452.444 460.26
32700000 -38.8758 476.538 298.82 437.662 459.695
32800000 -15.504 479.376 300.6 463.872 459.419
32900000 -13.7849 474.72 297.68 460.935 458.012
33000000 -21.7062 469.37 294.325 447.664 457.605
33100000 -23.5746 477.312 299.305 453.737 456.158
33200000 -13.8631 480.733 301.45 466.87 454.433
33300000 -19.8992 485.406 304.381 465.507 454.534
33400000 -21.8812 468.825 293.983 446.944 454.486
33500000 -22.2404 475.342 298.07 453.101 454.6
33600000 -14.4657 477.393 299.356 462.928 455.364
33700000 -8.67455 479.405 300.618 470.731 455.886
33800000 -21.9699 488.462 306.297 466.492 455.573
33900000 -22.8193 484.083 303.551 461.264 456.19
34000000 -28.6672 485.921 304.704 457.254 454.998
34100000 -8.10937 485.187 304.244 477.078 455.365
34200000 -22.9462 487.564 305.734 464.618 455.963
34300000 -14.354 471.819 295.861 457.465 457.648
34400000 -4.99921 476.134 298.566 471.135 458.888
34500000 -23.463 483.252 303.03 459.789 459.537
34600000 -30.9355 474.782 297.719 443.846 459.615
34700000 -46.3018 473.797 297.101 427.495 459.268
34800000 -49.74 481.285 301.797 431.545 459.22
34900000 -53.3833 473.779 297.09 420.396 461.159
35000000 -35.3416 484.369 303.731 449.028 462.153
35100000 -43.0336 481.783 302.109 438.749 461.89
35200000 -55.1089 489.864 307.176 434.755 462.594
35300000 -38.4039 476.63 298.877 438.226 462.787
35400000 -21.3127 479.459 300.652 458.146 459.821
35500000 -36.2663 477.549 299.454 441.283 458.08
35600000 -31.7691 484.504 303.815 452.734 458.709
35700000 -48.1305 480.511 301.311 432.381 458.443
35800000 -51.4406 480.186 301.107 428.745 460.145
35900000 -35.8695 480.484 301.294 444.614 460.864
36000000 -51.5827 476.116 298.555 424.533 461.117
36100000 -34.3359 481.05 301.649 446.714 461.447
36200000 -28.1324 478.557 300.086 450.425 463.013
36300000 -43.5791 481.886 302.173 438.306 465.385
36400000 -46.1156 479.323 300.566 433.207 466.19
36500000 -58.9745 477.369 299.341 418.394 465.505
36600000 -55.266 476.201 298.608 420.935 463.671
36700000 -52.289 480.38 301.229 428.091 464.287
36800000 -34.4414 467.94 293.429 433.499 466.77
36900000 -35.7755 480.131 301.073 444.355 466.757
37000000 -43.3533 474.789 297.723 431.436 465.314
37100000 -49.4526 479.168 300.469 429.715 467.097
37200000 -35.9345 471.864 295.889 435.93 466.676
37300000 -34.995 483.93 303.455 448.935 465.553
37400000 -32.2235 478.447 300.017 446.223 464.24
37500000 -69.2393 482.03 302.264 412.791 463.297
37600000 -52.6154 471.26 295.51 418.645 465.014
37700000 -68.1232 478.98 300.351 410.857 464.497
37800000 -58.1131 477.48 299.411 419.367 462.474
37900000 -43.219 473.315 296.799 430.096 462.26
38000000 -58.7829 493.401 309.394 434.618 464.162
38100000 -63.6677 485.384 304.367 421.716 463.453
38200000 -50.8561 482.33 302.452 431.474 463.339
38300000 -53.2447 478.459 300.025 425.215 462.151
38400000 -26.0146 492.796 309.015 466.782 463.625
38500000 -35.8907 471.008 295.352 435.118 461.468
38600000 -9.57906 486.399 305.003 476.82 460.02
38700000 -28.0586 469.639 294.494 441.581 459.878
38800000 -25.281 479.112 300.434 453.831 460.036
38900000 -27.752 470.524 295.049 442.772 459.13
39000000 -13.6436 474.069 297.271 460.425 460.867
39100000 -27.6132 478.629 300.131 451.016 461.223
39200000 -12.4697 482.065 302.286 469.596 461.151
39300000 -30.6489 484.937 304.087 454.288 461.218
39400000 -3.833 471.54 295.686 467.707 461.32
39500000 -12.2936 478.187 299.854 465.893 461.967
39600000 -27.1344 485.794 304.624 458.66 462.876
39700000 -27.6235 468.679 293.892 441.056 461.809
39800000 -27.5459 490.908 307.831 463.362 462.157
39900000 0.280566 474.298 297.415 474.579 460.408
40000000 3.5378 474.734 297.689 478.272 460.075
40100000 4.03474 485.601 304.503 489.636 460.337
40200000 11.4372 475.677 298.28 487.114 459.781
40300000 1.07878 475.152 297.951 476.23 459.896
40400000 3.56566 478.179 299.849 481.744 460.297
40500000 14.5693 477.884 299.664 492.453 463.794
40600000 25.6563 478.634 300.134 504.29 463.886
40700000 23.3922 478.535 300.072 501.927 462.852
40800000 3.65597 475.786 298.349 479.442 462.356
40900000 13.2516 475.212 297.989 488.464 461.558
41000000 19.6092 476.243 298.635 495.852 461.432
41100000 27.3622 476.444 298.761 503.806 461.723
41200000 6.52818 476.014 298.491 482.542 460.642
41300000 5.70842 480.375 301.226 486.084 459.799
41400000 -4.36799 481.985 302.235 477.617 460.092
41500000 4.32566 481.227 301.76 485.553 461.482
41600000 15.3108 479.07 300.407 494.38 459.493
41700000 15.5824 473.963 297.205 489.545 457.215
41800000 17.6878 482.957 302.845 500.645 455.249
41900000 12.7913 478.127 299.816 490.918 455.494
42000000 -5.79794 486.349 304.972 480.551 455.981
42100000 -4.24094 486.689 305.185 482.448 455.472
42200000 -1.26623 472.896 296.536 471.63 452.866
42300000 -18.7955 476.331 298.69 457.535 451.523
42400000 15.0001 480.82 301.505 495.82 451.27
42500000 7.01053 484.288 303.68 491.298 450.187
42600000 -6.39207 481.729 302.075 475.336 450.431
42700000 -3.08072 475.449 298.137 472.368 450.728
42800000 5.44432 477.903 299.676 483.347 453.801
42900000 0.71682 480.787 301.484 481.504 454.591
43000000 -2.20358 473.307 296.794 471.104 454.233
43100000 -11.7027 482.377 302.481 470.674 455.048
43200000 6.1035 474.24 297.379 480.343 454.073
43300000 -12.7858 477.426 299.376 464.64 454.885
43400000 -9.47936 477.614 299.494 468.134 456.665
43500000 6.57358 477.989 299.73 484.563 458.816
43600000 -17.4726 482.414 302.505 464.941 461.304
43700000 -31.1292 480.047 301.02 448.918 464.046
43800000 -29.7713 479.688 300.795 449.917 462.882
43900000 -29.6677 478.221 299.875 448.553 464.102
44000000 -4.8949 473.38 296.839 468.485 467.462
44100000 -23.9692 481.912 302.19 457.943 468.301
44200000 -15.9477 481.297 301.804 465.349 468.43
44300000 -15.9141 479.958 300.964 464.044 469.165
44400000 -30.4714 483.05 302.903 452.578 468.928
44500000 -21.3815 480.681 301.418 459.3 466.926
44600000 -8.66468 486.884 305.307 478.219 467.579
44700000 -16.2336 476.428 298.751 460.194 465.834
44800000 20.3725 475.441 298.132 495.813 465.522
44900000 9.85546 481.658 302.03 491.514 465.953
45000000 7.11273 477.69 299.542 484.803 469.601
45100000 9.49551 482.037 302.268 491.532 470.06
45200000 17.5243 477.851 299.643 495.375 467.271
45300000 11.1317 486.676 305.177 497.808 468.328
45400000 20.5147 473.257 296.762 493.772 468.523
45500000 4.41994 481.506 301.935 485.926 469.539
45600000 -7.9698 473.565 296.956 465.596 470.128
45700000 -3.93501 476.071 298.527 472.136 469.446
45800000 -4.24127 483.957 303.472 479.716 468.879
45900000 -17.6976 483.559 303.223 465.862 469.585
46000000 0.0722234 467.295 293.024 467.367 470.43
46100000 -2.81142 478.423 300.002 475.611 469.494
46200000 8.97601 480.197 301.114 489.173 471.389
46300000 -4.56272 476.232 298.628 471.669 473.641
46400000 -6.61606 482.358 302.469 475.742 473.236
46500000 -10.2167 480.324 301.194 470.108 472.485
46600000 -30.3389 476.683 298.911 446.344 474.34
46700000 -0.398399 474.33 297.435 473.931 474.144
46800000 -1.18003 479.542 300.703 478.362 472.318
46900000 -1.74207 484.223 303.639 482.481 470.319
47000000 -0.963311 480.231 301.136 479.268 472.507
47100000 -26.8791 474.911 297.799 448.032 474.811
47200000 -23.6903 469.597 294.467 445.906 476.307
47300000 -29.3812 479.646 300.769 450.265 478.086
47400000 -25.476 482.787 302.739 457.311 478.334
47500000 -40.1347 488.486 306.312 448.351 477.754
47600000 -32.0962 474.878 297.779 442.782 476.653
47700000 -21.3495 480.01 300.997 458.661 477.072
47800000 -47.0856 489.284 306.812 442.198 476.826
47900000 -15.8429 476.75 298.953 460.907 474.567
48000000 -34.9084 475.208 297.986 440.299 473.972
48100000 -24.7328 480.454 301.275 455.721 475.861
48200000 -33.4081 487.547 305.723 454.139 475.816
48300000 -25.1508 475.013 297.864 449.862 475.151
48400000 -15.1454 484.695 303.935 469.55 473.801
48500000 -10.8111 486.97 305.361 476.159 473.473
48600000 -28.5084 477.562 299.462 449.054 471.823
48700000 -16.4192 470.359 294.945 453.94 470.152
48800000 -29.9387 482.073 302.291 452.134 469.703
48900000 -20.0325 475.645 298.26 455.612 469.503
49000000 -13.4676 487.023 305.394 473.555 468.726
49100000 -4.05529 476.798 298.983 472.743 469.488
49200000 -18.8892 478.115 299.809 459.226 469.73
49300000 -15.0883 482.74 302.709 467.652 467.58
49400000 -8.29283 474.534 297.563 466.241 466.524
49500000 12.9424 476.604 298.861 489.546 466.678
49600000 -10.7891 476.099 298.545 465.31 467.543
49700000 -8.85496 483.425 303.139 474.57 469.381
49800000 -22.4224 483.927 303.453 461.505 469.594
49900000 -4.67131 475.287 298.035 470.615 470.203
50000000 -8.82812 473.077 296.649 464.249 471.747
50100000 10.0528 478.792 300.233 488.845 470.881
50200000 1.81366 473.039 296.626 474.853 468.922
50300000 2.3623 479.911 300.935 482.273 469.929
50400000 -1.90832 482.218 302.381 480.309 469.942
50500000 10.5068 482.141 302.333 492.648 470.692
50600000 18.1817 474.516 297.552 492.697 472.276
50700000 5.51634 483.183 302.987 488.7 474.159
50800000 11.9556 481.518 301.943 493.474 474.076
50900000 5.59385 484.006 303.503 489.6 474.303
51000000 15.31 483.982 303.488 499.292 475.951
51100000 7.15738 478.106 299.803 485.263 476.244
51200000 8.02804 474.331 297.436 482.359 474.695
51300000 4.04715 481.332 301.826 485.379 475.77
51400000 17.2965 477.773 299.594 495.07 478.008
51500000 14.7713 474.444 297.507 489.216 478.415
51600000 23.9692 480.679 301.416 504.648 476.574
51700000 0.707539 481.872 302.164 482.579 474.178
51800000 11.7153 473.252 296.759 484.967 473.686
51900000 10.8666 476.043 298.509 486.909 475.332
52000000 -7.74167 477.791 299.605 470.049 477.105
52100000 15.8107 485.602 304.504 501.413 475.874
52200000 -8.64177 471.386 295.589 462.744 475.65
52300000 5.37445 473.641 297.003 479.015 475.87
52400000 -6.34522 470.155 294.817 463.809 475.673
52500000 -11.5918 478.997 300.362 467.405 474.572
52600000 -6.11423 471.263 295.512 465.148 473.878
52700000 17.1363 483.242 303.024 500.378 474.168
52800000 9.88373 471.44 295.623 481.324 473.313
52900000 10.6574 478.045 299.765 488.702 474.23
53000000 -0.634516 484.533 303.833 483.898 475.147
53100000 8.43703 479.94 300.953 488.377 476.277
53200000 8.61086 465.446 291.865 474.057 477.286
53300000 17.3533 488.118 306.081 505.471 476.605
53400000 25.8979 471.585 295.714 497.483 475.444
53500000 8.23415 474.923 297.807 483.157 475.153
53600000 17.3458 473.917 297.177 491.263 477.111
53700000 5.62315 474.788 297.722 480.411 479.417
53800000 23.6409 473.671 297.022 497.312 482.183
53900000 0.00306937 473.167 296.706 473.17 486.455
54000000 19.0113 488.829 306.527 507.841 486.29
54100000 26.0849 478.893 300.297 504.978 486.095
54200000 29.1151 472.57 296.332 501.685 486.339
54300000 16.7543 483.38 303.11 500.135 487.24
54400000 22.8243 480.914 301.564 503.739 488.419
54500000 35.357 466.062 292.251 501.419 491.663
54600000 19.7312 484.314 303.696 504.045 493.786
54700000 18.9883 468.555 293.814 487.543 495.187
54800000 35.6486 485.197 304.25 520.846 493.103
54900000 44.619 481.616 302.004 526.235 492.877
55000000 37.3057 479.807 300.87 517.113 493.536
55100000 45.5729 483.323 303.074 528.895 496.251
55200000 42.6997 487.333 305.589 530.033 496.941
55300000 32.9501 473.475 296.899 506.425 496.187
55400000 33.6612 479.681 300.791 513.342 497.108
55500000 35.9166 484.207 303.629 520.124 496.468
55600000 26.2065 485.826 304.644 512.033 497.519
55700000 37.1384 488.048 306.037 525.186 497.571
55800000 50.4713 479.498 300.676 529.969 497.754
55900000 68.2696 482.986 302.863 551.256 499.792
56000000 51.7228 476.741 298.947 528.464 501.215
56100000 49.7834 480.622 301.381 530.405 502.469
56200000 61.6322 477.873 299.657 539.505 503.969
56300000 27.4662 480.213 301.124 507.679 505.123
56400000 33.4091 477.453 299.393 510.862 505.404
56500000 35.94 477.971 299.719 513.911 505.012
56600000 28.3059 479.406 300.618 507.711 505.612
56700000 25.1169 474.745 297.696 499.862 503.699
56800000 26.0837 481.439 301.893 507.523 506.005
56900000 24.2343 481.612 302.001 505.846 506.881
57000000 5.01387 486.148 304.846 491.162 506.282
57100000 9.54198 479.148 300.456 488.69 506.829
57200000 16.556 481.238 301.767 497.794 505.151
57300000 14.9018 474.768 297.71 489.67 505.802
57400000 9.42439 470.675 295.143 480.099 506.546
57500000 15.8276 474.181 297.342 490.008 505.626
57600000 28.3211 473.564 296.955 501.885 506.686
57700000 22.0244 472.921 296.552 494.946 509.439
57800000 10.6778 475.634 298.253 486.312 510.331
57900000 11.1256 483.578 303.234 494.704 514.087
58000000 37.2756 479.923 300.942 517.198 514.329
58100000 19.673 472.15 296.068 491.823 515.09
58200000 -4.67167 491.853 308.423 487.181 515.459
58300000 1.39055 489.553 306.981 490.944 514.682
58400000 3.28928 476.129 298.563 479.418 514.965
58500000 -22.0879 474.974 297.839 452.886 515.719
58600000 -14.2587 471.557 295.697 457.299 516.011
58700000 -19.5334 476.582 298.848 457.049 518.577
58800000 -9.55367 484.251 303.657 474.698 518.874
58900000 11.8693 472.96 296.576 484.829 520.293
59000000 -3.83734 483.477 303.171 479.639 519.296
59100000 8.39609 475.471 298.151 483.867 518.023
59200000 5.50137 482.186 302.362 487.688 517.525
59300000 6.92287 477.711 299.556 484.634 515.858
59400000 13.8393 484.976 304.111 498.815 516.716
59500000 37.3185 484.099 303.561 521.417 518.715
59600000 24.4581 481.708 302.062 506.166 519.351
59700000 17.5738 473.388 296.845 490.962 517.652
59800000 0.487931 474.318 297.428 474.806 517.112
59900000 11.2826 480.782 301.481 492.065 517.677
60000000 21.7578 482.281 302.421 504.038 517.317
60100000 31.7858 481.612 302.002 513.398 517.394
60200000 33.5081 475.738 298.318 509.246 517.05
60300000 30.8719 477.533 299.444 508.405 516.096
60400000 14.115 478.628 300.131 492.743 517.291
60500000 15.8351 485.312 304.322 501.147 516.661
60600000 1.15329 478.213 299.87 479.366 515.882
60700000 23.7868 482.997 302.87 506.783 515.024
60800000 21.6473 468.253 293.625 489.9 514.557
60900000 27.7265 485.139 304.213 512.866 515.694
61000000 40.1233 481.48 301.919 521.604 513.023
61100000 16.4271 468.302 293.655 484.729 510.101
61200000 -1.28004 475.871 298.402 474.591 512.244
61300000 -24.2463 480.676 301.414 456.429 511.759
61400000 -22.1302 474.998 297.854 452.868 513.822
61500000 -37.2369 474.886 297.784 437.649 514.746
61600000 -18.3548 470.107 294.787 451.752 513.372
61700000 -22.0367 479.472 300.66 457.436 515.612
61800000 -27.3179 479.403 300.616 452.085 519.098
61900000 -23.0616 485.909 304.696 462.847 521.274
62000000 -30.1212 467.462 293.129 437.341 519.771
62100000 -18.5277 480.44 301.267 461.913 519.711
62200000 -21.6948 486.149 304.847 464.454 519.188
62300000 -21.6423 487.987 305.999 466.345 517.223
62400000 -23.3234 478.429 300.005 455.105 517.797
62500000 -22.3053 484.134 303.583 461.828 520.023
62600000 -32.7279 474.268 297.397 441.541 519.223
62700000 -33.6035 475.534 298.191 441.931 518.423
62800000 -21.2066 486.657 305.165 465.451 517.802
62900000 -28.3674 475.835 298.379 447.468 518.479
63000000 -27.1277 482.821 302.76 455.693 517.253
63100000 -13.354 478.401 299.988 465.047 515.962
63200000 -25.6527 490.073 307.307 464.42 515.508
63300000 -24.3926 475.476 298.154 451.083 514.332
63400000 -24.4729 473.879 297.152 449.406 512.506
63500000 -27.3012 485.735 304.587 458.434 514.433
63600000 -25.917 481.101 301.681 455.184 516.835
63700000 -10.2367 481.721 302.07 471.484 518.336
63800000 -0.152815 475.003 297.858 474.851 517.664
63900000 -8.64712 480.579 301.354 471.932 517.164
64000000 3.80905 477.948 299.704 481.757 516.567
64100000 -21.8374 474.918 297.804 453.081 514.833
64200000 -30.2568 478.827 300.255 448.57 515.237
64300000 -16.1659 482.421 302.509 466.255 515.197
64400000 -14.6834 488.764 306.486 474.08 513.774
64500000 -19.4643 480.023 301.005 460.558 513.818
64600000 -1.41263 474.897 297.791 473.484 514.322
64700000 -34.7222 483.464 303.163 448.742 513.24
64800000 -31.2555 475.713 298.302 444.457 514.354
64900000 -25.167 483.035 302.894 457.868 515.025
65000000 -23.1477 483.593 303.244 460.445 514.575
65100000 -16.2202 479.949 300.959 463.728 513.742
65200000 -28.131 472.727 296.43 444.596 513.637
65300000 -29.3517 464.634 291.355 435.282 512.41
65400000 -47.5295 478.259 299.899 430.729 512.831
65500000 -10.4566 482.984 302.862 472.527 512.377
65600000 -2.47817 487.452 305.663 484.974 512.419
65700000 -16.3531 475.231 298 458.878 511.444
65800000 -31.8282 478.055 299.771 446.227 511.26
65900000 -50.753 467.71 293.284 416.957 511.272
66000000 -87.4724 472.873 296.522 385.401 511.676
66100000 -82.8838 476.696 298.919 393.813 512.021
66200000 -105.132 481.757 302.092 376.624 510.208
66300000 -104.93 486.801 305.255 381.87 509.047
66400000 -90.2587 489.428 306.902 399.169 509.02
66500000 -67.9392 478.564 300.09 410.625 509.521
66600000 -74.8272 477.268 299.277 402.44 509.589
66700000 -77.4568 471.794 295.845 394.337 507.822
66800000 -72.1528 477.829 299.629 405.676 507.624
66900000 -72.5566 477.78 299.599 405.223 506.763
67000000 -64.1825 483.613 303.256 419.43 506.369
67100000 -57.849 475.097 297.916 417.248 507.788
67200000 -72.6218 481.514 301.94 408.892 510.517
67300000 -65.1114 473.52 296.927 408.408 511.175
67400000 -75.1895 479.356 300.587 404.167 511.029
67500000 -87.5912 480.734 301.451 393.142 511.773
67600000 -72.3299 477.612 299.493 405.282 512.698
67700000 -62.1127 472.164 296.077 410.051 512.078
67800000 -64.2752 477.266 299.276 412.99 512.814
67900000 -65.2804 476.342 298.697 411.062 513.761
68000000 -79.7206 476.922 299.061 397.201 511.715
68100000 -91.9659 476.718 298.932 384.752 512.439
68200000 -90.1754 485.044 304.153 394.868 513.457
68300000 -95.6547 473.427 296.869 377.772 514.805
68400000 -72.5243 476.903 299.049 404.379 513.584
68500000 -85.6692 482.355 302.467 396.686 512.474
68600000 -103.194 470.439 294.995 367.245 512.119
68700000 -101.124 478.539 300.074 377.414 512.865
68800000 -101.232 475.514 298.178 374.282 514.218
68900000 -111.747 479.24 300.514 367.493 514.961
69000000 -101.047 463.788 290.824 362.741 516.541
69100000 -117.107 487.236 305.528 370.129 516.399
69200000 -104.889 478.161 299.838 373.272 517.098
69300000 -112.75 476.237 298.631 363.487 517.974
69400000 -122.311 478.991 300.358 356.68 518.257
69500000 -108.328 477.114 299.181 368.786 518.09
69600000 -114.928 479.94 300.953 365.012 516.03
69700000 -124.174 482.095 302.304 357.921 515.768
69800000 -119.639 468.885 294.021 349.247 518.304
69900000 -119.185 474.279 297.403 355.095 519.258
70000000 -123.409 469.526 294.423 346.117 519.679
70100000 -76.3475 477.866 299.652 401.518 519.977
70200000 -95.5323 486.006 304.757 390.474 522.615
70300000 -117.906 486.534 305.088 368.628 523.046
70400000 -121.054 479.697 300.801 358.643 523.339
70500000 -124.292 476.2 298.608 351.908 524.145
70600000 -101.683 474.998 297.854 373.316 524.665
70700000 -102.342 467.701 293.278 365.359 524.134
70800000 -95.1044 478.274 299.908 383.169 525.499
70900000 -94.2373 481.011 301.625 386.774 527.96
71000000 -98.6259 485.254 304.285 386.628 527.264
71100000 -89.8045 474.096 297.289 384.292 526.031
71200000 -99.1054 486.168 304.858 387.063 526.497
71300000 -86.852 484.74 303.963 397.888 525.465
71400000 -121.793 475.421 298.119 353.628 526.938
71500000 -102.467 478.638 300.137 376.171 528.663
71600000 -88.2548 484.132 303.582 395.877 529.317
71700000 -107.759 475.793 298.353 368.034 529.964
71800000 -114.177 467.752 293.31 353.575 531.299
71900000 -84.809 475.982 298.471 391.173 531.783
72000000 -99.4483 476.189 298.601 376.74 531.555
72100000 -84.4014 482.986 302.863 398.585 532.992
72200000 -77.3413 473.743 297.067 396.401 534.272
72300000 -104.338 480.145 301.082 375.807 535.446
72400000 -103.994 465.367 291.815 361.372 535.286
72500000 -102.586 460.213 288.583 357.627 537.154
72600000 -92.9942 478.413 299.996 385.419 537.452
72700000 -102.167 476.348 298.701 374.181 537.2
72800000 -89.779 481.531 301.951 391.752 536.069
72900000 -90.2317 479.421 300.628 389.189 536.676
73000000 -93.7544 478.884 300.291 385.13 535.743
73100000 -104.962 487.517 305.705 382.555 536.492
73200000 -105.815 476.15 298.577 370.335 536.369
73300000 -104.983 474.719 297.679 369.735 537.842
73400000 -103.89 476.146 298.574 372.255 539.297
73500000 -100.816 477.324 299.313 376.508 541.009
73600000 -98.0854 472.317 296.173 374.232 541.864
73700000 -87.0382 480.348 301.209 393.31 542.354
73800000 -80.5517 480.19 301.11 399.638 542.641
73900000 -81.2689 471.703 295.788 390.434 543.296
74000000 -97.8007 479.252 300.522 381.451 544.221
74100000 -82.4079 476.96 299.084 394.552 541.67
74200000 -68.9436 477.763 299.588 408.82 539.754
74300000 -71.3198 489.357 306.858 418.038 539.006
74400000 -55.5143 474.91 297.799 419.396 539.485
74500000 -61.922 477.083 299.162 415.161 541.355
74600000 -56.7234 479.496 300.675 422.773 541.376
74700000 -65.4785 482.557 302.594 417.079 542.956
74800000 -67.1762 489.773 307.119 422.596 542.895
74900000 -81.1521 479.553 300.711 398.401 541.617
75000000 -51.7476 481.715 302.066 429.967 539.445
75100000 -90.91 475.515 298.178 384.605 539.789
75200000 -81.4679 482.254 302.404 400.786 540.714
75300000 -75.7886 478.908 300.306 403.12 542.21
75400000 -82.1085 487.142 305.469 405.033 541.283
75500000 -54.7779 477.031 299.129 422.253 539.912
75600000 -24.6888 486.33 304.96 461.642 540.137
75700000 -43.0695 478.015 299.746 434.946 539.965
75800000 -25.8894 487.828 305.899 461.938 539.866
75900000 -8.31327 482.843 302.774 474.53 538.665
76000000 -11.3801 476.245 298.636 464.864 539.133
76100000 -27.795 477.554 299.457 449.759 539.891
76200000 -22.2221 474.128 297.308 451.906 540.129
76300000 -39.7529 476.794 298.98 437.041 540.959
76400000 -12.9464 482.107 302.312 469.161 541.313
76500000 -22.3846 479.574 300.723 457.189 541.455
76600000 -31.1883 484.38 303.737 453.192 541.797
76700000 -43.9485 476.798 298.983 432.85 543.24
76800000 -26.0423 480.444 301.269 454.402 543.319
76900000 -5.02455 475.956 298.455 470.931 541.387
77000000 -12.2946 470.777 295.207 458.482 540.935
77100000 13.8184 476.149 298.576 489.967 540.458
77200000 20.4357 477.798 299.61 498.234 540.802
77300000 5.1331 479.573 300.723 484.706 542.283
77400000 -14.3542 475.532 298.189 461.177 543.793
77500000 -0.00844269 478.748 300.206 478.74 544.988
77600000 -13.8234 486.833 305.275 473.009 547.002
77700000 -11.8546 479.853 300.899 467.999 547.45
77800000 3.1527 477.854 299.645 481.007 545.948
77900000 -6.81371 479.845 300.894 473.032 545.269
78000000 -6.32695 483.12 302.947 476.793 543.827
78100000 -5.56399 471.233 295.494 465.669 545.682
78200000 -1.2961 483.791 303.368 482.495 546.546
78300000 -16.6873 480.858 301.529 464.171 546.681
78400000 -8.1753 478.05 299.768 469.874 545.884
78500000 20.8432 474.559 297.579 495.402 544.067
78600000 20.135 482.24 302.395 502.375 543.909
78700000 20.5692 477.734 299.57 498.303 544.092
78800000 5.73525 476.203 298.61 481.938 544.983
78900000 -24.9472 481.327 301.823 456.38 545.418
79000000 -15.7491 478.394 299.984 462.645 545.071
79100000 -8.6897 468.971 294.075 460.281 544.755
79200000 -26.6213 469.189 294.212 442.568 544.196
79300000 -28.9618 468.527 293.797 439.565 542.836
79400000 -21.0496 486.613 305.138 465.563 542.485
79500000 -18.5816 472.478 296.274 453.896 543.308
79600000 -17.2688 484.745 303.966 467.476 543.414
79700000 -10.6496 478.158 299.836 467.509 545.33
79800000 -25.1164 484.696 303.935 459.579 544.929
79900000 -9.07774 483.682 303.3 474.604 543.795
80000000 -18.3411 486.252 304.911 467.911 544.685
80100000 -19.9906 475.711 298.301 455.721 545.961
80200000 -13.6864 469.258 294.255 455.572 546.062
80300000 -21.5916 480.54 301.329 458.948 545.27
80400000 -12.0774 494.065 309.81 481.988 544.86
80500000 -15.8035 484.184 303.614 468.38 544.245
80600000 -32.1774 480.912 301.562 448.734 544.416
80700000 -23.0006 474.168 297.334 451.168 544.465
80800000 -9.84935 474.333 297.437 464.483 548.189
80900000 -22.2912 475.826 298.373 453.535 550.391
81000000 -22.9282 483.78 303.361 460.852 550.866
81100000 -17.6473 483.514 303.194 465.867 551.784
81200000 -11.4299 476.726 298.938 465.296 552.494
81300000 -9.61405 483.381 303.111 473.767 552.921
81400000 3.08904 478.799 300.238 481.888 551.479
81500000 6.42953 484.99 304.12 491.42 554.234
81600000 21.6668 481.379 301.855 503.046 555.608
81700000 10.0935 468.584 293.832 478.677 554.44
81800000 11.7999 482.903 302.811 494.703 553.933
81900000 14.376 478.541 300.076 492.917 554.05
82000000 21.1389 476.919 299.059 498.058 554.061
82100000 22.5151 478.087 299.791 500.602 553.221
82200000 21.2045 475.833 298.378 497.038 552.144
82300000 4.74378 483.833 303.394 488.576 552.8
82400000 8.21359 479.272 300.534 487.485 553.682
82500000 -9.46167 482.618 302.633 473.157 553.698
82600000 -6.79494 473.812 297.111 467.017 552.869
82700000 5.04097 480.039 301.015 485.08 551.377
82800000 4.41648 480.264 301.156 484.68 552.525
82900000 1.25943 486.195 304.875 487.454 553.052
83000000 -2.28434 479.718 300.814 477.433 552.861
83100000 -5.301 471.449 295.628 466.148 554.097
83200000 3.68171 484.438 303.774 488.12 555.123
83300000 -4.96495 484.909 304.069 479.944 556.017
83400000 -3.08566 480.306 301.183 477.22 554.996
83500000 -4.11503 478.612 300.12 474.497 555.644
83600000 -1.1033 480.463 301.281 479.36 555.713
83700000 1.23356 477.031 299.129 478.265 556.869
83800000 -5.7793 480.081 301.041 474.301 556.831
83900000 -2.19394 472.158 296.074 469.964 557.09
84000000 8.85366 486.334 304.963 495.188 558.302
84100000 -0.313666 476.028 298.5 475.714 557.738
84200000 13.9844 473.828 297.12 487.812 560.007
84300000 11.2188 480.583 301.356 491.802 560.914
84400000 19.5905 483.424 303.138 503.014 562.096
84500000 15.6654 482.864 302.787 498.529 562.844
84600000 6.03869 476.181 298.596 482.219 562.637
84700000 -7.03066 464.147 291.05 457.116 562.34
84800000 -19.3244 479.242 300.515 459.917 561.168
84900000 -2.20025 480.871 301.537 478.671 561.716
85000000 5.03805 482.104 302.31 487.142 559.479
85100000 5.76362 479.057 300.4 484.821 559.131
85200000 -9.51893 477.316 299.307 467.797 559.831
85300000 8.6405 481.178 301.73 489.819 561.767
85400000 13.8952 474.156 297.326 488.052 561.671
85500000 18.7498 473.852 297.135 492.601 563.097
85600000 7.50438 480.928 301.573 488.433 565.86
85700000 24.2707 479.893 300.924 504.164 566.511
85800000 27.4106 476.238 298.631 503.648 567.919
85900000 12.8004 482.663 302.66 495.463 568.657
86000000 12.2528 480.455 301.276 492.707 571.535
86100000 11.0269 475.306 298.047 486.333 573.187
86200000 20.7945 471.203 295.474 491.997 572.518
86300000 29.3844 478.553 300.083 507.937 572.812
86400000 12.5577 480.054 301.025 492.612 574.133
86500000 21.6202 476.964 299.087 498.584 575.911
86600000 14.3138 480.552 301.337 494.865 576.673
86700000 11.1227 477.257 299.271 488.38 577.522
86800000 5.70544 475.635 298.254 481.341 577.194
86900000 -0.719421 478.255 299.896 477.535 577.705
87000000 -5.25086 484.556 303.848 479.305 578.232
87100000 1.92821 479.519 300.689 481.447 578.91
87200000 8.04948 475.791 298.352 483.841 581.196
87300000 -4.48978 477.513 299.431 473.023 581.719
87400000 -5.33102 477.935 299.696 472.604 584.228
87500000 6.8926 476.183 298.598 483.076 585.779
87600000 24.8353 480.093 301.049 504.928 586.499
87700000 29.4859 478.05 299.768 507.536 587.862
87800000 42.3536 472.201 296.1 514.554 586.167
87900000 4.45612 487.137 305.466 491.593 584.789
88000000 8.37253 480.274 301.162 488.646 584.439
88100000 10.8286 473.322 296.803 484.151 583.91
88200000 -21.3589 486.608 305.135 465.249 584.898
88300000 -3.20275 478.061 299.775 474.858 584.725
88400000 -6.03993 478.334 299.946 472.294 583.894
88500000 -12.4547 476.822 298.998 464.368 584.034
88600000 -27.2264 475.573 298.215 448.347 584.365
88700000 -29.0898 486.84 305.28 457.75 583.947
88800000 -22.0176 470.824 295.237 448.807 583.673
88900000 -16.9498 470.083 294.772 453.133 584.227
89000000 -6.90169 474.431 297.498 467.529 587.308
89100000 9.53731 478.478 300.037 488.016 587.339
89200000 3.02472 478.19 299.856 481.215 586.049
89300000 -28.2218 478.905 300.304 450.683 588.741
89400000 -21.2306 473.037 296.624 451.806 591.264
89500000 -37.1148 480.621 301.38 443.507 590.362
89600000 4.80508 469.943 294.684 474.748 592.816
89700000 -5.13877 484.948 304.093 479.809 593.556
89800000 -0.809099 480.049 301.022 479.24 591.912
89900000 10.2149 487.296 305.566 497.511 590.278
90000000 16.7561 479.684 300.792 496.44 588.822
90100000 1.48679 481.657 302.03 483.144 587.089
90200000 3.77563 482.413 302.504 486.188 585.5
90300000 -7.27624 483.204 303 475.927 585.991
90400000 -25.8928 478.686 300.167 452.793 587.812
90500000 -22.378 475.732 298.314 453.354 587.608
90600000 -22.4237 475.617 298.242 453.193 586.9
90700000 2.68643 471.925 295.927 474.612 585.727
90800000 21.7988 477.126 299.188 498.924 584.439
90900000 10.6854 482.199 302.37 492.884 584.094
91000000 -12.3398 460.302 288.639 447.962 583.762
91100000 11.0774 477.054 299.144 488.132 583.037
91200000 13.08 470.303 294.91 483.383 580.861
91300000 19.6019 486.086 304.807 505.688 581.259
91400000 25.0068 481.493 301.927 506.5 581.165
91500000 20.8931 479.476 300.662 500.369 581.557
91600000 16.0793 479.197 300.487 495.277 581.886
91700000 -0.331648 480.182 301.105 479.85 582.003
91800000 8.75931 488.448 306.288 497.208 584.816
91900000 5.21314 471.653 295.757 476.866 585.496
92000000 -0.190041 483.028 302.889 482.838 585.187
92100000 7.02201 471.547 295.69 478.569 583.883
92200000 -12.2253 478.878 300.287 466.653 583.695
92300000 -18.3837 468.07 293.51 449.686 583.323
92400000 -13.5374 477.461 299.399 463.924 585.27
92500000 -12.241 477.427 299.377 465.186 585.707
92600000 -10.6579 478.261 299.9 467.603 585.951
92700000 -4.302 475.553 298.202 471.251 585.633
92800000 -2.09443 480.348 301.209 478.254 586.664
92900000 -23.637 475.868 298.4 452.231 586.27
93000000 2.39634 489.345 306.851 491.742 586.54
93100000 -22.8939 484.178 303.611 461.284 587.825
93200000 -22.7306 484.257 303.66 461.527 588.69
93300000 -39.8132 479.541 300.703 439.728 588.9
93400000 -44.5346 481.697 302.055 437.162 590.125
93500000 -33.6299 473.611 296.985 439.981 590.768
93600000 -34.0272 475.853 298.39 441.826 591.18
93700000 -29.9981 484.776 303.986 454.778 590.772
93800000 -35.8824 490.719 307.712 454.837 592.153
93900000 -31.713 471.796 295.846 440.083 593.299
94000000 -50.1793 481.266 301.785 431.087 592.903
94100000 -25.1837 487.947 305.974 462.763 592.242
94200000 -21.7461 476.94 299.072 455.194 591.651
94300000 -44.5862 483.632 303.268 439.046 592.716
94400000 -38.7192 479.923 300.943 441.204 591.253
94500000 -46.7048 473.832 297.123 427.127 589.756
94600000 -49.1982 485.595 304.499 436.397 589.201
94700000 -21.1825 478.324 299.94 457.142 588.774
94800000 -34.8036 478.233 299.883 443.429 588.668
94900000 -47.0397 466.117 292.285 419.077 588.978
95000000 -19.9537 476.894 299.043 456.94 589.858
95100000 -38.4792 476.068 298.525 437.589 592.998
95200000 -31.7855 473.277 296.775 441.492 594.979
95300000 -41.9738 469.73 294.551 427.757 596.122
95400000 -25.6472 481.413 301.877 455.766 596.321
95500000 -26.2379 474.495 297.539 448.257 596.339
95600000 -2.13338 478.132 299.82 475.999 597.313
95700000 -5.46637 478.987 300.355 473.52 597.91
95800000 -35.4705 473.746 297.069 438.276 598.331
95900000 -13.6185 478.251 299.894 464.633 600.026
96000000 -17.5688 478.183 299.852 460.614 601.196
96100000 -24.8551 473.604 296.98 448.749 599.999
96200000 -19.2453 476.781 298.972 457.535 599.586
96300000 -44.1409 481.255 301.778 437.114 601.133
96400000 -23.2096 472.671 296.395 449.461 602.48
96500000 -39.616 484.727 303.955 445.111 603.598
96600000 -40.4091 483.454 303.157 443.045 605.842
96700000 -36.5076 485.317 304.325 448.809 608.848
96800000 -29.322 488.192 306.128 458.87 612.354
96900000 -34.0437 478.795 300.235 444.751 613.149
97000000 -59.6563 479.114 300.435 419.458 613.608
97100000 -49.3573 482.187 302.362 432.83 612.949
97200000 -49.986 479.874 300.911 429.888 612.64
97300000 -36.6847 467.264 293.004 430.579 611.882
97400000 -23.037 481.744 302.085 458.707 612.697
97500000 -12.004 474.986 297.846 462.982 614.942
97600000 -35.1631 480.7 301.43 445.537 617.796
97700000 -50.3313 482.118 302.319 431.787 618.258
97800000 -52.8957 475.867 298.399 422.971 620.162
97900000 -30.7583 479.317 300.563 448.559 619.399
98000000 -41.5074 475.55 298.2 434.042 620.763
98100000 -34.064 475.096 297.916 441.032 620.23
98200000 -23.5665 473.114 296.673 449.548 618.31
98300000 -28.2135 481.439 301.893 453.225 617.447
98400000 -34.0453 476.893 299.042 442.847 617.388
98500000 -23.1792 474.869 297.773 451.69 618.842
98600000 -19.3002 475.51 298.175 456.21 619.176
98700000 -18.877 485.383 304.366 466.506 619.939
98800000 -13.6729 479.119 300.438 465.446 617.548
98900000 -29.9988 475.824 298.372 445.825 615.278
99000000 -26.5414 473.551 296.947 447.009 615.985
99100000 -26.1012 484.997 304.124 458.896 616.984
99200000 -20.6151 494.842 310.298 474.227 617.567
99300000 -12.8496 472.271 296.144 459.421 617.314
99400000 -23.1147 479.106 300.43 455.991 618.237
99500000 -31.4727 478.091 299.793 446.618 620.041
99600000 -21.2584 479.174 300.473 457.916 621.174
99700000 -22.5995 478.026 299.753 455.426 621.236
99800000 -6.99352 477.483 299.412 470.49 621.464
99900000 -33.3979 472.197 296.097 438.799 619.954
100000000 -20.6997 482.241 302.396 461.542 620.668
100100000 -26.5162 481.865 302.161 455.349 623.119
100200000 -22.6593 473.342 296.816 450.683 625.117
100300000 -18.5268 482.024 302.26 463.497 626.509
100400000 -13.4124 477.488 299.415 464.075 630.03
100500000 -30.314 470.35 294.94 440.036 630.237
100600000 -20.2439 482.422 302.509 462.178 631.729
100700000 -24.8191 479.021 300.377 454.202 632.62
100800000 -30.6869 477.165 299.213 446.478 633.401
100900000 -38.3838 479.775 300.85 441.391 634.485
101000000 -32.0873 473.086 296.655 440.999 635.454
101100000 -50.2597 479.793 300.861 429.534 632.92
101200000 -71.19 478.888 300.294 407.698 630.251
101300000 -56.6812 474.931 297.812 418.25 629.816
101400000 -51.4492 483.948 303.466 432.498 632.454
101500000 -69.7061 474.953 297.826 405.247 633.644
101600000 -55.5646 487.2 305.506 431.636 633.927
101700000 -36.2288 482.834 302.768 446.605 635.073
101800000 -26.1609 481.595 301.991 455.434 635.635
101900000 -47.7122 478.221 299.876 430.509 636.36
102000000 -57.3065 485.704 304.567 428.397 636.383
102100000 -64.9344 479.025 300.38 414.091 636.347
102200000 -63.8395 477.209 299.24 413.369 635.349
102300000 -70.2268 472.095 296.034 401.868 635.647
102400000 -61.1283 476.207 298.613 415.079 634.496
102500000 -55.7428 472.353 296.196 416.61 632.783
102600000 -75.3941 475.613 298.24 400.219 633.007
102700000 -56.226 484.456 303.785 428.23 635.081
102800000 -66.4678 477.65 299.517 411.182 637.543
102900000 -42.476 475.82 298.37 433.344 639.414
103000000 -56.1728 479.296 300.549 423.123 642.037
103100000 -48.1819 476.967 299.089 428.785 642.959
103200000 -49.8854 479.331 300.571 429.446 642.029
103300000 -38.1814 482.969 302.852 444.787 642.516
103400000 -53.2127 469.197 294.217 415.984 640.682
103500000 -31.3204 474.643 297.632 443.323 638.715
103600000 -17.8456 475.754 298.328 457.908 640.667
103700000 -30.8123 469.054 294.127 438.242 642.33
103800000 -13.3004 464.994 291.581 451.694 644.792
103900000 6.55604 484.359 303.724 490.915 646.605
104000000 -19.2361 471.639 295.748 452.403 646.137
104100000 -6.13243 469.857 294.631 463.725 646.876
104200000 -15.1694 481.437 301.892 466.268 646.715
104300000 -21.6563 471.577 295.709 449.92 646.546
104400000 -17.8343 478.62 300.125 460.786 645.362
104500000 -6.48058 474.072 297.274 467.591 644.941
104600000 8.76347 483.915 303.446 492.678 645.019
104700000 25.5788 475.707 298.299 501.286 645.655
104800000 10.2706 484.093 303.558 494.364 647.866
104900000 -4.28153 478.892 300.296 474.611 650.18
105000000 3.53083 483.823 303.388 487.354 649.675
