# Time-averaged data for fix favg
# TimeStep v_vpe v_vke v_vT v_vE v_vRg
5100000 187.707 498.083 295.746 685.79 158.365
5200000 200.966 506.81 300.928 707.776 157.894
5300000 184.217 501.418 297.726 685.635 160.231
5400000 200.622 500.733 297.319 701.355 161.085
5500000 210.887 504.631 299.634 715.518 160.871
5600000 190.212 505.25 300.002 695.462 164.136
5700000 176.174 507.645 301.424 683.82 164.921
5800000 191.714 505.471 300.133 697.185 164.2
5900000 172.566 514.846 305.7 687.413 166.333
6000000 177.402 503.014 298.674 680.417 168.154
6100000 166.086 508.336 301.834 674.423 168.45
6200000 170.566 513.591 304.954 684.158 168.323
6300000 186.055 508.18 301.741 694.235 168.261
6400000 192.719 508.737 302.072 701.456 166.328
6500000 185.064 511.559 303.748 696.623 166.544
6600000 174.227 500.185 296.994 674.412 169.193
6700000 175.121 495.157 294.009 670.278 172.636
6800000 174.278 504.334 299.458 678.612 174.612
6900000 181.818 498.667 296.093 680.485 176.104
7000000 186.285 506.844 300.948 693.129 176.166
7100000 190.395 507.609 301.402 698.004 174.018
7200000 168.972 513.654 304.992 682.627 175.524
7300000 166.288 512.059 304.045 678.347 179.171
7400000 171.22 512.233 304.148 683.452 181.688
7500000 179.58 501.582 297.824 681.162 183.833
7600000 171.068 504.04 299.283 675.108 183.319
7700000 172.528 508.428 301.888 680.955 184.593
7800000 178.41 504.324 299.452 682.734 184.84
7900000 167.117 508.237 301.775 675.354 184.456
8000000 167.129 502.156 298.165 669.285 183.579
8100000 181.866 511.014 303.424 692.879 184.47
8200000 185.082 513.027 304.619 698.109 183.65
8300000 174.734 506.058 300.481 680.792 184.249
8400000 178.215 507.747 301.484 685.962 184.507
8500000 177.01 495.033 293.935 672.043 183.578
8600000 170.214 512.774 304.469 682.988 185.316
8700000 186.632 506.634 300.823 693.266 184.763
8800000 200.13 513.051 304.634 713.182 185.449
8900000 203.175 507.514 301.346 710.689 186.045
9000000 203.138 497.589 295.453 700.727 186.882
9100000 193.365 507.323 301.232 700.688 188.566
9200000 173.659 504.018 299.27 677.677 191.446
9300000 195.851 514.203 305.318 710.054 195.241
9400000 187.385 502.471 298.352 689.856 197.709
9500000 190.398 500.731 297.318 691.128 198.913
9600000 189.035 506.889 300.975 695.924 200.663
9700000 199.334 500.062 296.921 699.396 200.453
9800000 204.954 507.267 301.199 712.221 200.68
9900000 195.124 510.4 303.059 705.523 201.623
10000000 189.003 504.89 299.788 693.893 203.278
10100000 186.428 497.618 295.47 684.046 206.19
10200000 180.889 509.336 302.428 690.225 208.298
10300000 174.651 507.359 301.254 682.01 208.841
10400000 181.924 502.115 298.14 684.04 207.6
10500000 176.172 499.926 296.841 676.098 208.873
10600000 169.108 503.423 298.917 672.532 209.946
10700000 164.593 506.833 300.942 671.427 209.911
10800000 169.668 500.512 297.189 670.18 209.595
10900000 164.801 503.848 299.169 668.649 211.276
11000000 193.894 504.298 299.436 698.191 212.028
11100000 189.074 512.882 304.533 701.956 212.037
11200000 197.493 512.023 304.023 709.517 212.29
11300000 200.801 512.694 304.422 713.495 213.78
11400000 198.178 496.554 294.838 694.732 216.374
11500000 176.991 505.006 299.857 681.997 216.51
11600000 158.933 507.776 301.501 666.709 218.57
11700000 171.13 504.283 299.428 675.413 221.874
11800000 177.438 510.385 303.05 687.822 225.647
11900000 197.761 501.934 298.032 699.695 226.805
12000000 187.431 506.064 300.485 693.495 227.965
12100000 190.491 503.56 298.998 694.05 228.934
12200000 208.158 517.037 307 725.194 230.306
12300000 203.26 512.442 304.272 715.702 231.504
12400000 199.368 494.381 293.548 693.749 233.482
12500000 190.203 506.219 300.577 696.422 234.162
12600000 181.857 511.888 303.943 693.745 233.928
12700000 174.4 497.939 295.661 672.339 234.12
12800000 194.885 506.394 300.681 701.279 237.588
12900000 199.334 499.345 296.495 698.679 240.584
13000000 177.74 500.395 297.119 678.135 242.217
13100000 172.614 508.545 301.958 681.159 244.015
13200000 208.537 510.485 303.11 719.022 245.87
13300000 213.866 505.469 300.132 719.335 246.009
13400000 200.44 502.504 298.371 702.944 247.358
13500000 211.31 507.567 301.378 718.877 250.273
13600000 204.8 512.696 304.423 717.496 250.771
13700000 215.155 498.821 296.184 713.976 251.012
13800000 194.226 501.258 297.631 695.484 250.375
13900000 184.725 504.236 299.4 688.961 251.659
14000000 168.042 508.424 301.886 676.466 253.842
14100000 183.073 499.421 296.54 682.494 254.27
14200000 185.798 496.216 294.637 682.013 253.928
14300000 179.593 508.568 301.972 688.161 253.369
14400000 197.521 510.243 302.966 707.764 252.077
14500000 190.832 495.206 294.038 686.038 254.436
14600000 195.981 506.039 300.47 702.02 254.735
14700000 191.088 500.979 297.466 692.067 254.671
14800000 200.347 509.148 302.316 709.495 257.835
14900000 171.952 506.878 300.968 678.831 262.793
15000000 181.789 503.329 298.861 685.118 263.659
15100000 188.633 508.943 302.194 697.575 263.539
15200000 206.123 496.674 294.91 702.797 263.866
15300000 205.786 508.41 301.878 714.196 264.461
15400000 205.362 499.694 296.703 705.056 262.044
15500000 224.465 504.379 299.484 728.844 263.381
15600000 210.825 504.74 299.699 715.566 263.16
15700000 191.861 499.826 296.781 691.687 264.709
15800000 203.765 499.172 296.393 702.937 265.014
15900000 195.218 504.672 299.658 699.89 266.403
16000000 197.025 509.118 302.298 706.143 268.598
16100000 185.917 495.266 294.073 681.183 269.89
16200000 194.847 506.091 300.501 700.938 271.588
16300000 186.123 499.68 296.694 685.804 273.222
16400000 194.2 499.195 296.406 693.396 274.102
16500000 179.761 506.366 300.664 686.127 274.498
16600000 179.599 505.16 299.948 684.759 273.922
16700000 186.209 508.638 302.013 694.846 276.828
16800000 182.633 499.332 296.488 681.964 278.555
16900000 186.52 504.262 299.415 690.782 279.931
17000000 180.358 508.593 301.987 688.951 280.74
17100000 201.788 503.804 299.143 705.593 280.119
17200000 205.2 513.584 304.95 718.784 282.642
17300000 204.24 513.831 305.097 718.071 285.37
17400000 194.65 509.729 302.661 704.379 285.84
17500000 206.313 512.836 304.506 719.15 286.376
17600000 218.004 498.889 296.225 716.893 289.187
17700000 203.713 498.559 296.029 702.272 290.61
17800000 168.514 492.344 292.339 660.858 289.769
17900000 170.764 504.886 299.785 675.65 288.179
18000000 181.563 499.726 296.722 681.289 290.448
18100000 198.055 511.55 303.742 709.604 292.534
18200000 187.005 505.418 300.101 692.423 293.214
18300000 198.198 507.274 301.203 705.472 295.49
18400000 196.971 515.985 306.376 712.955 295.69
18500000 211.85 497.994 295.693 709.844 294.336
18600000 197.104 499.272 296.452 696.376 296.031
18700000 201.03 507.725 301.471 708.755 296.196
18800000 197.504 505.547 300.178 703.052 293.589
18900000 189.822 504.39 299.491 694.212 291.586
19000000 202.357 502.344 298.276 704.701 292.789
19100000 184.826 498.64 296.077 683.466 293.767
19200000 190.712 507.53 301.355 698.242 295.092
19300000 185.351 507.263 301.197 692.615 295.284
19400000 180.527 501.361 297.692 681.888 296.073
19500000 184.912 509.26 302.383 694.172 297.654
19600000 170.219 514.109 305.262 684.328 300.531
19700000 182.611 500.996 297.476 683.607 302.795
19800000 195.741 499.166 296.389 694.907 306.44
19900000 200.107 508.375 301.857 708.482 308.378
20000000 203.639 519.629 308.539 723.268 309.79
20100000 196.701 500.911 297.425 697.612 309.606
20200000 179.666 504.401 299.498 684.068 309.792
20300000 186.51 502.75 298.517 689.26 309.848
20400000 188.509 513.707 305.023 702.216 310.941
20500000 185.6 509.651 302.615 695.25 312.044
20600000 192.557 512.232 304.148 704.789 311.608
20700000 186.393 501.107 297.542 687.5 310.734
20800000 188.178 509.053 302.26 697.23 310.958
20900000 197.287 508.756 302.083 706.043 310.422
21000000 204.245 505.456 300.124 709.701 308.792
21100000 186.108 496.945 295.07 683.053 308.816
21200000 203.12 509.269 302.388 712.389 310.267
21300000 204.827 500.646 297.268 705.473 311.493
21400000 203.655 517.848 307.482 721.503 313.71
21500000 201.919 513.707 305.023 715.626 312.098
21600000 193.322 512.866 304.524 706.188 312.076
21700000 195.099 506.079 300.494 701.178 311.216
21800000 186.235 506.579 300.791 692.815 310.954
21900000 184.966 507.391 301.273 692.357 312.05
22000000 173.128 507.538 301.36 680.666 313.818
22100000 187.939 509.1 302.287 697.039 313.315
22200000 186.919 500.452 297.152 687.37 314.334
22300000 177.639 501.232 297.616 678.872 316.899
22400000 185.74 512.649 304.395 698.389 315.757
22500000 196.631 505.629 300.227 702.26 315.582
22600000 161.857 508.539 301.954 670.395 315.21
22700000 164.279 498.658 296.087 662.936 316.446
22800000 180.993 494.228 293.457 675.221 318.078
22900000 162.547 508.94 302.193 671.488 318.713
23000000 181.847 503.244 298.811 685.092 317.049
23100000 164.15 509.704 302.646 673.853 314.409
23200000 179.903 506.367 300.665 686.27 311.888
23300000 184.104 499.361 296.505 683.465 313.07
23400000 207.316 500.932 297.437 708.247 313.973
23500000 196.343 499.805 296.769 696.148 312.616
23600000 199.564 510.515 303.128 710.079 309.46
23700000 201.261 496.86 295.02 698.121 309.72
23800000 207.325 507.779 301.503 715.104 309.872
23900000 218.463 497.52 295.412 715.983 311.727
24000000 206.69 509.051 302.259 715.741 313.276
24100000 206.802 491.317 291.729 698.119 313.525
24200000 196.962 501.497 297.773 698.459 315.557
24300000 189.322 507.038 301.063 696.36 317.906
24400000 217.11 511.38 303.641 728.489 318.433
24500000 216.014 499.532 296.607 715.546 314.457
24600000 215.086 504.725 299.69 719.811 313.051
24700000 213.897 498.157 295.79 712.054 314.609
24800000 215.427 501.065 297.517 716.492 315.853
24900000 207.615 511.351 303.624 718.966 317.055
25000000 212.21 512.81 304.491 725.02 320.022
25100000 204.537 515.486 306.079 720.023 320.557
25200000 196.289 510.34 303.024 706.629 322.119
25300000 212.306 503.055 298.698 715.361 323.133
25400000 214.743 498.906 296.235 713.649 325.725
25500000 212.849 514.5 305.494 727.349 326.126
25600000 191.942 501.935 298.033 693.877 326.076
25700000 189.132 498.775 296.157 687.907 327.161
25800000 199.125 500.551 297.211 699.675 325.987
25900000 205.563 497.138 295.185 702.701 326.221
26000000 208.29 505.533 300.17 713.823 327.611
26100000 205.884 508.708 302.055 714.592 328.138
26200000 204.599 503.31 298.85 707.909 330.744
26300000 210.626 500.715 297.309 711.342 331.989
26400000 191.957 501.012 297.485 692.969 333.342
26500000 192.738 504.118 299.329 696.855 334.387
26600000 195.453 504.617 299.626 700.07 334.717
26700000 186.766 503.634 299.042 690.4 336.554
26800000 201.5 512.231 304.147 713.731 338.282
26900000 209.349 507.898 301.574 717.247 339.662
27000000 188.689 509.781 302.692 698.47 341.014
27100000 212.651 515.019 305.802 727.669 341.063
27200000 218.321 498.689 296.106 717.01 340.6
27300000 202.928 506.757 300.896 709.685 341.856
27400000 209.096 510.763 303.275 719.859 343.529
27500000 182.472 505.808 300.333 688.28 343.922
27600000 175.19 508.426 301.887 683.616 342.723
27700000 166.419 503.655 299.055 670.075 342.84
27800000 189.7 503.706 299.085 693.406 345.756
27900000 191.58 500.892 297.414 692.472 347.349
28000000 187.693 512.228 304.145 699.921 347.481
28100000 184.035 507.682 301.446 691.717 346.593
28200000 199.907 514.935 305.752 714.841 345.117
28300000 191.3 505.159 299.948 696.459 342.727
28400000 195.2 505.162 299.949 700.362 342.739
28500000 182.51 503.629 299.039 686.139 343.854
28600000 170.818 508.635 302.011 679.453 344.334
28700000 191.825 499.414 296.537 691.24 342.947
28800000 176.657 506.026 300.463 682.683 344.918
28900000 187.07 500.922 297.432 687.992 346.426
29000000 195.898 505.196 299.969 701.094 347.022
29100000 192.759 509.548 302.554 702.307 347.948
29200000 182.459 504.191 299.373 686.65 348.313
29300000 171.835 505.021 299.866 676.856 349.94
29400000 177.22 514.633 305.573 691.853 347.445
29500000 180.111 507.953 301.607 688.064 348.229
29600000 182.5 497.98 295.685 680.481 348.479
29700000 193.26 510.825 303.312 704.084 351.374
29800000 167.652 498.708 296.117 666.36 352.256
29900000 208.756 502.532 298.388 711.288 352.706
30000000 202.288 506.398 300.683 708.687 353.262
30100000 206.38 504.841 299.759 711.22 354.926
30200000 205.636 500.776 297.345 706.411 356.542
30300000 195.235 505.133 299.932 700.368 357.345
30400000 184.441 495.649 294.301 680.09 357.78
30500000 192.942 502.263 298.228 695.205 358.299
30600000 210.688 507.874 301.559 718.562 358.905
30700000 193.216 509.216 302.357 702.433 359.43
30800000 197.695 500.414 297.13 698.109 360.427
30900000 202.429 493.586 293.076 696.016 361.899
31000000 202.195 508.003 301.636 710.198 365.676
31100000 200.367 508.259 301.788 708.626 365.538
31200000 208.854 508.236 301.775 717.09 364.704
31300000 215.233 499.458 296.563 714.691 366.716
31400000 206.567 498.167 295.796 704.734 366.592
31500000 207.184 511.2 303.534 718.384 367.072
31600000 214.89 500.295 297.06 715.185 367.185
31700000 205.691 503.795 299.138 709.486 367.909
31800000 221.038 510.436 303.081 731.474 368.331
31900000 200.803 503.12 298.737 703.923 368.832
32000000 202.158 509.556 302.558 711.714 370.693
32100000 212.486 510.924 303.37 723.41 371.342
32200000 213.301 498.935 296.252 712.236 371.365
32300000 208.166 510.154 302.914 718.32 370.611
32400000 207.807 519.26 308.32 727.067 370.403
32500000 205.723 504.383 299.487 710.106 371.76
32600000 190.748 509.803 302.705 700.551 373.201
32700000 208.509 509.224 302.361 717.733 373.909
32800000 188.269 505.294 300.027 693.562 372.093
32900000 197.719 504.773 299.718 702.491 371.661
33000000 187.527 513.73 305.037 701.257 374.339
33100000 165.412 503.325 298.858 668.736 378.983
33200000 153.761 513.19 304.716 666.951 381.533
33300000 163.93 517.906 307.516 681.836 382.305
33400000 167.18 507.514 301.346 674.693 383.41
33500000 161.89 496.153 294.6 658.044 384.884
33600000 173.361 500.223 297.017 673.584 386.385
33700000 190.284 507.95 301.605 698.234 388.411
33800000 184.334 504.49 299.55 688.824 389.065
33900000 187.684 507.606 301.401 695.29 389.088
34000000 174.379 512.149 304.098 686.528 387.377
34100000 183.607 508.45 301.902 692.057 386.777
34200000 177.908 498.143 295.781 676.05 385.35
34300000 171.875 506.124 300.52 677.998 383.908
34400000 183.541 499.591 296.641 683.132 384.156
34500000 189.635 501.733 297.913 691.368 383.096
34600000 181.023 502.26 298.226 683.282 384.587
34700000 181.243 506.688 300.856 687.931 384.569
34800000 160.121 500.903 297.42 661.024 385.554
34900000 170.565 514.676 305.598 685.241 386.998
35000000 154.033 507.949 301.604 661.981 388.357
35100000 171.139 513.145 304.69 684.284 388.423
35200000 187.869 510.896 303.354 698.765 388.313
35300000 168.078 507.998 301.633 676.076 390.864
35400000 186.489 508.351 301.843 694.84 391.08
35500000 169.681 504.922 299.807 674.602 391.586
35600000 177.829 508.215 301.762 686.044 393.255
35700000 192.607 505.699 300.268 698.305 392.856
35800000 195.712 507.543 301.363 703.255 392.176
35900000 193.378 506.829 300.939 700.207 391.796
36000000 191.128 508.672 302.034 699.8 393.127
36100000 201.275 505.074 299.897 706.349 394.373
36200000 184.82 504.273 299.422 689.094 395.886
36300000 179.499 510.273 302.984 689.772 393.841
36400000 195.348 508.248 301.782 703.596 396.468
36500000 183.181 509.394 302.462 692.574 394.088
36600000 187.412 504.848 299.763 692.26 391.536
36700000 208.642 507.264 301.197 715.906 391.071
36800000 210.453 503.4 298.903 713.852 391.225
36900000 210.921 505.964 300.426 716.885 393.225
37000000 201.978 500.961 297.455 702.939 394.356
37100000 190.992 499.082 296.339 690.074 394.327
37200000 195.24 497.993 295.692 693.232 393.33
37300000 195.303 512.444 304.273 707.748 392.741
37400000 192.691 515.014 305.799 707.705 391.816
37500000 201.773 505.484 300.141 707.258 390.89
37600000 197.82 501.566 297.814 699.386 391.624
37700000 190.841 503.82 299.153 694.662 392.788
37800000 192.755 496.837 295.007 689.592 392.722
37900000 182.37 502.698 298.486 685.068 389.807
38000000 161.027 507.983 301.624 669.01 388.973
38100000 176.675 502.391 298.304 679.066 388.406
38200000 184.676 503.464 298.941 688.14 390.126
38300000 206.307 500.498 297.18 706.805 390.424
38400000 202.807 497.889 295.631 700.696 393.321
38500000 198.852 510.717 303.247 709.569 394.807
38600000 191.649 508.807 302.114 700.456 394.636
38700000 209.736 512.25 304.158 721.985 396.21
38800000 212.51 510.859 303.332 723.37 396.061
38900000 196.491 502.706 298.491 699.197 396.35
39000000 202.014 501.302 297.657 703.315 395.735
39100000 213.11 506.911 300.988 720.021 395.13
39200000 207.101 504.761 299.711 711.862 394.141
39300000 187.725 504.402 299.498 692.127 392.501
39400000 198.404 500.012 296.891 698.416 391.385
39500000 188 497.713 295.527 685.713 393.449
39600000 203.615 498.495 295.991 702.11 393.924
39700000 199.627 514.111 305.263 713.738 394.585
39800000 189.493 503.679 299.069 693.172 394.851
39900000 199.323 490.596 291.3 689.919 393.745
40000000 213.972 501.173 297.581 715.144 393.713
40100000 203.651 516.049 306.413 719.7 392.267
40200000 199.416 509.256 302.38 708.672 393.604
40300000 201.342 509.591 302.579 710.933 393.309
40400000 180.952 504.453 299.528 685.405 393.086
40500000 182.251 504.712 299.682 686.963 394.186
40600000 201.483 505.702 300.27 707.185 393.266
40700000 195.691 516.469 306.663 712.161 395.191
40800000 212.776 501.363 297.694 714.139 394.819
40900000 210.718 517.971 307.555 728.689 398.245
41000000 195.598 504.203 299.38 699.802 397.789
41100000 206.387 497.369 295.322 703.757 399.587
41200000 214.71 512.975 304.588 727.685 401.059
41300000 205.312 506.547 300.772 711.859 399.438
41400000 190.597 504.288 299.43 694.885 401.281
41500000 198.759 494.903 293.858 693.662 403.652
41600000 204.492 514.613 305.561 719.104 405.1
41700000 204.935 513.077 304.649 718.012 405.583
41800000 191.657 504.845 299.761 696.502 406.144
41900000 187.271 501.615 297.843 688.885 405.292
42000000 208.951 502.146 298.159 711.098 404.801
42100000 189.814 502.185 298.181 691.999 408.131
42200000 191.331 515.365 306.008 706.696 410.101
42300000 188.748 502.66 298.464 691.407 412.065
42400000 193.213 518.243 307.716 711.456 411.464
42500000 203.602 503.104 298.727 706.706 411.211
42600000 203.346 497.635 295.48 700.982 412.19
42700000 190.908 514.826 305.687 705.734 413.801
42800000 177.029 514.85 305.702 691.879 414.734
42900000 172.811 508.761 302.087 681.572 413.477
43000000 175.455 504.339 299.461 679.794 412.96
43100000 174.92 509.675 302.629 684.595 411.878
43200000 175.933 507.769 301.498 683.702 410.636
43300000 189.368 508.449 301.901 697.817 409.225
43400000 190.412 510.308 303.005 700.72 409.669
43500000 187.849 503.101 298.726 690.95 410.084
43600000 182.494 509.954 302.795 692.449 408.055
43700000 175.077 507.525 301.352 682.602 402.941
43800000 161.162 505.033 299.873 666.194 400.974
43900000 162.62 502.506 298.372 665.126 400.119
44000000 168.629 501.555 297.807 670.184 399.933
44100000 169.367 511.509 303.718 680.876 400.602
44200000 166.672 511.911 303.956 678.583 400.509
44300000 196.306 507.394 301.274 703.699 400.053
44400000 166.161 499.328 296.485 665.489 400.298
44500000 185.151 496.955 295.076 682.106 400.585
44600000 187.752 500.699 297.299 688.451 402.791
44700000 190.158 505.35 300.061 695.508 406.028
44800000 197.199 500.242 297.028 697.442 407.26
44900000 190.001 510.25 302.97 700.251 407.887
45000000 184.079 502.241 298.215 686.32 407.438
45100000 186.455 511.433 303.673 697.888 406.286
45200000 179.872 502.356 298.283 682.228 406.655
45300000 185.755 504.242 299.403 689.997 406.349
45400000 187.678 502.168 298.171 689.845 407.077
45500000 193.95 507.292 301.214 701.242 407.573
45600000 177.939 504.712 299.682 682.651 409.221
45700000 171.895 498.056 295.73 669.951 409.57
45800000 186.693 503.133 298.745 689.826 410.57
45900000 191.912 504.215 299.387 696.127 412.334
46000000 193.559 499.611 296.653 693.17 414.411
46100000 213.356 505.143 299.938 718.499 415.348
46200000 201.352 509.471 302.508 710.823 416
46300000 201.534 504.407 299.501 705.941 416.308
46400000 197.256 509.146 302.315 706.402 416.203
46500000 200.398 514.314 305.383 714.711 416.423
46600000 213.452 507.597 301.395 721.049 415.732
46700000 200.608 515.437 306.05 716.045 415.675
46800000 204.366 503.466 298.943 707.833 415.028
46900000 198.471 504.247 299.406 702.718 416.227
47000000 211.446 504.664 299.654 716.11 416.131
47100000 205.051 499.765 296.745 704.816 416.213
47200000 200.75 501.238 297.619 701.988 415.702
47300000 198.612 508.307 301.817 706.919 415.316
47400000 179.637 513.559 304.935 693.196 414.014
47500000 194.226 511.061 303.452 705.287 413.968
47600000 198.644 513.273 304.765 711.917 414.114
47700000 200.31 501.852 297.984 702.162 414.968
47800000 188.93 508.578 301.978 697.508 413.322
47900000 188.855 503.41 298.909 692.266 412.769
48000000 210.84 510.606 303.182 721.446 413.759
48100000 204.664 508.247 301.781 712.911 416.552
48200000 199.198 505.596 300.207 704.795 415.45
48300000 196.628 505.341 300.056 701.969 416.496
48400000 207.052 499.581 296.635 706.633 418.649
48500000 205.957 502.702 298.489 708.659 419.59
48600000 194.1 503.194 298.781 697.294 419.316
48700000 197.728 502.01 298.078 699.738 416.969
48800000 211.564 503.553 298.994 715.117 417.109
48900000 187.264 503.003 298.667 690.266 419.79
49000000 189.864 500.288 297.056 690.152 420.059
49100000 194.077 509.258 302.381 703.335 420.778
49200000 197.042 505.557 300.184 702.599 420.108
49300000 203.447 514.552 305.525 717.999 419.369
49400000 220.421 508.618 302.001 729.039 420.053
49500000 202.881 495.25 294.064 698.131 421.302
49600000 203.745 510.521 303.131 714.266 420.952
49700000 212.571 501.067 297.518 713.638 422.52
49800000 203.262 496.674 294.909 699.936 425.149
49900000 197.052 504.507 299.561 701.56 428.445
50000000 189.752 508.3 301.812 698.052 427.028
50100000 177.245 505.58 300.198 682.825 428.925
50200000 190.104 520.06 308.795 710.164 430.492
50300000 186.127 507.08 301.088 693.207 430.27
50400000 194.288 510.323 303.014 704.612 430.679
50500000 200.653 503.939 299.223 704.592 431.486
50600000 188.79 503.92 299.212 692.71 433.907
50700000 180.199 503.867 299.18 684.066 434.051
50800000 194.976 501.541 297.8 696.517 433.558
50900000 185.844 505.203 299.973 691.046 434.991
51000000 200.595 498.037 295.719 698.632 433.778
51100000 211.138 505.119 299.924 716.256 434.847
51200000 216.639 500.769 297.341 717.408 434.754
51300000 189.994 503.134 298.745 693.129 436
51400000 178.528 498.967 296.271 677.496 436.026
51500000 188.134 512.37 304.229 700.503 436.001
51600000 194.031 501.308 297.661 695.339 436.141
51700000 188.15 506.941 301.006 695.091 436.866
51800000 188.383 497.849 295.607 686.231 438.261
51900000 200.977 517.014 306.987 717.991 436.83
52000000 195.76 517.139 307.061 712.899 436.109
52100000 205.244 504.033 299.279 709.277 436.561
52200000 210.509 503.945 299.227 714.455 437.066
52300000 200.835 502.739 298.511 703.575 436.321
52400000 178.613 507.007 301.045 685.619 436.561
52500000 167.142 505.338 300.054 672.48 435.629
52600000 183.75 503.673 299.065 687.423 432.481
52700000 184.84 502.461 298.346 687.301 433.357
52800000 193.216 506.325 300.64 699.541 436.188
52900000 178.111 499.748 296.735 677.859 436.436
53000000 180.268 501.804 297.955 682.072 437.1
53100000 178.966 505.862 300.365 684.828 437.327
53200000 186.681 502.722 298.501 689.403 437.903
53300000 191.486 514.394 305.431 705.88 440.167
53400000 195.799 509.549 302.554 705.348 441.159
53500000 212.065 497.567 295.439 709.632 441.254
53600000 204.283 506.957 301.015 711.24 440.964
53700000 214.442 509.109 302.293 723.552 438.457
53800000 195.04 510.878 303.343 705.917 436.916
53900000 187.913 509.945 302.79 697.858 437.754
54000000 183.559 503.6 299.022 687.158 437.104
54100000 173.113 504.291 299.432 677.404 436.824
54200000 195.346 505.428 300.107 700.774 435.965
54300000 180.669 505.449 300.12 686.118 436.042
54400000 174.187 499.508 296.592 673.695 437.668
54500000 166.18 501.764 297.932 667.944 437.524
54600000 168.057 508.933 302.188 676.99 438.674
54700000 175.679 501.079 297.525 676.758 439.052
54800000 186.147 501.153 297.569 687.3 439.27
54900000 191.155 506.855 300.955 698.01 437.561
55000000 181.268 512.99 304.597 694.257 437.846
55100000 187.151 508.638 302.013 695.789 437.957
55200000 185.438 498.711 296.119 684.149 439.244
55300000 159.48 505.188 299.965 664.668 441.299
55400000 172.835 500.568 297.221 673.403 442.798
55500000 183.019 515.504 306.09 698.523 444.229
55600000 191.779 510.26 302.976 702.039 445.653
55700000 172.324 508.521 301.944 680.845 446.911
55800000 175.767 500.358 297.097 676.125 447.973
55900000 169.747 517.912 307.52 687.659 447.696
56000000 178.491 500.384 297.112 678.875 449.428
56100000 175.227 510.122 302.895 685.349 448.696
56200000 169.132 506.437 300.706 675.569 448.45
56300000 159.109 510.164 302.919 669.273 449.306
56400000 166.416 498.015 295.705 664.431 450.329
56500000 163.548 510.457 303.093 674.005 453.222
56600000 178.547 509.106 302.291 687.653 453.564
56700000 180.639 505.278 300.018 685.917 455.329
56800000 168.486 515.544 306.114 684.03 456.088
56900000 174.735 508.039 301.657 682.773 458.637
57000000 176.481 507.433 301.298 683.914 459.711
57100000 167.7 508.747 302.078 676.448 459.435
57200000 176.868 508.714 302.059 685.582 458.341
57300000 163.266 503.406 298.907 666.672 459.249
57400000 187.218 505.241 299.996 692.459 457.229
57500000 162.452 506.465 300.723 668.918 455.752
57600000 172.851 511.635 303.793 684.486 455.355
57700000 188.349 510.516 303.129 698.865 455.671
57800000 184.373 511.206 303.538 695.579 455.448
57900000 192.061 509.615 302.593 701.676 456.649
58000000 185.475 511.816 303.901 697.291 458.509
58100000 179.422 510.803 303.299 690.225 458.497
58200000 178.772 506.773 300.906 685.545 458.745
58300000 169.9 501.927 298.028 671.826 459.534
58400000 185.799 499.735 296.727 685.534 458.747
58500000 186.014 508.044 301.661 694.058 459.155
58600000 204.545 502.673 298.471 707.217 459.548
58700000 191.974 497.626 295.475 689.6 459.694
58800000 191.233 512.809 304.49 704.042 460.33
58900000 193.039 513.065 304.642 706.104 460.147
59000000 193.977 504.915 299.803 698.892 460.215
59100000 195.593 503.486 298.954 699.079 460.369
59200000 207.414 502.94 298.63 710.355 460.905
59300000 184.456 505.186 299.963 689.642 463.347
59400000 164.596 501.74 297.917 666.336 463.668
59500000 179.359 507.116 301.109 686.475 463.101
59600000 180.425 515.978 306.372 696.403 462.281
59700000 190.362 506.505 300.747 696.866 464.423
59800000 188.082 498.187 295.808 686.269 467.333
59900000 186.824 501.514 297.783 688.338 469.474
60000000 182.744 509.333 302.426 692.077 468.944
60100000 192.62 498.842 296.197 691.462 468.662
60200000 182.632 510.888 303.349 693.519 469.166
60300000 163.123 502.079 298.119 665.203 469.419
60400000 190.412 514.479 305.481 704.89 469.676
60500000 184.367 507.437 301.3 691.804 469.741
60600000 183.976 502.755 298.52 686.731 471.924
60700000 171.892 503.694 299.078 675.586 471.856
60800000 158.709 498.355 295.908 657.064 470.885
60900000 148.474 504.946 299.821 653.42 472.019
61000000 151.261 502.278 298.237 653.539 472.513
61100000 148.552 505.093 299.908 653.645 475.654
61200000 165.42 501.052 297.509 666.471 477.299
61300000 188.953 506.802 300.923 695.755 477.257
61400000 169.414 505.917 300.398 675.331 476.439
61500000 156.969 505.752 300.3 662.721 476.064
61600000 173.436 494.578 293.665 668.014 476.578
61700000 188.74 520.887 309.286 709.627 476.38
61800000 193.299 509.798 302.702 703.098 476.035
61900000 200.319 500.181 296.992 700.5 477.147
62000000 189.983 500.989 297.471 690.972 475.817
62100000 174.099 502.911 298.613 677.01 475.616
62200000 172.939 505.49 300.144 678.43 476.139
62300000 188.36 504.439 299.52 692.799 476.81
62400000 180.518 501.633 297.854 682.151 478.268
62500000 176.66 504.939 299.817 681.6 479.611
62600000 188.935 501.55 297.805 690.485 479.538
62700000 197.864 502.851 298.577 700.715 480.548
62800000 193.45 504.821 299.747 698.271 481.329
62900000 201.873 507.718 301.467 709.591 481.179
63000000 198.555 506.177 300.552 704.732 481.273
63100000 184.795 496.912 295.051 681.707 479.685
63200000 168.534 497.352 295.312 665.886 480.046
63300000 175.533 499.321 296.481 674.854 481.921
63400000 173.281 502.352 298.281 675.632 483.502
63500000 178.228 491.197 291.657 669.424 482.449
63600000 166.574 501.749 297.923 668.323 481.711
63700000 173.677 509.536 302.547 683.213 482.773
63800000 178.933 506.077 300.493 685.01 483.656
63900000 183.215 505.945 300.414 689.16 482.539
64000000 181.431 505.808 300.333 687.239 481.75
64100000 178.704 507.972 301.618 686.677 483.772
64200000 169.8 495.916 294.459 665.716 483.645
64300000 161.562 511.301 303.594 672.863 485.417
64400000 165.549 498.182 295.805 663.73 486.509
64500000 175.773 514.114 305.265 689.886 486.165
64600000 176.37 505.75 300.299 682.12 487.758
64700000 169.778 513.609 304.965 683.387 490.081
64800000 182.774 512.618 304.377 695.393 492.702
64900000 184.642 508.926 302.184 693.568 491.515
65000000 181.205 499.444 296.554 680.65 491.214
65100000 182.069 503.652 299.053 685.722 490.506
65200000 177.42 509.76 302.68 687.18 490.888
65300000 177.601 507.136 301.121 684.737 490.536
65400000 162.971 503.636 299.043 666.606 491.7
65500000 168.111 500.373 297.106 668.484 492.589
65600000 148.943 508.982 302.217 657.924 493.531
65700000 155.59 515.838 306.289 671.428 495.455
65800000 155.613 511.652 303.803 667.265 495.003
65900000 166.901 500.915 297.427 667.816 495.426
66000000 147.713 507.852 301.547 655.565 495.032
66100000 137.411 501.963 298.05 639.375 495.035
66200000 135.629 504.258 299.413 639.887 495.711
66300000 131.659 506.062 300.484 637.721 496.065
66400000 147.043 516.784 306.85 663.827 495.071
66500000 154.201 504.502 299.557 658.703 495.425
66600000 161.035 498.656 296.086 659.691 496.242
66700000 153.927 503.284 298.834 657.211 494.564
66800000 173.588 503.843 299.166 677.431 495.264
66900000 169.94 508.368 301.853 678.308 497.404
67000000 185.226 512.017 304.02 697.243 496.185
67100000 174.751 501.102 297.538 675.853 494.877
67200000 167.763 502.378 298.296 670.14 494.337
67300000 180.572 503.989 299.253 684.561 496.901
67400000 184.668 502.357 298.284 687.025 498.981
67500000 178.471 500.32 297.074 678.791 500.223
67600000 180.326 513.851 305.109 694.178 498.269
67700000 179.5 515.856 306.299 695.356 498.477
67800000 176.237 505.892 300.383 682.129 499.514
67900000 187.555 503.574 299.007 691.129 499.872
68000000 196.899 491.782 292.005 688.681 498.215
68100000 189.282 516.275 306.548 705.557 497.607
68200000 166.365 507.969 301.616 674.334 499.095
68300000 181.649 506.128 300.523 687.777 499.448
68400000 154.059 517.038 307.001 671.097 500.322
68500000 182.839 503.063 298.703 685.902 499.325
68600000 180.438 501.774 297.938 682.212 500.283
68700000 166.912 508.072 301.677 674.984 499.837
68800000 181.512 514.208 305.321 695.72 498.431
68900000 160.796 508.635 302.011 669.43 498.777
69000000 154.323 508.142 301.719 662.465 499.427
69100000 160.606 492.982 292.717 653.588 499.216
69200000 169.421 495.73 294.349 665.151 498.926
69300000 173.522 510.878 303.344 684.401 499.162
69400000 161.219 504.133 299.338 665.351 499.215
69500000 172.779 506.829 300.939 679.608 500.776
69600000 184.992 503.84 299.164 688.832 499.743
69700000 194.378 508.712 302.057 703.09 501.914
69800000 170.724 500.286 297.054 671.01 503.793
69900000 173.418 504.576 299.601 677.994 505.659
70000000 189.358 519.15 308.255 708.508 505.748
70100000 177.167 510.688 303.231 687.855 504.074
70200000 167.248 507.916 301.585 675.165 504.288
70300000 176.605 499.267 296.449 675.872 504.835
70400000 180.225 497.335 295.302 677.56 504.679
70500000 184.344 504.262 299.415 688.606 503.128
70600000 192.243 500.621 297.253 692.865 500.678
70700000 174.187 495.878 294.437 670.065 501.522
70800000 193.464 504.824 299.749 698.288 500.976
70900000 184.184 504.893 299.79 689.077 500.655
71000000 179.945 512.499 304.306 692.444 501.36
71100000 183.386 513.211 304.729 696.597 502.203
71200000 170.618 508.151 301.724 678.769 502.815
71300000 170.77 499.516 296.597 670.286 501.825
71400000 166.384 499.546 296.614 665.93 501.249
71500000 166.168 511.187 303.527 677.354 505.02
71600000 181.332 512.326 304.203 693.658 506.718
71700000 177.62 511.224 303.549 688.844 507.035
71800000 172.828 500.912 297.426 673.74 508.437
71900000 175.234 498.449 295.964 673.683 508.459
72000000 177.646 496.871 295.026 674.517 507.16
72100000 186.816 515.309 305.974 702.125 508.188
72200000 176.146 499.906 296.829 676.052 509.938
72300000 197.065 508.305 301.816 705.37 512.226
72400000 202.457 505.86 300.364 708.317 512.692
72500000 205.686 507.196 301.157 712.881 510.635
72600000 202.134 516.602 306.742 718.736 509.331
72700000 194.647 501.862 297.99 696.509 508.522
72800000 195.802 507.73 301.474 703.533 507.639
72900000 180.132 496.967 295.083 677.098 508.241
73000000 172.651 511 303.416 683.651 509.893
73100000 171.485 502.895 298.604 674.381 509.799
73200000 198.806 494.59 293.672 693.396 510.328
73300000 186.897 508.316 301.822 695.212 509.249
73400000 184.991 508.87 302.151 693.861 508.591
73500000 178.911 510.257 302.974 689.168 509.582
73600000 181.023 507.482 301.327 688.505 508.898
73700000 190.287 508.826 302.125 699.114 511.38
73800000 187.34 508.201 301.754 695.54 511.297
73900000 160.146 505.869 300.369 666.015 512.537
74000000 162.587 506.418 300.695 669.005 511.671
74100000 181.422 512.811 304.491 694.233 513.781
74200000 181.244 505.811 300.334 687.054 514.523
74300000 180.614 494.274 293.484 674.888 516.196
74400000 180.251 497.845 295.605 678.096 517.105
74500000 191.122 499.707 296.711 690.83 517.67
74600000 190.093 512.728 304.442 702.821 516.862
74700000 191.661 508.173 301.737 699.834 517.542
74800000 192.421 508.886 302.161 701.307 515.509
74900000 192.672 506.885 300.973 699.558 515.488
75000000 184.773 498.863 296.209 683.636 515.323
75100000 167.043 501.485 297.766 668.528 516.951
75200000 165.577 507.563 301.375 673.14 518.001
75300000 159.914 507.868 301.556 667.781 518.061
75400000 148.096 514.883 305.721 662.979 517.622
75500000 164.011 513.58 304.947 677.591 518.352
75600000 173.735 499.739 296.729 673.474 518.289
75700000 165.278 505.3 300.031 670.578 518.194
75800000 170.116 511.777 303.877 681.893 516.654
75900000 177.563 511.563 303.75 689.126 519.341
76000000 152.971 500.785 297.35 653.756 520.412
76100000 169.235 502.054 298.104 671.289 516.1
76200000 176.348 500.003 296.886 676.35 515.193
76300000 196.72 502.792 298.542 699.513 515.787
76400000 176.067 498.37 295.917 674.437 516.416
76500000 166.51 502.792 298.542 669.303 517.798
76600000 174.671 508.352 301.844 683.023 518.841
76700000 176.815 501.235 297.618 678.05 521.487
76800000 191.954 501.31 297.662 693.263 520.699
76900000 175.073 503.042 298.69 678.115 521.301
77000000 176.764 511.636 303.794 688.401 520.686
77100000 165.892 510.685 303.229 676.577 518.839
77200000 177.684 508.226 301.768 685.909 519.342
77300000 181.991 504.572 299.599 686.562 519.283
77400000 166.937 501.466 297.755 668.403 520.283
77500000 165.202 503.615 299.031 668.817 519.064
77600000 164.141 509.407 302.47 673.548 518.288
77700000 173.047 509.392 302.461 682.44 519.678
77800000 176.558 508.903 302.171 685.461 518.201
77900000 192.411 503.707 299.085 696.118 518.045
78000000 185.331 504.473 299.54 689.804 518.907
78100000 192.303 511.832 303.91 704.136 518.346
78200000 191.656 486.658 288.963 678.314 518.84
78300000 183.366 508.263 301.79 691.629 517.431
78400000 179.845 497.82 295.59 677.664 517.183
78500000 183.1 506.769 300.904 689.869 519.617
78600000 174.718 501.769 297.935 676.486 522.194
78700000 180.431 508.741 302.075 689.172 521.846
78800000 178.436 507.727 301.472 686.162 522.746
78900000 160.677 502.73 298.505 663.407 522.751
79000000 182.226 512.186 304.12 694.412 521.561
79100000 191.265 502.749 298.516 694.013 520.892
79200000 173.083 505.409 300.096 678.491 520.836
79300000 186.31 508.395 301.869 694.705 521.835
79400000 175.659 506.821 300.935 682.48 519.697
79500000 191.684 509.907 302.767 701.591 517.073
79600000 193.674 512.894 304.54 706.568 517.784
79700000 189.555 514.83 305.69 704.385 519.082
79800000 201.994 506.779 300.91 708.773 518.946
79900000 190.065 501.993 298.068 692.057 518.792
80000000 178.218 500.387 297.114 678.605 518.573
80100000 170.005 513.149 304.692 683.154 517.889
80200000 177.447 497.693 295.515 675.14 518.481
80300000 191.96 496.974 295.088 688.934 518.755
80400000 205.01 509.827 302.719 714.837 518.005
80500000 202.433 504.124 299.333 706.556 519.17
80600000 189.679 512.67 304.407 702.348 520.982
80700000 188.23 505.77 300.31 694 519.637
80800000 178.617 517.397 307.214 696.014 520.032
80900000 200.375 502.56 298.405 702.935 520.314
81000000 195.591 499.08 296.338 694.672 521.28
81100000 189.011 503.975 299.245 692.987 524.459
81200000 183.208 508.781 302.098 691.989 522.271
81300000 194.396 505.82 300.34 700.216 522.931
81400000 175.413 508.836 302.131 684.249 527.105
81500000 196.438 496.931 295.062 693.369 526.224
81600000 187.66 509.258 302.382 696.919 523.177
81700000 166.434 501.312 297.663 667.746 520.518
81800000 162.552 518.6 307.929 681.152 519.103
81900000 161.88 505.94 300.412 667.82 519.949
82000000 166.701 502.033 298.091 668.733 520.903
82100000 194.554 506.752 300.894 701.306 522.032
82200000 181.698 501.597 297.833 683.295 520.935
82300000 179.343 510.799 303.297 690.142 522.6
82400000 167.475 501.484 297.765 668.958 524.879
82500000 162.764 506.886 300.973 669.649 525.586
82600000 172.365 509.01 302.234 681.375 525.832
82700000 192.198 502.945 298.633 695.143 525.766
82800000 183.503 503.998 299.258 687.502 525.693
82900000 190.936 512.22 304.14 703.156 525.604
83000000 183.854 506.664 300.841 690.517 525.071
83100000 180.905 496.853 295.016 677.758 525.288
83200000 179.893 503.689 299.075 683.582 526.465
83300000 182.325 504.857 299.768 687.182 524.828
83400000 190.909 497.724 295.533 688.633 525.906
83500000 178.932 503.578 299.009 682.51 525.562
83600000 174.128 498.91 296.237 673.038 524.225
83700000 183.977 503.649 299.051 687.626 523.201
83800000 201.889 506.419 300.695 708.308 522.495
83900000 185.65 501.627 297.85 687.277 522.094
84000000 181.094 501.332 297.675 682.427 522.181
84100000 186.774 505.854 300.36 692.628 522.903
84200000 174.573 512.944 304.57 687.518 523.498
84300000 184.44 511.348 303.623 695.788 520.776
84400000 195.625 516.104 306.447 711.73 519.972
84500000 194.146 491.453 291.81 685.599 520.923
84600000 175.728 501.598 297.833 677.325 520.323
84700000 186.666 505.978 300.434 692.643 522.228
84800000 176.941 499.208 296.414 676.149 523.147
84900000 164.574 504.666 299.655 669.24 525.04
85000000 171.75 508.879 302.156 680.629 526.502
85100000 183.013 494.203 293.442 677.216 527.27
85200000 183.973 503.895 299.197 687.867 527.008
85300000 162.447 507.426 301.294 669.873 526.433
85400000 171.795 509.169 302.328 680.963 526.835
85500000 182.362 492.664 292.529 675.026 525.099
85600000 196.402 505.644 300.236 702.046 524.064
85700000 190.955 500.697 297.298 691.653 525.137
85800000 177.515 501.396 297.713 678.911 524.596
85900000 173.41 510.069 302.863 683.48 524.521
86000000 171.361 501.154 297.569 672.515 524.497
86100000 187.398 499.167 296.39 686.565 523.889
86200000 188.025 504.033 299.279 692.059 521.157
86300000 189.016 505.73 300.286 694.746 522.103
86400000 164.515 508.96 302.204 673.475 522.816
86500000 184.333 512.819 304.496 697.151 523.914
86600000 195.549 502.28 298.238 697.829 522.38
86700000 196.078 499.529 296.605 695.607 522.151
86800000 206.578 503.239 298.807 709.817 522.807
86900000 188.821 501.133 297.557 689.954 520.826
87000000 191.507 504.953 299.825 696.461 522.539
87100000 194.781 503.067 298.706 697.848 522.003
87200000 194.761 514.82 305.684 709.581 522.471
87300000 191.207 503.089 298.718 694.296 524.565
87400000 184.132 504.573 299.6 688.706 526.452
87500000 190.273 497.795 295.575 688.067 526.624
87600000 172.976 498.225 295.83 671.201 527.522
87700000 179.376 503.75 299.111 683.126 528.938
87800000 180.49 500.901 297.419 681.391 528.755
87900000 188.26 496.892 295.039 685.152 529.326
88000000 179.906 514.839 305.695 694.744 529.539
88100000 193.949 500.417 297.132 694.366 531.212
88200000 208.489 509.16 302.323 717.649 532.057
88300000 212.864 499.698 296.705 712.562 531.723
88400000 199.58 511.274 303.578 710.854 531.692
88500000 180.306 504.391 299.492 684.697 531.167
88600000 186.678 509.126 302.303 695.805 528.199
88700000 177.057 505.745 300.296 682.802 528.211
88800000 193.264 504.66 299.651 697.924 529.603
88900000 207.348 510.981 303.404 718.328 530.493
89000000 201.956 496.032 294.528 697.988 532.518
89100000 194.435 499.382 296.517 693.817 534.75
89200000 184.944 506.346 300.653 691.291 535.406
89300000 176.071 499.424 296.542 675.495 534.422
89400000 181.002 499.574 296.631 680.577 531.895
89500000 159.581 496.794 294.981 656.376 532.218
89600000 185.822 503.173 298.768 688.995 533.815
89700000 177.393 507.164 301.138 684.556 536.325
89800000 184.159 508.181 301.742 692.34 536.414
89900000 176.392 496.404 294.749 672.796 534.84
90000000 201.979 506.523 300.758 708.502 536.685
90100000 201.343 499.628 296.663 700.971 538.22
90200000 189.646 500.676 297.286 690.322 539.11
90300000 170.37 518.204 307.693 688.574 538.253
90400000 178.553 500.362 297.1 678.915 536.727
90500000 179.785 505.582 300.199 685.368 536.587
90600000 183.166 506.006 300.451 689.172 534.033
90700000 186.382 506.358 300.659 692.74 533.326
90800000 208.324 506.906 300.985 715.23 532.354
90900000 198.49 496.36 294.723 694.85 531.021
91000000 193.145 510.308 303.005 703.453 532.964
91100000 190.698 512.981 304.592 703.679 537.024
91200000 186.746 508.946 302.196 695.691 539.308
91300000 187.61 510.48 303.107 698.09 539.591
91400000 178.277 509.004 302.231 687.282 538.483
91500000 195.646 509.111 302.294 704.757 536.487
91600000 179.268 515.324 305.983 694.592 536.694
91700000 167.171 506.876 300.967 674.046 536.638
91800000 190.576 512.712 304.432 703.288 536.716
91900000 183.742 508.523 301.945 692.265 536.722
92000000 197.512 509.996 302.82 707.508 538.011
92100000 191.561 514.028 305.214 705.589 538.625
92200000 202.02 505.757 300.303 707.777 538.814
92300000 204.374 504.714 299.683 709.088 540.133
92400000 197.298 505.135 299.934 702.433 539.926
92500000 182.453 513.645 304.986 696.097 539.427
92600000 183.25 501.918 298.023 685.168 540.858
92700000 193.961 506.613 300.811 700.574 542.122
92800000 196.912 495.721 294.344 692.633 543.097
92900000 192.244 506.948 301.01 699.193 542.171
93000000 191.387 495.926 294.465 687.313 542.906
93100000 206.268 510.398 303.058 716.666 542.335
93200000 196.093 499.578 296.634 695.671 542.633
93300000 191.843 511.277 303.58 703.119 545.529
93400000 198.6 499.168 296.39 697.768 547.752
93500000 185.859 501.806 297.957 687.665 549.081
93600000 173.08 510.084 302.872 683.164 548.774
93700000 185.456 505.512 300.157 690.967 547.682
93800000 180.149 503.733 299.101 683.882 548.654
93900000 181.999 496.016 294.518 678.015 550.603
94000000 206.944 508.987 302.22 715.93 551.328
94100000 200.066 506.423 300.698 706.489 550.366
94200000 192.582 501.578 297.822 694.16 549.234
94300000 177.079 497.887 295.63 674.966 547.54
94400000 175.609 504.843 299.76 680.452 548.979
94500000 177.536 504.562 299.593 682.099 550.858
94600000 185.055 510.81 303.303 695.866 551.478
94700000 182.847 495.136 293.996 677.982 553.536
94800000 197.222 512.494 304.303 709.716 553.614
94900000 194.722 500.314 297.07 695.036 551.876
95000000 210.436 504.266 299.418 714.703 550.731
95100000 197.907 512.981 304.592 710.888 549.84
95200000 181.856 513.563 304.938 695.419 550.332
95300000 187.812 504.392 299.492 692.204 550.054
95400000 196.248 515.419 306.04 711.667 551.977
95500000 191.157 514.182 305.305 705.34 553.399
95600000 203.168 506.778 300.909 709.947 554.555
95700000 177.537 507.705 301.459 685.242 551.861
95800000 191.182 509.75 302.673 700.932 549.269
95900000 190.804 512.496 304.304 703.3 547.901
96000000 197.026 491.107 291.604 688.134 547.88
96100000 206.517 505.06 299.889 711.578 546.666
96200000 194.26 508.004 301.637 702.264 544.018
96300000 193.318 491.337 291.74 684.655 544.427
96400000 189.484 498.714 296.12 688.198 544.631
96500000 180.687 504.914 299.802 685.601 546.226
96600000 168.47 495.298 294.092 663.768 547.783
96700000 177.551 499.037 296.312 676.587 547.532
96800000 195.014 503.596 299.019 698.61 546.761
96900000 204.203 515.06 305.826 719.263 546.26
97000000 218.286 502.625 298.443 720.912 544.556
97100000 209.652 503.701 299.082 713.353 544.395
97200000 202.698 507.404 301.281 710.102 543.123
97300000 212.903 504.406 299.501 717.309 542.061
97400000 198.39 508.711 302.057 707.101 542.673
97500000 192.029 507.18 301.148 699.209 543.27
97600000 185.984 509.287 302.399 695.271 543.638
97700000 193.68 506.443 300.71 700.123 543.409
97800000 158.173 511.171 303.517 669.344 544.992
97900000 168.895 506.227 300.581 675.121 548.621
98000000 170.757 507.565 301.376 678.322 549.504
98100000 165.988 497.697 295.517 663.685 548.081
98200000 186.638 502.692 298.483 689.329 548.422
98300000 176.626 508.672 302.034 685.298 549.141
98400000 172.156 503.97 299.241 676.125 551.492
98500000 191.038 503.794 299.137 694.831 553.419
98600000 181.525 502.007 298.076 683.531 555.431
98700000 184.732 500.703 297.302 685.435 555.061
98800000 191.66 495.841 294.415 687.5 555.311
98900000 212.958 506.12 300.518 719.078 553.959
99000000 193.213 500.044 296.91 693.257 554.072
99100000 204.283 503.005 298.668 707.287 555.271
99200000 185.341 498.214 295.824 683.554 556.176
99300000 190.609 508.989 302.222 699.597 556.781
99400000 155.295 496.559 294.841 651.854 557.605
99500000 185.041 512.285 304.179 697.326 557.569
99600000 193.267 502.258 298.225 695.525 558.927
99700000 201.472 499.545 296.614 701.017 558.203
99800000 214.251 508.932 302.188 723.183 558.108
99900000 201.385 505.56 300.185 706.945 557.175
100000000 204.329 503.269 298.825 707.597 558.362
100100000 205.997 511.51 303.718 717.507 558.431
100200000 203.629 509.875 302.748 713.504 559.423
100300000 218.032 507.713 301.464 725.745 560.666
100400000 210.303 493.312 292.913 703.614 560.669
100500000 191.578 504.927 299.81 696.505 561.552
100600000 190.427 506.176 300.551 696.602 561.279
100700000 189.734 502.072 298.115 691.806 560.96
100800000 201.465 512.096 304.067 713.562 561.671
100900000 191.597 500.382 297.111 691.979 562.802
101000000 195.689 495.665 294.31 691.354 565.268
101100000 201.334 512.493 304.302 713.827 565.924
101200000 195.599 509.708 302.649 705.307 568.734
101300000 161.942 496.521 294.818 658.463 567.939
101400000 142.225 504.799 299.734 647.024 568.291
101500000 163.951 505.951 300.418 669.903 567.524
101600000 161.544 512.607 304.37 674.151 569.285
101700000 180.231 515.447 306.056 695.679 570.008
101800000 176.99 496.457 294.781 673.447 570.46
101900000 185.125 511.16 303.511 696.285 569.484
102000000 197.694 509.583 302.574 707.277 571.067
102100000 169.183 505.142 299.937 674.325 570.818
102200000 167.721 493.856 293.236 661.576 570.814
102300000 169.776 499.439 296.551 669.215 572.616
102400000 162.782 503.976 299.245 666.758 573.823
102500000 156.317 501.061 297.514 657.378 574.856
102600000 174.756 502.882 298.595 677.637 574.018
102700000 179.71 503.556 298.996 683.266 574.102
102800000 185.893 498.848 296.201 684.741 576.853
102900000 181.399 504.366 299.477 685.765 578.973
103000000 203.755 502.156 298.165 705.912 578.138
103100000 204.659 501.806 297.957 706.465 579.734
103200000 203.387 498.956 296.264 702.342 580.273
103300000 191.215 500.2 297.003 691.415 581.529
103400000 182.059 502.403 298.311 684.461 583.285
103500000 189.317 499.019 296.302 688.335 584.922
103600000 161.267 508.916 302.178 670.182 585.374
103700000 179.279 508.095 301.691 687.374 586.78
103800000 182.064 501.067 297.518 683.131 587.593
103900000 186.478 506.358 300.66 692.836 587.395
104000000 204.15 505.257 300.006 709.407 588.114
104100000 195.427 504.339 299.46 699.766 587.342
104200000 196.366 500.666 297.28 697.032 589.204
104300000 196.533 509.593 302.581 706.126 587.879
104400000 180.036 499.469 296.569 679.505 587.951
104500000 189.784 504.842 299.76 694.626 590.987
104600000 195.755 506.623 300.817 702.378 593.203
104700000 191.513 513.369 304.822 704.882 594.268
104800000 193.627 501.209 297.602 694.835 595.056
104900000 199.679 502.398 298.308 702.077 595.05
105000000 206.032 508.642 302.016 714.674 593.226
