# Time-averaged data for fix favg
# TimeStep v_vpe v_vke v_vT v_vE v_vRg
5100000 481.35 962.101 303.066 1443.45 396.507
5200000 485.849 942.028 296.743 1427.88 398.122
5300000 491.334 960.118 302.441 1451.45 398.109
5400000 469.822 951.983 299.878 1421.8 398.489
5500000 474.33 956.476 301.294 1430.81 401.452
5600000 484.416 954.02 300.52 1438.44 403.85
5700000 468.949 943.146 297.095 1412.1 406.229
5800000 468.951 961.373 302.836 1430.32 405.533
5900000 481.636 953.318 300.299 1434.95 406.931
6000000 476.813 959.733 302.32 1436.55 407.345
6100000 471.907 956.217 301.212 1428.12 408.193
6200000 472.864 960.496 302.56 1433.36 407.782
6300000 476.084 947.019 298.315 1423.1 409.207
6400000 482.352 954.286 300.604 1436.64 412.578
6500000 477.031 956.46 301.289 1433.49 413.851
6600000 484.022 958.654 301.98 1442.68 413.553
6700000 493.516 958.925 302.065 1452.44 415.771
6800000 486.523 950.04 299.266 1436.56 417.046
6900000 484.248 961.179 302.775 1445.43 417.081
7000000 485.314 941.344 296.527 1426.66 418.806
7100000 478.183 952.359 299.997 1430.54 417.534
7200000 476.988 975.138 307.172 1452.13 418.283
7300000 487.06 966.049 304.309 1453.11 420.106
7400000 470.741 955.637 301.029 1426.38 420.864
7500000 475.279 947.352 298.42 1422.63 420.776
7600000 481.074 956.032 301.154 1437.11 421.397
7700000 475.741 953.301 300.294 1429.04 421.874
7800000 477.721 944.152 297.412 1421.87 422.558
7900000 482.024 960.473 302.553 1442.5 422.674
8000000 476.555 943.265 297.132 1419.82 423.276
8100000 470.703 950.475 299.404 1421.18 423.241
8200000 463.306 954.942 300.81 1418.25 424.09
8300000 468.212 942.763 296.974 1410.97 424.427
8400000 466.99 969.522 305.403 1436.51 425.365
8500000 476.758 945.325 297.781 1422.08 425.067
8600000 470.526 952.72 300.111 1423.25 425.22
8700000 483.445 950.045 299.268 1433.49 424.17
8800000 470.343 940.255 296.184 1410.6 423.752
8900000 462.058 957.172 301.513 1419.23 424.73
9000000 455.461 942.75 296.97 1398.21 423.91
9100000 465.234 958.338 301.88 1423.57 422.752
9200000 472.314 953.09 300.227 1425.4 422.41
9300000 474.22 964.806 303.918 1439.03 422.225
9400000 477.578 949.33 299.043 1426.91 422.493
9500000 483.386 951.108 299.603 1434.49 423.197
9600000 469.411 946.821 298.252 1416.23 423.312
9700000 472.208 948.293 298.716 1420.5 424.187
9800000 468.591 954.429 300.649 1423.02 423.687
9900000 467.56 963.355 303.461 1430.91 423.971
10000000 458.979 964.833 303.926 1423.81 424.328
10100000 462.024 958.015 301.778 1420.04 423.846
10200000 474.947 951.713 299.793 1426.66 425.775
10300000 471.313 951.436 299.706 1422.75 426.371
10400000 492.239 951.709 299.792 1443.95 426.326
10500000 476.13 965.965 304.283 1442.1 427.621
10600000 468.303 954.945 300.811 1423.25 428.391
10700000 473.618 955.188 300.888 1428.81 427.663
10800000 475.61 951.395 299.693 1427.01 427.666
10900000 459.985 938.273 295.56 1398.26 427.893
11000000 465.398 955.105 300.862 1420.5 429.474
11100000 456.959 960.369 302.52 1417.33 429.694
11200000 472.371 944.996 297.678 1417.37 429.493
11300000 470.119 961.013 302.723 1431.13 430.951
11400000 478.86 957.397 301.584 1436.26 431.835
11500000 473.25 958.388 301.896 1431.64 430.866
11600000 461.37 950.604 299.444 1411.97 431.545
11700000 471.152 956.374 301.262 1427.53 434.264
11800000 471.96 944.552 297.538 1416.51 434.8
11900000 476.696 958.371 301.891 1435.07 434.979
12000000 459.923 939.98 296.097 1399.9 435.275
12100000 472.169 959.64 302.291 1431.81 435.526
12200000 469.057 956.665 301.353 1425.72 435.313
12300000 478.971 958.606 301.965 1437.58 435.678
12400000 476.517 957.598 301.647 1434.12 436.438
12500000 478.715 964.866 303.937 1443.58 438.025
12600000 481.672 963.783 303.596 1445.45 439.727
12700000 462.347 946.971 298.3 1409.32 440.515
12800000 469.25 954.088 300.542 1423.34 440.949
12900000 478.078 949.939 299.235 1428.02 441.893
13000000 463.551 952.246 299.961 1415.8 442.383
13100000 472.275 957.731 301.689 1430.01 444.482
13200000 482.549 954.88 300.791 1437.43 444.873
13300000 472.805 953.903 300.483 1426.71 443.711
13400000 485.213 950.488 299.408 1435.7 442.411
13500000 476.278 945.133 297.721 1421.41 443.937
13600000 467.665 947.797 298.56 1415.46 445.726
13700000 478.425 947.112 298.344 1425.54 445.306
13800000 456.075 950.333 299.359 1406.41 444.499
13900000 464.869 950.219 299.323 1415.09 444.876
14000000 470.789 958.043 301.787 1428.83 445.835
14100000 471.832 961.438 302.857 1433.27 447.232
14200000 470.116 953.441 300.338 1423.56 447.218
14300000 470.052 940.833 296.366 1410.89 448.154
14400000 472.636 942.814 296.99 1415.45 447.971
14500000 469.383 939.999 296.103 1409.38 448.39
14600000 473.918 949.1 298.97 1423.02 449.005
14700000 464.195 948.826 298.884 1413.02 448.813
14800000 463.371 948.891 298.905 1412.26 448.811
14900000 477.474 958.48 301.925 1435.95 449.75
15000000 476.469 947.168 298.362 1423.64 448.675
15100000 478.809 966.866 304.567 1445.67 447.653
15200000 497.581 958.773 302.017 1456.35 448.977
15300000 487.214 961.372 302.836 1448.59 449.036
15400000 478.431 967.882 304.887 1446.31 448.846
15500000 485.926 965.239 304.054 1451.17 449.045
15600000 478.663 958.074 301.797 1436.74 448.401
15700000 486.05 941.114 296.455 1427.16 449.405
15800000 474.993 946.971 298.3 1421.96 449.818
15900000 480.177 948.385 298.745 1428.56 451.001
16000000 489.677 961.151 302.766 1450.83 450.692
16100000 481.166 956.115 301.18 1437.28 452.171
16200000 476.036 947.147 298.355 1423.18 452.152
16300000 482.75 958.562 301.951 1441.31 452.84
16400000 482.089 940.974 296.41 1423.06 454.429
16500000 479.807 937.111 295.194 1416.92 454.058
16600000 465.119 958.417 301.905 1423.54 454.293
16700000 459.845 955.071 300.851 1414.92 454.243
16800000 473.284 956.602 301.333 1429.89 455.852
16900000 464.41 950.831 299.515 1415.24 455.294
17000000 470.268 952.436 300.021 1422.7 456.489
17100000 475.348 948.438 298.762 1423.79 456.283
17200000 471.446 940.605 296.294 1412.05 455.76
17300000 483.367 943.24 297.124 1426.61 455.98
17400000 475.589 938.87 295.748 1414.46 456.133
17500000 477.379 959.146 302.135 1436.53 456.16
17600000 477.591 950.562 299.431 1428.15 455.328
17700000 464.613 958.072 301.797 1422.68 454.386
17800000 465.553 954.05 300.529 1419.6 454.088
17900000 461.876 947.345 298.417 1409.22 454.271
18000000 479.927 951.331 299.673 1431.26 453.716
18100000 465.879 950.009 299.256 1415.89 453.022
18200000 474.371 952.832 300.146 1427.2 454.421
18300000 464.043 966.852 304.562 1430.9 455.399
18400000 468.078 960.558 302.58 1428.64 455.03
18500000 475.446 965.259 304.06 1440.7 455.459
18600000 468.269 933.208 293.964 1401.48 455.744
18700000 478.834 960.764 302.644 1439.6 455.61
18800000 475.466 941.064 296.439 1416.53 458.539
18900000 470.064 956.915 301.432 1426.98 459.084
19000000 472.378 957.662 301.667 1430.04 458.734
19100000 470.339 969.143 305.284 1439.48 459.654
19200000 473.323 951.329 299.673 1424.65 460.062
19300000 466.828 954.947 300.812 1421.77 459.816
19400000 459.424 952.373 300.001 1411.8 458.767
19500000 476.583 956.869 301.418 1433.45 459.001
19600000 472.442 949.809 299.194 1422.25 459.396
19700000 472.067 949.458 299.083 1421.53 457.561
19800000 479.857 959.202 302.153 1439.06 457.982
19900000 483.825 939.018 295.794 1422.84 459.284
20000000 480.248 952.15 299.931 1432.4 459.067
20100000 469.149 963.427 303.483 1432.58 459.355
20200000 465.184 943.481 297.2 1408.66 459.672
20300000 469.193 958.067 301.795 1427.26 459.475
20400000 460.527 947 298.309 1407.53 459.253
20500000 466.538 945.203 297.743 1411.74 460.491
20600000 462.435 961.942 303.015 1424.38 462.044
20700000 468.465 973.971 306.805 1442.44 463.995
20800000 475.735 937.772 295.402 1413.51 463.169
20900000 469.333 948.461 298.769 1417.79 462.693
21000000 470.9 956.995 301.457 1427.9 463.447
21100000 469.258 954.729 300.743 1423.99 463.636
21200000 475.504 954.079 300.539 1429.58 463.927
21300000 464.18 946.962 298.297 1411.14 464.173
21400000 475.951 951.027 299.577 1426.98 464.315
21500000 488.835 943.439 297.187 1432.27 464.602
21600000 486.599 955.762 301.069 1442.36 464.891
21700000 465.76 944.68 297.578 1410.44 466.451
21800000 492.863 943.521 297.213 1436.38 467.451
21900000 492.74 940.869 296.377 1433.61 467.815
22000000 491.586 958.151 301.821 1449.74 468.068
22100000 474.167 958.215 301.842 1432.38 468.252
22200000 488.152 946.489 298.148 1434.64 469.263
22300000 493.747 954.054 300.531 1447.8 468.978
22400000 496.313 950.632 299.453 1446.94 468.358
22500000 490.419 949.81 299.194 1440.23 469.367
22600000 479.342 944.704 297.586 1424.05 471.032
22700000 476.885 945.448 297.82 1422.33 471.238
22800000 476.363 945.617 297.873 1421.98 472.838
22900000 471.01 949.398 299.064 1420.41 474.72
23000000 484.827 944.688 297.58 1429.51 474.776
23100000 470.365 943.299 297.143 1413.66 474.7
23200000 489.802 950.472 299.403 1440.27 473.98
23300000 483.773 958.019 301.78 1441.79 474.418
23400000 470.401 944.883 297.642 1415.28 474.48
23500000 472.418 968.006 304.926 1440.42 473.991
23600000 481.792 955.516 300.991 1437.31 473.572
23700000 481.095 953.637 300.399 1434.73 474.276
23800000 465.758 962.463 303.18 1428.22 474.951
23900000 476.284 941.202 296.483 1417.49 476.562
24000000 478.026 950.101 299.286 1428.13 478.176
24100000 466.048 956.181 301.201 1422.23 479.233
24200000 481.642 949.754 299.176 1431.4 479.046
24300000 487.961 958.535 301.943 1446.5 480.448
24400000 483.257 957.941 301.755 1441.2 481.642
24500000 485.694 962.79 303.283 1448.48 482.281
24600000 481.336 958.254 301.854 1439.59 482.767
24700000 476.37 956.269 301.228 1432.64 482.946
24800000 476.73 962.549 303.207 1439.28 483.928
24900000 473.627 940.059 296.123 1413.69 484.005
25000000 482.826 959.097 302.12 1441.92 483.954
25100000 494.796 959.081 302.114 1453.88 483.826
25200000 482.094 956.892 301.425 1438.99 483.461
25300000 468.688 963.953 303.649 1432.64 484.347
25400000 487.421 951.351 299.679 1438.77 485.382
25500000 478.998 940.101 296.136 1419.1 486.231
25600000 473.399 962.476 303.184 1435.88 486.688
25700000 472.969 955.404 300.956 1428.37 487.551
25800000 485.944 947.841 298.574 1433.78 486.951
25900000 489.497 945.598 297.867 1435.1 487.871
26000000 488.048 955.169 300.882 1443.22 488.121
26100000 474.412 955.824 301.088 1430.24 487.171
26200000 497.545 949.301 299.034 1446.85 488.971
26300000 479.686 967.556 304.784 1447.24 490.52
26400000 489.791 946.95 298.293 1436.74 490.369
26500000 474.949 950.581 299.437 1425.53 491.932
26600000 467.865 952.29 299.975 1420.16 491.873
26700000 485.503 949.793 299.189 1435.3 491.848
26800000 482.026 946.683 298.209 1428.71 493.011
26900000 480.079 950.467 299.401 1430.55 493.385
27000000 478.285 953.756 300.437 1432.04 493.713
27100000 484.648 957.396 301.584 1442.04 493.721
27200000 493.609 955.479 300.98 1449.09 494.25
27300000 489.362 953.42 300.331 1442.78 494.3
27400000 493.64 965.621 304.174 1459.26 493.694
27500000 490.182 951.221 299.639 1441.4 493.145
27600000 482.313 949.913 299.226 1432.23 494.283
27700000 489.05 952.061 299.903 1441.11 497.335
27800000 493.792 936.757 295.082 1430.55 496.579
27900000 495.037 963.777 303.594 1458.81 496.015
28000000 483.32 958.81 302.029 1442.13 495.546
28100000 485.255 952.185 299.942 1437.44 495.163
28200000 475.36 964.95 303.963 1440.31 496.749
28300000 478.672 948.467 298.771 1427.14 496.518
28400000 485.93 939.782 296.035 1425.71 497.033
28500000 488.431 952.822 300.143 1441.25 496.594
28600000 487.383 943.817 297.306 1431.2 496.086
28700000 478.039 939.527 295.955 1417.57 495.654
28800000 466.941 952.606 300.075 1419.55 494.166
28900000 465.815 944.991 297.676 1410.81 494.24
29000000 471.382 960.876 302.68 1432.26 496.546
29100000 491.391 955.36 300.942 1446.75 496.782
29200000 481.021 955.614 301.022 1436.64 496.846
29300000 475.171 952.064 299.904 1427.24 498.941
29400000 489.352 957.555 301.634 1446.91 499.692
29500000 482.869 951.163 299.62 1434.03 498.887
29600000 475.727 958.568 301.953 1434.29 498.724
29700000 471.975 959.17 302.142 1431.14 498.303
29800000 484.825 967.157 304.658 1451.98 499.006
29900000 488.125 956.649 301.348 1444.77 500.282
30000000 477.775 951.879 299.846 1429.65 500.611
30100000 481.941 951.983 299.879 1433.92 502.201
30200000 498.075 945.228 297.751 1443.3 501.235
30300000 474.065 957.703 301.68 1431.77 499.948
30400000 476.118 950.873 299.529 1426.99 500.375
30500000 478.577 968.916 305.212 1447.49 499.937
30600000 471.405 944.366 297.479 1415.77 499.4
30700000 482.47 951.508 299.729 1433.98 499.984
30800000 471.609 953.456 300.342 1425.06 500.545
30900000 478.135 960.224 302.474 1438.36 499.975
31000000 489.711 951.619 299.764 1441.33 498.92
31100000 477.116 957.821 301.718 1434.94 499.555
31200000 498.021 945.879 297.956 1443.9 500.26
31300000 477.742 956.469 301.291 1434.21 501.173
31400000 485.844 956.954 301.444 1442.8 502.607
31500000 480.259 949.776 299.183 1430.04 503.53
31600000 495.221 947.081 298.334 1442.3 502.929
31700000 467.024 942.672 296.946 1409.7 503.171
31800000 486.915 958.523 301.939 1445.44 503.781
31900000 469.61 958.735 302.006 1428.35 503.863
32000000 474.592 949.874 299.214 1424.47 503.485
32100000 467.639 964.596 303.852 1432.24 504.248
32200000 478.8 959.401 302.215 1438.2 504.276
32300000 480.438 953.425 300.333 1433.86 503.908
32400000 489.724 963.899 303.632 1453.62 504.447
32500000 479.908 951.036 299.58 1430.94 503.879
32600000 488.156 954.967 300.819 1443.12 505.363
32700000 469.085 953.47 300.347 1422.55 506.932
32800000 486.876 948.205 298.688 1435.08 507.242
32900000 462.76 946.383 298.115 1409.14 507.882
33000000 462.27 940.637 296.305 1402.91 509.695
33100000 478.373 957.88 301.736 1436.25 510.433
33200000 472.726 943.976 297.356 1416.7 509.397
33300000 461.844 950.719 299.48 1412.56 508.918
33400000 463.085 949.88 299.216 1412.96 510.527
33500000 451.061 952.117 299.921 1403.18 510.972
33600000 458.808 948.17 298.677 1406.98 512.298
33700000 457.734 940.06 296.123 1397.79 512.905
33800000 475.618 954.477 300.664 1430.1 513.935
33900000 464.025 954.812 300.77 1418.84 515.514
34000000 468.344 945.821 297.937 1414.16 516.632
34100000 473.382 963.141 303.393 1436.52 516.834
34200000 471.327 954.606 300.705 1425.93 515.85
34300000 475.285 953.071 300.221 1428.36 515.522
34400000 482.057 948.783 298.87 1430.84 516.86
34500000 474.339 947.907 298.594 1422.25 517.261
34600000 487.74 946.325 298.096 1434.07 516.847
34700000 479.281 945.968 297.984 1425.25 515.47
34800000 481.502 956.679 301.358 1438.18 514.985
34900000 496.811 939.411 295.918 1436.22 515.292
35000000 494.216 947.328 298.412 1441.54 514.785
35100000 482.692 952.773 300.127 1435.46 515.942
35200000 465.233 960.421 302.536 1425.65 516.384
35300000 479.603 948.458 298.768 1428.06 517.809
35400000 487.072 956.744 301.378 1443.82 518.793
35500000 483.07 940.533 296.272 1423.6 518.661
35600000 480.22 958.101 301.806 1438.32 516.696
35700000 492.626 962.889 303.314 1455.52 516.131
35800000 491.851 941.225 296.49 1433.08 516.283
35900000 482.328 955.106 300.862 1437.43 516.017
36000000 476.912 949.22 299.008 1426.13 516.815
36100000 483.542 964.283 303.753 1447.82 515.433
36200000 483.382 972.287 306.274 1455.67 515.434
36300000 492.063 966.899 304.577 1458.96 516.399
36400000 486.417 963.907 303.635 1450.32 516.341
36500000 491.513 951.777 299.814 1443.29 514.58
36600000 487.796 954.228 300.586 1442.02 515.843
36700000 490.567 952.138 299.927 1442.71 517.269
36800000 476.032 952.492 300.039 1428.52 519.234
36900000 492.292 941.299 296.513 1433.59 522.268
37000000 473.759 942.526 296.899 1416.28 523.161
37100000 485.792 950.039 299.266 1435.83 524.35
37200000 484.774 945.81 297.934 1430.58 525.113
37300000 483.433 953.456 300.343 1436.89 525.594
37400000 476.423 956.835 301.407 1433.26 526.444
37500000 488.414 954.033 300.524 1442.45 528.45
37600000 485.096 957.542 301.63 1442.64 529.88
37700000 478.296 955.471 300.977 1433.77 530.479
37800000 481.785 964.963 303.967 1446.75 530.965
37900000 480.705 941.219 296.488 1421.92 532.777
38000000 500.748 971.026 305.877 1471.77 535.425
38100000 480.52 960.398 302.529 1440.92 534.37
38200000 477.581 950.245 299.331 1427.83 534.021
38300000 473.151 939.317 295.889 1412.47 535.253
38400000 486.486 944.511 297.525 1431 534.231
38500000 500.901 945.459 297.824 1446.36 535.496
38600000 493.791 953.047 300.214 1446.84 536.963
38700000 482.135 950.305 299.35 1432.44 538.45
38800000 484.745 956.129 301.184 1440.87 538.753
38900000 497.434 967.15 304.656 1464.58 539.761
39000000 503.605 944.167 297.417 1447.77 539.602
39100000 491.318 942.577 296.916 1433.9 539.465
39200000 488.673 941.219 296.488 1429.89 538.139
39300000 495.477 946.687 298.21 1442.16 536.681
39400000 497.725 936.602 295.033 1434.33 536.295
39500000 486.063 941.541 296.589 1427.6 537.427
39600000 487.104 955.713 301.053 1442.82 538.497
39700000 478.428 945.449 297.82 1423.88 539.546
39800000 464.782 953.779 300.444 1418.56 540.686
39900000 468.77 954.001 300.514 1422.77 541.907
40000000 460.582 942.409 296.863 1402.99 542.722
40100000 479.517 957.4 301.585 1436.92 541.346
40200000 468.246 960.363 302.518 1428.61 538.697
40300000 475.23 951.045 299.583 1426.27 537.472
40400000 481.931 955.741 301.062 1437.67 538.267
40500000 480.603 952.848 300.151 1433.45 539.079
40600000 473.445 951.144 299.614 1424.59 538.596
40700000 481.436 956.968 301.449 1438.4 538.118
40800000 485.127 951.221 299.639 1436.35 537.227
40900000 487.268 959.988 302.4 1447.26 537.651
41000000 494.917 960.633 302.603 1455.55 537.326
41100000 488.64 965.08 304.004 1453.72 536.588
41200000 474.136 948.698 298.844 1422.83 537.702
41300000 467.076 947.453 298.451 1414.53 538.211
41400000 468.621 955.183 300.886 1423.8 536.809
41500000 468.455 952.486 300.037 1420.94 537.758
41600000 469.18 948.007 298.626 1417.19 538.401
41700000 476.435 963.566 303.527 1440 539.733
41800000 474.049 955.643 301.031 1429.69 541.186
41900000 485.629 953.724 300.427 1439.35 542.117
42000000 470.427 949.415 299.07 1419.84 542.603
42100000 452.008 946.134 298.036 1398.14 542.432
42200000 466.419 958.308 301.871 1424.73 542.461
42300000 462.123 952.062 299.903 1414.19 543.967
42400000 468.096 948.964 298.927 1417.06 545.249
42500000 473.396 949.347 299.048 1422.74 544.159
42600000 481.139 962.967 303.338 1444.11 545.342
42700000 464.714 954.51 300.675 1419.22 545.386
42800000 490.324 947.825 298.569 1438.15 544.918
42900000 471.472 944.442 297.503 1415.91 544.43
43000000 478.239 959.111 302.124 1437.35 545.611
43100000 482.432 936.504 295.003 1418.94 544.088
43200000 476.811 948.908 298.91 1425.72 542.614
43300000 482.233 948.238 298.699 1430.47 544.417
43400000 490.129 939.307 295.886 1429.44 545.204
43500000 481.078 949.577 299.12 1430.65 547.322
43600000 484.506 940.938 296.399 1425.44 548.593
43700000 467.919 952.224 299.954 1420.14 549.202
43800000 479.165 946.42 298.126 1425.58 550.141
43900000 458.341 948.2 298.687 1406.54 551.102
44000000 464.846 956.918 301.433 1421.76 552.401
44100000 468.68 949.305 299.035 1417.99 553.188
44200000 473.92 956.673 301.356 1430.59 552.623
44300000 470.243 954.085 300.541 1424.33 552.618
44400000 460.088 957.619 301.654 1417.71 553.095
44500000 470.027 959.083 302.115 1429.11 552.508
44600000 481.768 955.681 301.043 1437.45 551.09
44700000 473.242 959.396 302.214 1432.64 551.306
44800000 472.899 947.26 298.391 1420.16 550.939
44900000 465.029 956.884 301.422 1421.91 551.507
45000000 466.767 949.136 298.982 1415.9 551.683
45100000 476.577 954.364 300.628 1430.94 553.094
45200000 472.529 956.654 301.35 1429.18 553.937
45300000 479.82 940.905 296.389 1420.72 555.061
45400000 478.756 953.297 300.292 1432.05 554.588
45500000 471.769 941.222 296.489 1412.99 555.242
45600000 477.182 943.637 297.249 1420.82 554.608
45700000 483.035 953.166 300.251 1436.2 553.966
45800000 487.991 964.9 303.947 1452.89 552.69
45900000 480.48 962.76 303.273 1443.24 553.131
46000000 480.016 957.481 301.61 1437.5 552.557
46100000 469.703 948.851 298.892 1418.55 550.571
46200000 474.937 953.158 300.249 1428.1 551.43
46300000 467.365 950.182 299.311 1417.55 551.19
46400000 477.271 949.529 299.105 1426.8 551.19
46500000 483.532 967.411 304.738 1450.94 551.879
46600000 477.81 953.433 300.335 1431.24 552.583
46700000 475.8 958.423 301.907 1434.22 552.188
46800000 471.148 959.662 302.297 1430.81 551.838
46900000 476.781 941.945 296.716 1418.73 552.281
47000000 472.689 936.784 295.091 1409.47 554.206
47100000 451.955 949.194 299 1401.15 555.929
47200000 460.629 957.038 301.471 1417.67 556.74
47300000 469.555 940.262 296.186 1409.82 558.844
47400000 461.557 955.52 300.993 1417.08 559.957
47500000 473.562 954.213 300.581 1427.77 559.337
47600000 476.092 956.783 301.391 1432.87 559.983
47700000 480.265 947.266 298.393 1427.53 561.217
47800000 478.176 955.282 300.918 1433.46 563.031
47900000 486.33 958.397 301.899 1444.73 564.275
48000000 490.004 956.024 301.151 1446.03 565.259
48100000 478.661 955.859 301.099 1434.52 566.154
48200000 454.739 936.795 295.094 1391.53 565.74
48300000 467.548 939.105 295.822 1406.65 565.709
48400000 469.973 956.872 301.419 1426.85 565.415
48500000 474.883 946.382 298.114 1421.26 566.12
48600000 455.304 953.08 300.224 1408.38 565.05
48700000 475.147 933.542 294.069 1408.69 565.957
48800000 473.954 950.702 299.475 1424.66 565.916
48900000 473.446 953.285 300.289 1426.73 565.058
49000000 478.077 969.924 305.53 1448 564.87
49100000 477.993 946.714 298.219 1424.71 564.18
49200000 464.962 954.65 300.719 1419.61 564.453
49300000 459.016 951.673 299.781 1410.69 564.993
49400000 463.387 955.524 300.994 1418.91 565.22
49500000 478.141 941.306 296.515 1419.45 565.26
49600000 464.734 956.563 301.321 1421.3 564.057
49700000 476.672 946.544 298.165 1423.22 565.15
49800000 473.084 957.239 301.534 1430.32 566.719
49900000 480.268 943.716 297.274 1423.98 566.842
50000000 477.308 940.545 296.276 1417.85 567.692
50100000 473.04 954.361 300.628 1427.4 567.256
50200000 484.398 953.429 300.334 1437.83 566.016
50300000 472.179 946.274 298.08 1418.45 566.697
50400000 471.74 946.982 298.303 1418.72 565.958
50500000 475.181 949.777 299.184 1424.96 566.298
50600000 483.408 960.683 302.619 1444.09 566.422
50700000 475.19 970.179 305.61 1445.37 565.995
50800000 460.594 959.91 302.375 1420.5 567.939
50900000 475.925 949.058 298.957 1424.98 567.89
51000000 458.949 948.565 298.802 1407.51 568.022
51100000 472.796 937.667 295.369 1410.46 569.805
51200000 466.397 939.527 295.955 1405.92 569.058
51300000 448.956 958.498 301.931 1407.45 569.405
51400000 460.134 941.667 296.629 1401.8 569.967
51500000 457.916 962.441 303.173 1420.36 570.449
51600000 457.348 960.373 302.521 1417.72 569.873
51700000 473.63 941.154 296.467 1414.78 570.189
51800000 442.647 948.993 298.937 1391.64 572.505
51900000 451.86 959.714 302.314 1411.57 574.059
52000000 453.072 948.028 298.633 1401.1 574.179
52100000 464.852 965.339 304.086 1430.19 573.627
52200000 468.055 954.33 300.618 1422.39 574.084
52300000 470.859 960.057 302.422 1430.92 576.015
52400000 472.196 956.485 301.296 1428.68 576.771
52500000 469.078 948.949 298.923 1418.03 577.299
52600000 454.255 961.216 302.787 1415.47 577.354
52700000 452.181 953.123 300.238 1405.3 577.86
52800000 455.5 952.528 300.05 1408.03 577.503
52900000 458.954 951.362 299.683 1410.32 577.771
53000000 454.425 951.684 299.784 1406.11 577.432
53100000 462.543 945.863 297.951 1408.41 578.116
53200000 463.831 952.627 300.081 1416.46 580.3
53300000 455.722 954.126 300.554 1409.85 581.016
53400000 450.029 944.087 297.391 1394.12 579.698
53500000 457.887 945.595 297.866 1403.48 578.704
53600000 449.58 946.52 298.158 1396.1 577.771
53700000 444.725 949.685 299.155 1394.41 577.48
53800000 465.926 960.396 302.529 1426.32 577.731
53900000 468.357 969.784 305.486 1438.14 576.715
54000000 447.54 954.299 300.608 1401.84 576.174
54100000 461.283 946.17 298.047 1407.45 578.285
54200000 457.482 952.649 300.088 1410.13 579.181
54300000 446.913 950.837 299.518 1397.75 579.532
54400000 437.334 945.528 297.845 1382.86 579.382
54500000 441.138 953.539 300.369 1394.68 581.737
54600000 445.613 952.227 299.955 1397.84 581.578
54700000 445.999 952.643 300.086 1398.64 581.515
54800000 449.736 942.451 296.876 1392.19 582.916
54900000 458.608 959.752 302.326 1418.36 582.38
55000000 460.466 955.948 301.127 1416.41 582.205
55100000 466.316 958.813 302.03 1425.13 582.715
55200000 477.689 946.857 298.264 1424.55 583.863
55300000 473.89 955.3 300.923 1429.19 584.374
55400000 478.489 952.958 300.186 1431.45 583.124
55500000 465.262 956.858 301.414 1422.12 584.495
55600000 464.075 961.092 302.748 1425.17 585.696
55700000 463.474 953.583 300.383 1417.06 586.245
55800000 459.024 962.15 303.081 1421.17 586.132
55900000 453.194 953.854 300.468 1407.05 586.148
56000000 469.106 965.144 304.024 1434.25 588.541
56100000 450.029 946.891 298.275 1396.92 588.726
56200000 455.399 955.002 300.829 1410.4 587.814
56300000 487.697 947.308 298.406 1435.01 588.288
56400000 490.139 956.511 301.305 1446.65 588.158
56500000 476.023 961.407 302.847 1437.43 587.97
56600000 502.184 951.35 299.679 1453.53 587.914
56700000 498.139 954.17 300.567 1452.31 587.595
56800000 486.249 950.581 299.437 1436.83 586.857
56900000 488.854 945.87 297.953 1434.72 587.046
57000000 486.075 958.368 301.89 1444.44 588.488
57100000 487.092 964.211 303.73 1451.3 588.378
57200000 473.943 954.954 300.814 1428.9 587.553
57300000 479.935 939.71 296.012 1419.64 588.521
57400000 479.454 963.921 303.639 1443.37 587.263
57500000 503.041 959.076 302.113 1462.12 587.324
57600000 482.88 953.057 300.217 1435.94 587.969
57700000 490.68 940.157 296.153 1430.84 589.819
57800000 483.381 953.348 300.309 1436.73 591.367
57900000 471.353 950.851 299.522 1422.2 591.308
58000000 467.264 956.914 301.432 1424.18 590.514
58100000 460.62 945.349 297.789 1405.97 590.925
58200000 473.497 962.083 303.06 1435.58 591.975
58300000 472.453 956.463 301.29 1428.92 592.232
58400000 478.97 941.595 296.606 1420.56 592.342
58500000 488.233 960.289 302.495 1448.52 590.397
58600000 459.012 944.466 297.511 1403.48 589.051
58700000 465.524 960.048 302.419 1425.57 588.703
58800000 466.632 957.364 301.573 1424 589.375
58900000 473.423 938.81 295.729 1412.23 589.49
59000000 471.839 958.345 301.882 1430.18 589.392
59100000 458.114 962.049 303.049 1420.16 590.136
59200000 458.249 945.978 297.987 1404.23 591.054
59300000 480.101 966.033 304.304 1446.13 591.855
59400000 468.784 957.567 301.637 1426.35 592.988
59500000 471.821 955.082 300.855 1426.9 594.341
59600000 472.653 942.934 297.028 1415.59 595.423
59700000 472.709 943.245 297.126 1415.95 595.518
59800000 466.394 950.506 299.413 1416.9 595.935
59900000 469.795 970.05 305.57 1439.84 596.266
60000000 470.203 954.78 300.76 1424.98 596.266
60100000 470.379 964.312 303.762 1434.69 594.353
60200000 462.956 957.859 301.729 1420.82 594.303
60300000 464.75 956.585 301.328 1421.34 596.219
60400000 469.885 953.515 300.361 1423.4 596.535
60500000 455.293 966.462 304.439 1421.76 595.343
60600000 463.477 951.473 299.718 1414.95 596.644
60700000 454.68 946.379 298.113 1401.06 596.91
60800000 459.065 949.366 299.054 1408.43 597.009
60900000 464.097 938.812 295.729 1402.91 597.476
61000000 463.042 945.448 297.82 1408.49 598.631
61100000 443.311 955.983 301.139 1399.29 599.75
61200000 461.445 959.415 302.22 1420.86 601.969
61300000 453.355 961.638 302.92 1414.99 601.266
61400000 437.094 963.721 303.576 1400.81 602.579
61500000 446.286 947.656 298.515 1393.94 602.135
61600000 465.505 954.988 300.825 1420.49 601.951
61700000 466.513 947.914 298.597 1414.43 601.853
61800000 467.631 944.849 297.631 1412.48 602.392
61900000 466.514 951.655 299.775 1418.17 603.472
62000000 453.577 964.026 303.672 1417.6 605.144
62100000 452.315 957.101 301.491 1409.42 606.034
62200000 453.465 952.453 300.026 1405.92 605.504
62300000 448.865 947.355 298.421 1396.22 607.047
62400000 450.888 950.569 299.433 1401.46 607.514
62500000 469.606 934.616 294.408 1404.22 605.214
62600000 455.93 952.316 299.983 1408.25 603.902
62700000 461.695 945.175 297.734 1406.87 602.796
62800000 464.348 952.702 300.105 1417.05 603.257
62900000 464.168 947.537 298.478 1411.71 603.527
63000000 452.121 963.23 303.421 1415.35 603.664
63100000 448.217 952.62 300.079 1400.84 602.976
63200000 441.809 950.671 299.465 1392.48 603.959
63300000 463.604 945.594 297.866 1409.2 605.126
63400000 465.709 963.423 303.482 1429.13 605.046
63500000 471.997 966.995 304.607 1438.99 604.883
63600000 459.657 956.531 301.311 1416.19 604.402
63700000 454.193 945.294 297.771 1399.49 605.92
63800000 447.084 950.232 299.327 1397.32 606.518
63900000 460.63 956.319 301.244 1416.95 607.061
64000000 454.899 948.504 298.783 1403.4 606.371
64100000 456.619 951.344 299.677 1407.96 606.164
64200000 460.334 947.939 298.605 1408.27 606.372
64300000 448.352 947.307 298.406 1395.66 606.793
64400000 440.056 950.092 299.283 1390.15 608.054
64500000 454.951 948.26 298.706 1403.21 609.608
64600000 459.304 949.045 298.953 1408.35 610.948
64700000 455.8 944.879 297.641 1400.68 611.413
64800000 452.7 952.929 300.177 1405.63 611.804
64900000 450.808 950.251 299.333 1401.06 614.699
65000000 460.922 941.731 296.649 1402.65 615.252
65100000 469.665 968.809 305.179 1438.47 616.514
65200000 449.006 947.455 298.452 1396.46 619.147
65300000 478.599 958.552 301.948 1437.15 620.471
65400000 464.359 949.5 299.096 1413.86 621.324
65500000 449.217 969.198 305.301 1418.41 621.051
65600000 460.096 964.475 303.814 1424.57 622.007
65700000 466.453 951.646 299.772 1418.1 620.92
65800000 476.54 956.731 301.374 1433.27 621.995
65900000 459.176 941.997 296.733 1401.17 621.34
66000000 453.257 967.969 304.914 1421.23 622.101
66100000 464.99 947.956 298.61 1412.95 622.893
66200000 464.68 961.421 302.852 1426.1 624.46
66300000 457.287 958.421 301.906 1415.71 625.336
66400000 461.232 951.898 299.852 1413.13 625.13
66500000 469.57 952.138 299.927 1421.71 625.557
66600000 472.334 959.447 302.23 1431.78 625.632
66700000 464.717 946.775 298.238 1411.49 625.635
66800000 452.952 952.886 300.163 1405.84 626.638
66900000 453.092 940.49 296.258 1393.58 627.616
67000000 467.412 953.115 300.235 1420.53 627.771
67100000 460.791 949.912 299.226 1410.7 627.94
67200000 453.928 949.698 299.159 1403.63 627.572
67300000 452.879 954.057 300.532 1406.94 626.177
67400000 453.989 953.416 300.33 1407.41 625.058
67500000 461.468 957.388 301.581 1418.86 625.428
67600000 460.366 944.335 297.469 1404.7 625.3
67700000 455.837 948.08 298.649 1403.92 625.252
67800000 468.894 946.284 298.083 1415.18 627.465
67900000 451.944 949.057 298.957 1401 628.991
68000000 455.261 943.597 297.237 1398.86 629.444
68100000 466.022 946.324 298.096 1412.35 629.142
68200000 457.424 956.047 301.159 1413.47 630.211
68300000 474.986 945.341 297.786 1420.33 631.864
68400000 461.939 956.389 301.266 1418.33 631.376
68500000 450.846 951.295 299.662 1402.14 629.781
68600000 472.822 952.503 300.042 1425.33 631.243
68700000 459.835 944.646 297.567 1404.48 632.094
68800000 438.783 942.177 296.79 1380.96 631.923
68900000 442.711 959.189 302.148 1401.9 630.707
69000000 460.35 950.804 299.507 1411.15 630.499
69100000 461.268 950.258 299.335 1411.53 631.178
69200000 454.087 961.461 302.864 1415.55 630.884
69300000 465.193 955.295 300.922 1420.49 629.96
69400000 458.324 971.396 305.994 1429.72 629.794
69500000 463.035 957.979 301.767 1421.01 631.164
69600000 458.098 945.465 297.825 1403.56 631.715
69700000 469.654 954.282 300.603 1423.94 631.436
69800000 452.932 946.288 298.085 1399.22 630.861
69900000 445.087 965.596 304.167 1410.68 630.055
70000000 464.56 973.023 306.506 1437.58 629.091
70100000 471.764 939.67 296 1411.43 628.52
70200000 476.788 945.258 297.76 1422.05 627.467
70300000 466.841 958.215 301.841 1425.06 627.782
70400000 472.79 951.693 299.787 1424.48 628.133
70500000 474.05 952.474 300.033 1426.52 626.559
70600000 458.168 962.347 303.143 1420.51 626.315
70700000 457.358 947.665 298.518 1405.02 626.255
70800000 460.239 940.1 296.135 1400.34 626.639
70900000 462.557 947.245 298.386 1409.8 626.617
71000000 461.655 953.129 300.239 1414.78 626.892
71100000 472.838 951.731 299.799 1424.57 627.063
71200000 452.055 943.835 297.312 1395.89 628.225
71300000 469.463 956.019 301.15 1425.48 628.416
71400000 477.849 948.148 298.67 1426 625.148
71500000 471.758 953.157 300.248 1424.92 623.53
71600000 463.905 938.177 295.53 1402.08 622.816
71700000 454.897 963.654 303.555 1418.55 623.605
71800000 462.715 957.602 301.648 1420.32 622.195
71900000 467.654 963.365 303.464 1431.02 622.394
72000000 477.916 961.856 302.989 1439.77 621.24
72100000 481.111 947.038 298.321 1428.15 620.124
72200000 468.873 961.512 302.88 1430.39 618.728
72300000 497.013 947.468 298.456 1444.48 618.71
72400000 486.177 953.319 300.299 1439.5 619.529
72500000 494.781 968.969 305.229 1463.75 619.885
72600000 470.917 958.638 301.975 1429.55 620.733
72700000 476.888 960.055 302.421 1436.94 619.674
72800000 462.449 960.42 302.536 1422.87 619.665
72900000 490.018 955.167 300.882 1445.19 619.514
73000000 488.849 947.577 298.49 1436.43 622.515
73100000 472.554 945.169 297.732 1417.72 623.018
73200000 485.447 955.362 300.943 1440.81 622.29
73300000 474.408 954.253 300.594 1428.66 623.502
73400000 463.252 939.48 295.94 1402.73 626.448
73500000 462.589 948.343 298.732 1410.93 628.371
73600000 468.646 941.314 296.518 1409.96 627.961
73700000 464.725 953.397 300.324 1418.12 627.476
73800000 466.021 935.239 294.604 1401.26 629.027
73900000 465.104 967.493 304.764 1432.6 631.03
74000000 454.111 959.877 302.365 1413.99 631.629
74100000 460.944 944.42 297.496 1405.36 632.442
74200000 474.027 947.399 298.434 1421.43 632.465
74300000 460.343 965.484 304.131 1425.83 632.648
74400000 477.449 950.477 299.404 1427.93 631.671
74500000 471.296 947.213 298.376 1418.51 633.366
74600000 463.025 946.386 298.115 1409.41 635.25
74700000 463.056 945.006 297.681 1408.06 636.68
74800000 470.581 947.058 298.327 1417.64 639.437
74900000 471.329 943.922 297.339 1415.25 640.07
75000000 477.583 957.396 301.584 1434.98 640.47
75100000 453.801 941.369 296.535 1395.17 638.828
75200000 462.271 947.503 298.467 1409.77 638.633
75300000 475.241 949.817 299.196 1425.06 638.308
75400000 468.833 952.281 299.972 1421.11 639.022
75500000 462.58 958.627 301.971 1421.21 639.784
75600000 475.373 945.283 297.768 1420.66 641.011
75700000 455.751 951.378 299.688 1407.13 641.211
75800000 465.882 950.123 299.292 1416 640.69
75900000 468.223 939.498 295.946 1407.72 639.849
76000000 449.372 951.294 299.661 1400.67 638.181
76100000 463.454 953.359 300.312 1416.81 639.523
76200000 470.275 958.729 302.003 1429 640.368
76300000 470.914 960.795 302.654 1431.71 640.02
76400000 473.092 944.171 297.418 1417.26 640.309
76500000 480.072 949.308 299.036 1429.38 639.819
76600000 461.864 956.763 301.384 1418.63 640.94
76700000 462.849 948.77 298.866 1411.62 641.543
76800000 482.145 945.237 297.753 1427.38 643.409
76900000 470.254 953.199 300.262 1423.45 644.004
77000000 479.332 949.206 299.004 1428.54 643.032
77100000 475.55 943.859 297.319 1419.41 643.936
77200000 486.947 942.959 297.036 1429.91 644.593
77300000 466.475 933.518 294.062 1399.99 645.088
77400000 475.265 952.694 300.102 1427.96 646.583
77500000 463.189 954.8 300.766 1417.99 646.985
77600000 474.796 947.929 298.601 1422.72 646.465
77700000 482.458 964.975 303.971 1447.43 647.49
77800000 478.102 950.495 299.41 1428.6 647.556
77900000 467.668 952.313 299.982 1419.98 648.957
78000000 474.786 953.833 300.461 1428.62 650.008
78100000 475.684 947.717 298.535 1423.4 650.211
78200000 478.26 948.177 298.68 1426.44 652.439
78300000 461.651 945.086 297.706 1406.74 654.357
78400000 470.501 939.878 296.065 1410.38 653.665
78500000 461.941 947.891 298.59 1409.83 653.348
78600000 468.026 951.449 299.71 1419.48 652.988
78700000 460.15 948.994 298.937 1409.14 651.574
78800000 460.328 943.952 297.349 1404.28 651.485
78900000 463.84 958.324 301.876 1422.16 650.701
79000000 463.369 940.974 296.411 1404.34 650.903
79100000 457.527 939.527 295.955 1397.05 651.772
79200000 458.984 970.183 305.611 1429.17 653.291
79300000 463.883 955.951 301.128 1419.83 654.516
79400000 460.627 952.192 299.944 1412.82 656.082
79500000 452.531 938.808 295.728 1391.34 656.401
79600000 461.67 949.385 299.06 1411.05 657.198
79700000 462.297 951.411 299.698 1413.71 657.537
79800000 467.898 942.379 296.853 1410.28 658.734
79900000 451.588 947.003 298.31 1398.59 659.532
80000000 465.729 955.692 301.047 1421.42 660.46
80100000 467.471 956.371 301.261 1423.84 660.303
80200000 461.99 943.573 297.229 1405.56 661.333
80300000 467.114 960.876 302.68 1427.99 661.031
80400000 464.105 964.017 303.669 1428.12 662.377
80500000 460.545 947.294 298.401 1407.84 662.214
80600000 448.002 948.208 298.689 1396.21 663.112
80700000 451.117 961.941 303.015 1413.06 662.962
80800000 456.222 943.657 297.256 1399.88 662.774
80900000 464.213 954.547 300.686 1418.76 662.417
81000000 470.126 946.824 298.253 1416.95 662.698
81100000 471.604 945.297 297.772 1416.9 662.428
81200000 459.288 955.789 301.078 1415.08 661.055
81300000 462.837 953.303 300.294 1416.14 660.844
81400000 461.656 960.411 302.533 1422.07 662.329
81500000 459.439 940.98 296.412 1400.42 662.777
81600000 462.705 937.837 295.422 1400.54 661.79
81700000 472.766 947.101 298.341 1419.87 661.792
81800000 472.4 948.649 298.828 1421.05 663.523
81900000 475.105 942.488 296.887 1417.59 665.495
82000000 469.73 951.14 299.613 1420.87 665.317
82100000 473.951 952.641 300.086 1426.59 662.61
82200000 473.481 950.771 299.497 1424.25 662.477
82300000 466.578 948.181 298.681 1414.76 662.376
82400000 468.456 943.593 297.236 1412.05 662.556
82500000 477.848 939.819 296.047 1417.67 663.866
82600000 466.778 949.868 299.212 1416.65 664.166
82700000 467.017 956.582 301.327 1423.6 664.413
82800000 453.948 948.341 298.731 1402.29 665.919
82900000 484.421 942.173 296.788 1426.59 665.848
83000000 472.476 952.89 300.164 1425.37 667.575
83100000 469.059 950.32 299.355 1419.38 667.755
83200000 476.427 942.935 297.028 1419.36 668.698
83300000 457.786 942.453 296.876 1400.24 670.885
83400000 473.944 954.371 300.631 1428.32 671.677
83500000 474.161 957.46 301.604 1431.62 672.949
83600000 473.985 951.142 299.614 1425.13 674.049
83700000 463.85 943.135 297.091 1406.98 675.685
83800000 468.34 951.773 299.812 1420.11 675.516
83900000 462.991 959.587 302.274 1422.58 674.911
84000000 464.193 962.683 303.249 1426.88 674.089
84100000 461.157 946.555 298.169 1407.71 674.006
84200000 469.964 937.81 295.414 1407.77 674.762
84300000 470.384 955.36 300.942 1425.74 675.964
84400000 468.995 957.74 301.692 1426.73 675.237
84500000 481.993 951.64 299.771 1433.63 675.749
84600000 454.846 954.391 300.637 1409.24 676.198
84700000 474.062 969.679 305.453 1443.74 678.798
84800000 466.721 952.774 300.128 1419.5 680.322
84900000 480.063 967.344 304.717 1447.41 680.031
85000000 476.008 958.772 302.017 1434.78 679.073
85100000 479.375 945.286 297.769 1424.66 679.861
85200000 482.423 938.727 295.703 1421.15 681.199
85300000 478.777 961.523 302.884 1440.3 681.082
85400000 474.938 950.778 299.499 1425.72 682.247
85500000 484.565 946.186 298.053 1430.75 681.991
85600000 463.705 950.501 299.412 1414.21 681.519
85700000 476.457 962.819 303.292 1439.28 683.531
85800000 453.524 963.006 303.351 1416.53 683.908
85900000 462.508 951.418 299.7 1413.93 684.078
86000000 470.292 943.189 297.108 1413.48 682.746
86100000 467.932 953.39 300.322 1421.32 682.567
86200000 474.998 940.887 296.383 1415.88 684.05
86300000 466.615 951.995 299.882 1418.61 683.182
86400000 461.142 943.886 297.328 1405.03 684.393
86500000 480.976 962.439 303.172 1443.42 684.223
86600000 484.632 956.315 301.243 1440.95 683.878
86700000 466.848 947.517 298.472 1414.37 683.537
86800000 475.803 949.04 298.952 1424.84 682.736
86900000 470.249 959.522 302.253 1429.77 683.354
87000000 462.318 956.898 301.427 1419.22 682.688
87100000 458.17 940.66 296.312 1398.83 682.035
87200000 464.261 949.133 298.981 1413.39 683.916
87300000 468.087 943.526 297.214 1411.61 683.11
87400000 451.997 958.058 301.792 1410.06 681.481
87500000 472.639 951.75 299.805 1424.39 682.506
87600000 464.025 942.399 296.859 1406.42 683.639
87700000 476.979 953.011 300.202 1429.99 682.054
87800000 469.385 953.255 300.279 1422.64 681.741
87900000 453.043 953.521 300.363 1406.56 683.13
88000000 457.555 943.508 297.209 1401.06 683.59
88100000 459.708 948.547 298.796 1408.25 683.295
88200000 461.876 954.424 300.647 1416.3 682.854
88300000 463.114 954.182 300.571 1417.3 682.414
88400000 458.439 964.431 303.8 1422.87 682.103
88500000 472.463 942.337 296.84 1414.8 681.722
88600000 475.667 964.703 303.885 1440.37 682.382
88700000 481.743 945.162 297.73 1426.9 683.279
88800000 472.565 964.126 303.704 1436.69 683.528
88900000 474.299 949.062 298.958 1423.36 682.359
89000000 470.886 952.778 300.129 1423.66 682.574
89100000 474.115 945.442 297.818 1419.56 683.554
89200000 472.071 946.437 298.131 1418.51 682.837
89300000 478.781 946.93 298.287 1425.71 683.777
89400000 483.783 948.203 298.688 1431.99 686.147
89500000 471.493 946.884 298.272 1418.38 686.206
89600000 474.857 953.139 300.242 1428 686.297
89700000 488.195 954.713 300.738 1442.91 685.778
89800000 485.271 955.051 300.845 1440.32 685.907
89900000 481.699 938.645 295.677 1420.34 685.051
90000000 469.623 962.916 303.322 1432.54 685.169
90100000 465.649 948.519 298.787 1414.17 683.981
90200000 470.789 955.295 300.922 1426.08 683.935
90300000 486.61 955.961 301.131 1442.57 684.238
90400000 483.434 965.803 304.232 1449.24 683.337
90500000 469.068 950.896 299.536 1419.96 684.621
90600000 469.589 939.553 295.963 1409.14 685.154
90700000 488.409 950.172 299.308 1438.58 684.591
90800000 489.494 960.715 302.629 1450.21 685.882
90900000 476.357 952.131 299.925 1428.49 686.677
91000000 476.061 965.878 304.255 1441.94 688.833
91100000 486.881 966.155 304.343 1453.04 691.145
91200000 471.738 950.483 299.406 1422.22 690.65
91300000 477.527 953.02 300.205 1430.55 691.326
91400000 470.502 955.506 300.988 1426.01 690.893
91500000 490.93 961.864 302.991 1452.79 691.777
91600000 481.423 960.072 302.427 1441.5 691.539
91700000 491.792 954.529 300.68 1446.32 691.175
91800000 467.874 969.074 305.262 1436.95 692.41
91900000 461.316 943.311 297.147 1404.63 692.567
92000000 467.465 955.216 300.897 1422.68 693.5
92100000 479.235 950.12 299.291 1429.35 692.699
92200000 483.895 950.1 299.285 1434 690.08
92300000 484.891 962.057 303.052 1446.95 689.473
92400000 475.91 941.217 296.487 1417.13 688.256
92500000 469.265 954.582 300.697 1423.85 688.32
92600000 469.294 938.199 295.536 1407.49 688.694
92700000 481.458 960.051 302.42 1441.51 689.089
92800000 475.598 961.27 302.804 1436.87 690.838
92900000 466.54 953.421 300.331 1419.96 692.415
93000000 465.136 932.378 293.703 1397.51 694.041
93100000 459.218 957.586 301.643 1416.8 695.149
93200000 462.234 950.869 299.528 1413.1 696.962
93300000 461.631 950.722 299.481 1412.35 696.801
93400000 476.279 948.979 298.932 1425.26 698.157
93500000 474.515 957.411 301.588 1431.93 699.507
93600000 471.546 948.758 298.863 1420.3 701.071
93700000 474.599 954.818 300.772 1429.42 702.715
93800000 473.23 955.252 300.908 1428.48 703.369
93900000 481.455 938.082 295.5 1419.54 703.109
94000000 479.079 943.403 297.176 1422.48 702.816
94100000 463.629 945.135 297.721 1408.76 701.621
94200000 474.326 959.875 302.364 1434.2 701.431
94300000 481.643 942.224 296.804 1423.87 702.724
94400000 476.19 953.515 300.361 1429.7 705.187
94500000 472.234 949.788 299.187 1422.02 708.092
94600000 466.799 962.419 303.166 1429.22 707.249
94700000 478.915 951.709 299.792 1430.62 707.627
94800000 472.172 953.913 300.486 1426.08 707.107
94900000 471.82 946.356 298.106 1418.18 706.816
95000000 471.651 951.795 299.819 1423.45 706.993
95100000 472.121 946.29 298.085 1418.41 706.541
95200000 478.623 954.684 300.729 1433.31 707.757
95300000 464.255 952.481 300.035 1416.74 708.464
95400000 472.722 968.882 305.202 1441.6 708.975
95500000 467.309 953.937 300.494 1421.25 709.277
95600000 473.181 958.825 302.034 1432.01 709.432
95700000 483.746 949.979 299.247 1433.73 708.965
95800000 463.473 944.935 297.658 1408.41 709.396
95900000 467.076 944.918 297.653 1411.99 709.742
96000000 476.192 956.614 301.337 1432.81 708.994
96100000 470.241 948.985 298.934 1419.23 708.97
96200000 475.747 962.595 303.221 1438.34 711.027
96300000 465.56 963.369 303.465 1428.93 711.202
96400000 464.082 942.252 296.813 1406.33 711.501
96500000 461.856 945.038 297.691 1406.89 711.993
96600000 474.816 950.26 299.336 1425.08 712.238
96700000 461.093 952.915 300.172 1414.01 711.592
96800000 468.372 951.131 299.61 1419.5 712.633
96900000 472.66 941.72 296.646 1414.38 714.732
97000000 479.723 953.691 300.416 1433.41 715.341
97100000 471.305 955.174 300.884 1426.48 715.403
97200000 467.573 942.217 296.802 1409.79 714.321
97300000 464.605 966.105 304.327 1430.71 713.555
97400000 469.463 950.333 299.359 1419.8 713.767
97500000 476.345 954.879 300.791 1431.22 714.101
97600000 479.574 959.999 302.404 1439.57 713.786
97700000 482.775 955.816 301.086 1438.59 715.045
97800000 455.279 945.505 297.838 1400.78 714.989
97900000 468.581 950.111 299.289 1418.69 715.006
98000000 462.702 942.367 296.849 1405.07 714.246
98100000 468.938 952.518 300.047 1421.46 716.303
98200000 483.291 958.221 301.843 1441.51 715.912
98300000 472.295 948.245 298.701 1420.54 717.575
98400000 473.997 944.728 297.593 1418.72 717.584
98500000 470.575 960.775 302.648 1431.35 718.347
98600000 474.617 963.204 303.413 1437.82 717.777
98700000 475.08 945.505 297.838 1420.59 717.308
98800000 475.569 954.321 300.615 1429.89 718.364
98900000 473.021 957.855 301.728 1430.88 718.978
99000000 486.062 938.516 295.636 1424.58 716.559
99100000 473.968 962.023 303.041 1435.99 715.44
99200000 476.346 947.805 298.562 1424.15 714.7
99300000 487.837 950.701 299.475 1438.54 714.727
99400000 482.582 957.744 301.693 1440.33 715.757
99500000 483.149 959.285 302.179 1442.43 715.12
99600000 463.636 962.171 303.088 1425.81 714.946
99700000 470.352 950.952 299.554 1421.3 715.435
99800000 470.331 960.081 302.429 1430.41 714.295
99900000 479.272 959 302.089 1438.27 714.105
100000000 472.13 955.155 300.878 1427.28 715.113
100100000 467.277 947.054 298.326 1414.33 716.106
100200000 472.747 960.177 302.46 1432.92 716.792
100300000 469.936 931.221 293.339 1401.16 716.809
100400000 473.569 948.841 298.889 1422.41 716.788
100500000 466.29 967.527 304.775 1433.82 718.416
100600000 456.309 955.043 300.842 1411.35 719.962
100700000 459.089 959.853 302.357 1418.94 718.971
100800000 467.472 952.519 300.047 1419.99 719.213
100900000 472.292 952.362 299.998 1424.65 719.117
101000000 480.601 954.79 300.763 1435.39 720.403
101100000 463.836 960.476 302.554 1424.31 721.042
101200000 469.323 947.074 298.332 1416.4 721.021
101300000 480.026 952.326 299.987 1432.35 721.31
101400000 458.347 960.481 302.555 1418.83 722.466
101500000 462.401 946.972 298.3 1409.37 724.392
101600000 474.117 946.742 298.228 1420.86 723.846
101700000 444.45 957.917 301.748 1402.37 724.007
101800000 465.2 952.314 299.983 1417.51 726
101900000 467.594 950.586 299.438 1418.18 726.943
102000000 478.266 952.349 299.994 1430.62 727.609
102100000 462.978 937.445 295.299 1400.42 728.679
102200000 464.416 958.035 301.785 1422.45 729.108
102300000 451.419 941.609 296.611 1393.03 728.133
102400000 467.257 961 302.719 1428.26 727.903
102500000 474.385 956.568 301.323 1430.95 728.446
102600000 466.654 947.059 298.327 1413.71 730.829
102700000 472.06 949.301 299.034 1421.36 732.523
102800000 457.672 962.901 303.318 1420.57 733.534
102900000 460.896 942.277 296.821 1403.17 733.546
103000000 471.47 946.051 298.01 1417.52 731.348
103100000 468.483 960.62 302.599 1429.1 731.221
103200000 477.877 961.672 302.93 1439.55 731.706
103300000 473.283 947.378 298.428 1420.66 729.982
103400000 487.13 952.998 300.198 1440.13 731.202
103500000 485.521 959.73 302.319 1445.25 730.122
103600000 480.388 940.327 296.207 1420.72 729.755
103700000 494.455 952.673 300.096 1447.13 731.919
103800000 486.075 959.362 302.203 1445.44 731.411
103900000 481.205 944.88 297.641 1426.08 731.511
104000000 474.586 958.973 302.08 1433.56 731.242
104100000 475.105 940.72 296.331 1415.82 730.733
104200000 477.15 943.438 297.187 1420.59 730.044
104300000 478.243 959.875 302.365 1438.12 729.633
104400000 470.586 959.921 302.379 1430.51 730.803
104500000 482.733 956.093 301.173 1438.83 733.192
104600000 475.926 938.103 295.506 1414.03 733.176
104700000 485.838 959.237 302.164 1445.08 732.85
104800000 477.098 949.707 299.162 1426.81 732.443
104900000 477.524 947.163 298.36 1424.69 731.551
105000000 474.677 946.903 298.278 1421.58 732.699
