# Time-averaged data for fix favg
# TimeStep v_vpe v_vke v_vT v_vE v_vRg
5100000 26.8095 147.399 299.694 174.209 149.829
5200000 29.0987 148.034 300.984 177.133 150.122
5300000 28.4471 146.036 296.922 174.483 150.38
5400000 23.7524 150.305 305.601 174.057 147.905
5500000 16.4773 142.113 288.945 158.59 144.415
5600000 18.294 147.342 299.576 165.636 142.846
5700000 22.3159 148.498 301.927 170.814 143.059
5800000 24.641 145.625 296.086 170.266 146.264
5900000 24.5477 145.123 295.065 169.67 152.989
6000000 31.3786 142.696 290.131 174.075 154.361
6100000 33.7821 148.351 301.628 182.133 159.222
6200000 25.0721 147.77 300.446 172.842 163.493
6300000 23.9912 143.135 291.023 167.126 165.993
6400000 23.0046 145.671 296.18 168.676 167.483
6500000 21.416 144.552 293.904 165.968 168.659
6600000 14.7806 150.237 305.463 165.018 170.088
6700000 20.2843 150.293 305.578 170.578 172.249
6800000 22.8241 143.331 291.423 166.155 174.155
6900000 25.8567 146.853 298.583 172.71 180.582
7000000 24.3202 151.183 307.387 175.503 185.173
7100000 11.4137 149.189 303.333 160.603 185.146
7200000 5.82354 147.25 299.391 153.074 185.348
7300000 2.89883 147.382 299.658 150.28 185.226
7400000 10.1684 150.662 306.326 160.83 185.818
7500000 8.72369 148.736 302.411 157.459 183.97
7600000 5.73701 152.086 309.223 157.823 179.76
7700000 3.51316 149.28 303.516 152.793 180.836
7800000 3.21623 144.997 294.809 148.213 182.625
7900000 -0.818205 148.877 302.698 148.059 184.236
8000000 1.90702 153.402 311.898 155.309 183.372
8100000 7.28249 144.965 294.743 152.247 181.63
8200000 9.76368 148.774 302.488 158.538 181.52
8300000 5.35809 146.277 297.411 151.635 182.341
8400000 6.09144 149.043 303.034 155.134 179.585
8500000 8.39083 147.737 300.38 156.128 176.653
8600000 16.8355 146.13 297.113 162.966 178.756
8700000 21.1468 145.218 295.258 166.365 178.326
8800000 14.1121 151.764 308.567 165.876 183.412
8900000 18.8473 148.163 301.246 167.01 184.193
9000000 19.6675 145.629 296.095 165.297 186.529
9100000 19.8618 146.793 298.462 166.655 190.725
9200000 5.14168 139.607 283.85 144.748 194.694
9300000 20.247 147.427 299.75 167.674 197.653
9400000 6.49714 150.803 306.614 157.3 197.881
9500000 11.9554 145.678 296.194 157.633 201.64
9600000 16.0962 149.812 304.599 165.908 207.305
9700000 13.8471 144.295 293.382 158.142 209.762
9800000 11.704 143.686 292.144 155.39 217.314
9900000 0.60544 144.3 293.392 144.905 221.07
10000000 8.56928 143.407 291.576 151.976 225.486
10100000 3.53948 151.899 308.842 155.438 223.508
10200000 12.9147 148.142 301.204 161.057 222.383
10300000 7.87087 142.813 290.369 150.684 221.497
10400000 12.129 146.93 298.738 159.059 220.446
10500000 14.97 149.071 303.092 164.041 224.144
10600000 15.6283 137.299 279.157 152.927 226.444
10700000 8.05247 151.308 307.641 159.361 228.007
10800000 15.3155 146.629 298.128 161.945 229.186
10900000 11.3694 149.188 303.33 160.557 231.499
11000000 6.58208 148.815 302.572 155.397 229.91
11100000 4.161 143.13 291.013 147.291 231.855
11200000 6.06426 146.643 298.157 152.708 238.077
11300000 9.48016 144.842 294.494 154.322 238.452
11400000 3.38733 149.65 304.269 153.037 234.359
11500000 7.00317 149.042 303.034 156.046 234.019
11600000 12.7338 147.239 299.368 159.973 237.037
11700000 19.7504 147.615 300.132 167.366 230.366
11800000 17.3625 145.775 296.392 163.138 229.79
11900000 5.50841 146.401 297.663 151.909 233.805
12000000 6.8963 148.096 301.109 154.992 235.269
12100000 8.09056 146.082 297.015 154.172 238.935
12200000 -2.78486 149.48 303.923 146.695 238.662
12300000 7.55693 151.422 307.872 158.979 235.562
12400000 11.7948 144.824 294.456 156.618 239.231
12500000 12.7945 146.982 298.844 159.776 238.519
12600000 21.0404 152.817 310.708 173.857 237.431
12700000 9.6596 147.394 299.682 157.053 235.607
12800000 9.92211 142.145 289.01 152.067 233.805
12900000 9.29314 141.517 287.733 150.81 235.125
13000000 4.05139 153.809 312.725 157.86 236.077
13100000 8.86634 143.689 292.149 152.555 235.597
13200000 12.1903 145.16 295.141 157.351 233.076
13300000 6.97487 143.35 291.46 150.324 230.266
13400000 10.6885 149.228 303.412 159.917 230.252
13500000 6.49602 146.739 298.351 153.235 230.176
13600000 11.9596 142.887 290.518 154.846 230.155
13700000 10.6419 138.828 282.267 149.47 232.221
13800000 12.5321 152.054 309.158 164.586 232.512
13900000 -4.43455 150.365 305.724 145.931 236.448
14000000 4.32 146.572 298.012 150.892 236.684
14100000 6.48293 151.413 307.855 157.896 240.695
14200000 7.57352 145.765 296.371 153.339 239.523
14300000 3.79743 152.003 309.054 155.801 238.051
14400000 2.18684 148.248 301.418 150.434 238.434
14500000 1.25583 144.492 293.782 145.748 237.633
14600000 8.36251 146.644 298.157 155.006 243.635
14700000 23.6229 145.011 294.837 168.634 249.153
14800000 18.4479 148.903 302.752 167.351 250.403
14900000 21.459 143.8 292.376 165.259 248.043
15000000 20.3875 149.32 303.6 169.708 243.38
15100000 14.8005 143.25 291.256 158.05 244.603
15200000 15.1167 149.701 304.373 164.817 246.18
15300000 21.1569 148.484 301.9 169.641 244.535
15400000 2.22211 151.672 308.38 153.894 241.391
15500000 7.00253 145.807 296.456 152.81 239.893
15600000 16.6509 150.135 305.256 166.786 242.84
15700000 22.2584 143.175 291.105 165.434 248.625
15800000 23.8775 145.463 295.757 169.341 249.977
15900000 13.0196 149.975 304.93 162.994 246.606
16000000 14.8387 145.354 295.535 160.193 250.452
16100000 15.3002 147.44 299.776 162.74 253.284
16200000 8.41992 146.22 297.296 154.64 252.938
16300000 11.7374 144.783 294.375 156.521 251.333
16400000 12.6183 145.654 296.145 158.273 250.23
16500000 18.1436 145.11 295.038 163.253 249.498
16600000 14.4016 147.534 299.967 161.935 250.945
16700000 17.524 146.282 297.422 163.806 251.483
16800000 38.8856 146.829 298.534 185.715 256.679
16900000 32.1634 148.996 302.941 181.16 259.941
17000000 15.9202 152.347 309.753 168.267 263.909
17100000 18.477 148.136 301.191 166.613 263.314
17200000 4.02585 152.338 309.735 156.364 261.496
17300000 7.86698 149.2 303.355 157.067 259.597
17400000 3.49268 148.717 302.373 152.21 260.662
17500000 0.981497 149.765 304.503 150.746 265.688
17600000 4.35883 146.296 297.451 150.655 265.907
17700000 11.8439 152.199 309.453 164.043 262.304
17800000 6.48569 147.773 300.454 154.259 258.84
17900000 6.91319 151.605 308.244 158.518 259.499
18000000 -1.47689 145.677 296.191 144.2 261.957
18100000 12.0112 145.294 295.412 157.305 259.505
18200000 11.0527 147.121 299.129 158.174 252.283
18300000 13.824 151.271 307.565 165.095 254.602
18400000 5.15769 147.338 299.568 152.495 253.028
18500000 12.7861 153.264 311.617 166.05 247.981
18600000 12.9005 145.782 296.404 158.682 243.835
18700000 10.4843 148.395 301.717 158.879 244.21
18800000 2.01135 152.218 309.491 154.23 242.21
18900000 6.90536 148.38 301.687 155.285 241.301
19000000 10.4988 149.552 304.07 160.051 242.192
19100000 13.2922 146.595 298.058 159.887 244.489
19200000 9.20806 150.256 305.501 159.464 250.321
19300000 17.8525 148.994 302.936 166.846 250.938
19400000 22.6349 148.207 301.336 170.842 256.838
19500000 23.4888 148.693 302.323 172.181 257.602
19600000 14.6719 147.695 300.295 162.367 259.13
19700000 5.10033 146.643 298.157 151.744 255.96
19800000 22.0942 142.988 290.725 165.083 257.925
19900000 22.7635 151.22 307.461 173.983 260.684
20000000 29.9133 148.604 302.143 178.517 260.626
20100000 24.6401 151.788 308.617 176.429 262.015
20200000 14.8449 146.86 298.598 161.705 260.662
20300000 24.7744 142.216 289.154 166.99 261.351
20400000 23.7766 148.863 302.67 172.64 263.074
20500000 24.6887 144.442 293.68 169.131 268.058
20600000 27.8042 149.114 303.18 176.918 271.724
20700000 29.0697 149.424 303.81 178.494 271.895
20800000 28.1255 141.907 288.526 170.033 275.601
20900000 28.0996 149.871 304.72 177.971 278.861
21000000 21.8683 147.367 299.629 169.236 279.377
21100000 25.7088 148.272 301.467 173.98 278.797
21200000 21.0595 144.444 293.685 165.504 280.587
21300000 15.0313 144.783 294.373 159.814 283.802
21400000 4.49321 149.439 303.84 153.932 285.936
21500000 5.3863 143.856 292.489 149.242 286.791
21600000 8.75069 150.955 306.923 159.706 288.746
21700000 14.1136 148.613 302.161 162.726 292.932
21800000 19.1739 146.849 298.574 166.023 298.301
21900000 12.8654 150.75 306.506 163.615 296.092
22000000 15.7125 149.195 303.345 164.908 294.827
22100000 23.1379 151.792 308.625 174.93 297.814
22200000 13.0253 150.5 305.997 163.525 298.48
22300000 5.12726 143.532 291.831 148.66 294.891
22400000 15.5002 145.463 295.757 160.963 292.86
22500000 14.1364 144.854 294.519 158.991 294.972
22600000 23.942 143.212 291.18 167.154 296.042
22700000 17.352 150.713 306.431 168.065 295.855
22800000 20.6033 144.751 294.309 165.355 301.278
22900000 28.8368 143.717 292.206 172.554 304.517
23000000 14.8756 144.445 293.686 159.32 306.963
23100000 14.735 147.649 300.201 162.384 307.299
23200000 23.218 148.766 302.472 171.984 304.26
23300000 20.4737 142.126 288.972 162.6 301.681
23400000 27.7768 145.041 294.899 172.818 301.959
23500000 37.3655 140.102 284.856 177.467 305.527
23600000 26.5758 147.038 298.959 173.614 306.135
23700000 21.0978 148.462 301.854 169.56 305.759
23800000 25.2678 141.19 287.069 166.458 312.274
23900000 19.9487 145.417 295.664 165.366 315.855
24000000 18.5222 144.973 294.76 163.495 314.581
24100000 18.1694 144.401 293.597 162.57 317.263
24200000 10.7874 152.082 309.214 162.869 321.305
24300000 16.6285 144.04 292.863 160.668 321.16
24400000 14.0058 151.14 307.299 165.146 323.727
24500000 12.8882 142.563 289.861 155.452 323.521
24600000 16.9593 145.369 295.565 162.328 327.757
24700000 15.8099 149.098 303.147 164.908 331.428
24800000 10.0878 148.813 302.568 158.901 335.06
24900000 16.1899 145.783 296.407 161.973 332.211
25000000 12.8296 147.027 298.937 159.857 331.501
25100000 8.9031 147.778 300.464 156.681 331.719
25200000 22.5018 147.226 299.341 169.728 335.493
25300000 25.7644 145.779 296.398 171.543 334.001
25400000 13.0188 146.825 298.526 159.844 332.844
25500000 -0.901507 146.691 298.254 145.79 330.249
25600000 6.74651 147.203 299.293 153.949 334.797
25700000 13.3038 150.39 305.774 163.694 337.225
25800000 18.3312 150.748 306.501 169.079 340.245
25900000 6.78917 148.735 302.409 155.524 341.453
26000000 6.30784 145.969 296.784 152.276 341.705
26100000 13.0195 146.726 298.324 159.745 341.046
26200000 6.9136 147.277 299.445 154.191 343.109
26300000 18.2904 142.606 289.947 160.896 345.556
26400000 13.1709 147.582 300.066 160.753 345.916
26500000 8.84402 150.057 305.096 158.901 343.616
26600000 14.221 143.03 290.809 157.25 340.714
26700000 4.88141 145.533 295.899 150.414 336.328
26800000 3.53172 148.336 301.599 151.868 333.439
26900000 18.8699 151.476 307.982 170.346 336.573
27000000 22.8238 148.596 302.127 171.42 338.031
27100000 11.2167 148.664 302.264 159.88 342.274
27200000 23.0753 149.344 303.646 172.419 343.496
27300000 21.9729 149.237 303.429 171.21 345.853
27400000 15.1131 144.065 292.915 159.179 346.957
27500000 12.1904 145.275 295.373 157.465 347.581
27600000 10.0381 146.921 298.721 156.959 351.603
27700000 11.232 150.775 306.557 162.007 357.628
27800000 8.52683 150.79 306.588 159.317 358.339
27900000 6.36491 148.931 302.807 155.296 360.915
28000000 12.2096 151.915 308.875 164.125 357.889
28100000 13.2776 145.977 296.802 159.255 356.301
28200000 9.28927 150.802 306.612 160.091 356.937
28300000 14.7532 144.357 293.507 159.11 358.941
28400000 26.408 151.388 307.804 177.796 365.044
28500000 16.3525 147.846 300.601 164.198 366.963
28600000 20.9562 146.122 297.095 167.078 368.141
28700000 14.2563 149.714 304.401 163.971 367.316
28800000 29.5021 146.544 297.954 176.046 364.788
28900000 23.2654 144.946 294.706 168.212 367.931
29000000 18.5691 145.907 296.659 164.476 369.072
29100000 15.3756 147.831 300.571 163.206 369.936
29200000 14.703 145.353 295.533 160.056 369.018
29300000 18.8447 145.234 295.292 164.079 371.806
29400000 15.8096 149.862 304.701 165.672 374.735
29500000 7.92229 146.173 297.201 154.096 379.467
29600000 20.9883 151.091 307.2 172.079 381.31
29700000 13.1962 141.966 288.646 155.162 379.693
29800000 7.96739 146.602 298.073 154.57 377.03
29900000 12.9407 150.927 306.865 163.867 371.318
30000000 6.71975 150.493 305.984 157.213 371.768
30100000 4.36654 143.209 291.173 147.575 372.646
30200000 15.4293 146.712 298.296 162.141 373.52
30300000 14.1449 148.812 302.565 162.957 374.186
30400000 6.65039 141.159 287.005 147.809 378.097
30500000 16.5953 147.503 299.905 164.098 380.039
30600000 9.77993 148.394 301.716 158.174 381.733
30700000 13.6417 144.569 293.939 158.211 386.001
30800000 12.0911 149.757 304.487 161.848 387.11
30900000 22.0365 152.652 310.374 174.689 383.708
31000000 15.4601 145.514 295.861 160.974 381.131
31100000 5.99607 145.268 295.36 151.264 379.497
31200000 7.7626 145.942 296.731 153.705 374.569
31300000 14.2342 146.43 297.724 160.665 377.319
31400000 14.5896 141.226 287.142 155.815 378.004
31500000 25.8484 142.157 289.035 168.005 378.708
31600000 33.6666 147.628 300.159 181.295 378.419
31700000 33.7706 149.206 303.366 182.976 379.391
31800000 30.5436 147.725 300.356 178.269 377.943
31900000 22.7105 144.886 294.584 167.597 378.841
32000000 21.074 144.776 294.36 165.85 376.847
32100000 24.3579 151.305 307.634 175.662 377.23
32200000 24.0661 143.604 291.977 167.67 379.073
32300000 29.4711 145.902 296.648 175.373 383.286
32400000 19.7189 145.89 296.625 165.609 384.188
32500000 28.608 150.096 305.176 178.704 383.633
32600000 24.6918 150.591 306.184 175.283 385.753
32700000 25.5006 149.268 303.492 174.768 386.546
32800000 22.372 145.2 295.223 167.572 384.964
32900000 24.0678 145.8 296.441 169.868 382.517
33000000 26.0901 154.17 313.459 180.26 383.223
33100000 23.9382 146.763 298.4 170.702 383.538
33200000 28.5409 144.55 293.901 173.091 379.494
33300000 23.4042 155.317 315.792 178.721 380.662
33400000 25.9991 148.516 301.963 174.515 379.876
33500000 26.921 145.385 295.599 172.306 380.039
33600000 22.2952 148.917 302.78 171.212 378.58
33700000 16.8248 146.049 296.948 162.874 377.357
33800000 16.7583 150.244 305.477 167.002 375.875
33900000 20.6302 149.396 303.752 170.026 373.722
34000000 18.4342 146.69 298.251 165.124 371.666
34100000 22.9568 150.005 304.991 172.961 376.653
34200000 27.7577 141.959 288.633 169.717 377.54
34300000 29.8888 152.151 309.354 182.04 378.812
34400000 35.1628 145.437 295.703 180.599 380.728
34500000 26.7192 143.281 291.321 170.001 381.035
34600000 21.1076 147.822 300.554 168.93 382.744
34700000 24.5077 143.504 291.773 168.011 385.723
34800000 23.8459 144.057 292.898 167.903 392.561
34900000 27.1945 144.565 293.932 171.76 393.816
35000000 24.1304 144.18 293.148 168.31 401.42
35100000 21.1463 146.855 298.587 168.002 404.407
35200000 20.9736 146.504 297.873 167.477 408.74
35300000 26.2898 146.523 297.913 172.813 408.983
35400000 23.2204 148.91 302.764 172.13 412.267
35500000 27.1969 146.337 297.533 173.534 414.831
35600000 30.3563 146.912 298.702 177.268 414.769
35700000 25.3567 152.626 310.32 177.982 415.365
35800000 33.7405 147.107 299.1 180.848 415.223
35900000 40.5039 147.24 299.37 187.744 414.98
36000000 32.3462 142.002 288.72 174.348 414.257
36100000 30.4649 147.577 300.054 178.042 414.806
36200000 25.9039 145.131 295.081 171.035 414.725
36300000 24.3666 143.719 292.211 168.086 415.478
36400000 38.2545 144.068 292.921 182.323 414.646
36500000 24.0528 145.626 296.089 169.679 414.215
36600000 31.1829 146.141 297.135 177.324 416.161
36700000 18.8459 146.036 296.922 164.882 417.189
36800000 23.7141 149.893 304.764 173.607 414.335
36900000 24.0046 150.902 306.816 174.907 415.225
37000000 23.8413 148.609 302.152 172.45 417.605
37100000 23.7793 140.843 286.364 164.623 420.321
37200000 24.1896 148.904 302.753 173.094 422.942
37300000 25.0997 144.312 293.416 169.412 423.084
37400000 32.2267 146.156 297.165 178.383 421.269
37500000 28.1472 150.209 305.407 178.357 418.466
37600000 28.1418 143.737 292.247 171.879 420.037
37700000 25.6461 144.129 293.044 169.775 422.533
37800000 30.6383 143.787 292.349 174.425 425.186
37900000 30.3138 145.693 296.224 176.007 422.725
38000000 35.1451 150.976 306.965 186.121 422.613
38100000 25.7309 143.614 291.996 169.345 419.999
38200000 35.2087 148.713 302.364 183.922 420.476
38300000 36.8323 147.632 300.167 184.464 418.228
38400000 25.1599 142.586 289.908 167.746 416.255
38500000 27.5928 147.433 299.762 175.026 413.247
38600000 27.5941 145.395 295.618 172.989 414.487
38700000 35.1921 151.382 307.792 186.574 411.644
38800000 27.5157 145.941 296.728 173.457 411.418
38900000 22.5334 151.151 307.322 173.685 413.557
39000000 34.1763 148.365 301.657 182.541 417.35
39100000 29.427 151.305 307.634 180.732 417.897
39200000 29.9016 149.884 304.745 179.785 417.353
39300000 28.6092 147.657 300.218 176.266 418.022
39400000 33.281 150.056 305.096 183.337 420.512
39500000 25.4557 143.169 291.092 168.624 427.983
39600000 24.5603 144.889 294.59 169.449 428.721
39700000 24.9297 146.257 297.37 171.186 426.952
39800000 25.0777 149.121 303.194 174.199 426.357
39900000 30.9448 149.095 303.141 180.04 423.257
40000000 31.598 146.018 296.886 177.616 420.193
40100000 23.6968 150.891 306.793 174.588 417.092
40200000 29.7096 139.755 284.15 169.464 418.182
40300000 32.8419 153.904 312.919 186.746 421.3
40400000 20.7991 150.015 305.011 170.814 426.733
40500000 30.7083 144.437 293.67 175.145 427.908
40600000 34.6434 145.405 295.638 180.048 425.695
40700000 30.5042 156.983 319.178 187.487 424.678
40800000 22.4695 146.926 298.731 169.395 424.008
40900000 30.8286 153.435 311.964 184.263 424.044
41000000 35.3087 154.296 313.716 189.605 424.722
41100000 33.8964 148.801 302.543 182.697 424.304
41200000 24.849 148.962 302.87 173.811 429.041
41300000 28.6771 142.894 290.532 171.571 429.605
41400000 17.0571 148.443 301.815 165.5 425.136
41500000 21.0981 145.888 296.62 166.986 424.122
41600000 21.5763 149.501 303.966 171.077 423.836
41700000 20.4335 144.279 293.349 164.712 421.183
41800000 29.6961 144.561 293.922 174.257 423.064
41900000 27.8246 148.088 301.094 175.913 423.686
42000000 30.5257 149.748 304.469 180.274 422.407
42100000 34.2461 145.679 296.196 179.925 423.756
42200000 23.4676 142.141 289.003 165.609 428.075
42300000 25.2006 150.2 305.387 175.4 428.909
42400000 30.8578 145.204 295.231 176.062 432.545
42500000 35.3218 147.361 299.616 182.683 429.553
42600000 42.7743 154.166 313.452 196.94 427.916
42700000 47.957 143.247 291.25 191.204 429.647
42800000 38.3249 146.325 297.508 184.65 433.59
42900000 32.837 153.084 311.251 185.921 432.737
43000000 38.9038 148.169 301.258 187.072 431.743
43100000 37.1941 145.71 296.259 182.904 434.209
43200000 39.1712 145.321 295.467 184.492 437.927
43300000 36.9024 148.395 301.717 185.297 438.668
43400000 37.1451 144.962 294.738 182.107 439.956
43500000 35.9823 149.847 304.669 185.829 441.52
43600000 43.3131 148.578 302.089 191.891 441.317
43700000 31.5868 145.429 295.688 177.016 439.574
43800000 38.6959 150.923 306.858 189.619 441.377
43900000 46.9873 147.223 299.335 194.21 440.648
44000000 39.0208 148.629 302.194 187.65 440.39
44100000 37.3743 143.843 292.463 181.218 447.465
44200000 33.5437 145.308 295.441 178.852 448.5
44300000 31.811 151.473 307.976 183.284 450.058
44400000 26.8687 146.117 297.086 172.985 451.119
44500000 28.187 148.853 302.649 177.04 452.694
44600000 26.9691 142.728 290.196 169.697 447.976
44700000 18.6428 150.801 306.609 169.444 445.89
44800000 20.6439 152.506 310.076 173.15 445.006
44900000 18.9003 145.344 295.515 164.245 444.551
45000000 21.8769 148.501 301.933 170.378 447.92
45100000 17.6699 150.392 305.779 168.062 452.363
45200000 28.4466 145.044 294.905 173.491 453.541
45300000 33.6644 143.944 292.667 177.608 455.452
45400000 28.502 146.659 298.189 175.161 457.749
45500000 25.1984 144.032 292.847 169.231 459.214
45600000 20.2178 150.356 305.706 170.574 463.045
45700000 17.4621 146.523 297.911 163.985 458.432
45800000 22.9469 152.801 310.677 175.748 456.352
45900000 26.7101 142.554 289.842 169.264 458.335
46000000 35.2821 151.243 307.507 186.525 459.82
46100000 28.031 145.24 295.302 173.271 463.241
46200000 28.4456 147.25 299.389 175.695 465.266
46300000 30.1373 149.244 303.443 179.381 468.506
46400000 30.757 143.313 291.385 174.07 472.49
46500000 16.4911 143.954 292.689 160.445 476.245
46600000 29.4911 149.604 304.176 179.095 476.795
46700000 34.1683 143.155 291.063 177.323 476.124
46800000 23.9369 149.851 304.678 173.788 479.34
46900000 20.9485 152.677 310.423 173.625 481.913
47000000 33.3792 153.152 311.391 186.532 480.156
47100000 29.2271 142.091 288.901 171.318 483.32
47200000 32.5226 143.458 291.681 175.981 485.785
47300000 33.9253 148.511 301.953 182.436 488.092
47400000 38.1489 152.047 309.143 190.196 493.929
47500000 28.6946 146.765 298.404 175.459 496.785
47600000 35.9165 144.382 293.558 180.298 496.086
47700000 42.6994 147.59 300.082 190.29 494.148
47800000 32.7183 144.222 293.233 176.94 494.487
47900000 36.6697 150.959 306.932 187.629 494.837
48000000 36.3447 146.222 297.3 182.567 491.246
48100000 38.7403 147.801 300.511 186.542 490.209
48200000 36.373 146.852 298.581 183.225 492.649
48300000 26.0096 151.526 308.084 177.535 494.058
48400000 15.7989 148.744 302.428 164.543 491.197
48500000 23.5917 146.073 296.997 169.665 495.019
48600000 21.2732 153.129 311.343 174.402 496.203
48700000 18.3004 150.83 306.668 169.13 494.367
48800000 28.849 152.101 309.253 180.95 495.117
48900000 31.2529 146.319 297.497 177.572 494.959
49000000 36.5918 151.98 309.007 188.572 491.862
49100000 27.3812 145.223 295.268 172.604 487.502
49200000 29.7037 143.552 291.871 173.256 484.803
49300000 33.5888 145.122 295.063 178.711 483.379
49400000 46.2084 148.17 301.26 194.378 484.548
49500000 36.605 151.172 307.363 187.777 486.161
49600000 34.6524 143.794 292.363 178.446 490.969
49700000 29.807 151.818 308.677 181.625 490.826
49800000 22.7249 147.632 300.167 170.357 491.652
49900000 22.9837 154.537 314.206 177.521 494.988
50000000 20.1902 144.7 294.206 164.891 498.609
50100000 16.1729 150.977 306.967 167.149 499.867
50200000 22.043 141.319 287.331 163.362 502.313
50300000 18.6718 149.076 303.103 167.748 497.913
50400000 22.2835 144.551 293.902 166.835 501.249
50500000 26.5 151.907 308.859 178.407 502.856
50600000 25.4099 151.39 307.808 176.8 505.163
50700000 20.686 146.114 297.079 166.8 507.369
50800000 17.3943 150.096 305.176 167.49 507.699
50900000 14.8905 150.482 305.962 165.373 505.623
51000000 20.8966 148.284 301.492 169.181 498.144
51100000 21.4821 147.941 300.795 169.423 496.882
51200000 13.0287 150.669 306.342 163.698 500.319
51300000 10.7427 150.883 306.776 161.625 502.378
51400000 16.016 149.743 304.459 165.759 506.831
51500000 18.313 145.615 296.066 163.928 506.759
51600000 4.2643 148.323 301.572 152.588 511.692
51700000 13.6365 146.25 297.357 159.887 512.866
51800000 9.98287 147.836 300.581 157.819 513.922
51900000 11.478 147.264 299.419 158.742 518.006
52000000 12.1515 144.974 294.762 157.125 518.751
52100000 18.7086 147.85 300.61 166.559 521.804
52200000 21.6107 152.115 309.281 173.725 522.878
52300000 17.3707 147.366 299.625 164.736 523.577
52400000 22.1236 151.806 308.653 173.929 524.282
52500000 18.2759 144.446 293.688 162.721 521.524
52600000 20.9866 150.594 306.189 171.581 518.842
52700000 15.9157 142.948 290.644 158.864 520.201
52800000 16.5258 143.786 292.347 160.312 520.609
52900000 20.3251 149.082 303.114 169.407 522.671
53000000 23.2036 144.738 294.282 167.942 520.367
53100000 24.2684 148.091 301.1 172.359 516.264
53200000 20.558 155.597 316.361 176.155 515.815
53300000 21.6475 147.953 300.819 169.601 513.68
53400000 25.569 147.626 300.155 173.195 513.198
53500000 22.042 147.023 298.928 169.065 518.533
53600000 22.7284 148.285 301.494 171.013 522.574
53700000 25.8454 147.814 300.536 173.659 524.78
53800000 23.3733 148.539 302.011 171.912 529.84
53900000 23.244 147.732 300.37 170.976 534.342
54000000 16.555 148.055 301.026 164.61 538.103
54100000 20.2808 152.357 309.773 172.638 538.533
54200000 16.2544 153.515 312.128 169.769 535.656
54300000 28.9219 150.412 305.82 179.334 534.322
54400000 18.3809 148.475 301.881 166.856 531.379
54500000 26.2541 142.992 290.733 169.246 530.389
54600000 27.9296 143.663 292.096 171.592 529.935
54700000 28.1214 143.712 292.195 171.833 529.079
54800000 17.9442 147.909 300.729 165.853 530.236
54900000 27.2321 146.798 298.471 174.03 533.332
55000000 23.2006 145.933 296.713 169.134 532.307
55100000 21.7708 144.94 294.694 166.711 529.097
55200000 22.4873 142.881 290.508 165.369 528.542
55300000 20.9335 139.457 283.545 160.39 527.305
55400000 26.7861 141.979 288.673 168.765 524.891
55500000 20.1264 153.257 311.604 173.384 522.424
55600000 26.2202 144.362 293.518 170.582 519.824
55700000 24.799 152.806 310.686 177.605 517.671
55800000 25.1427 143.532 291.83 168.675 516.245
55900000 16.5842 144.321 293.435 160.905 518.486
56000000 25.0845 152.239 309.534 177.324 524.064
56100000 20.818 147.572 300.044 168.39 523.959
56200000 26.7108 148.423 301.774 175.134 522.779
56300000 19.4569 149.005 302.958 168.462 520.581
56400000 27.2396 149.926 304.831 177.166 521.849
56500000 19.5936 151.196 307.413 170.79 524.536
56600000 24.1525 145.653 296.143 169.806 524.267
56700000 26.4734 143.289 291.336 169.762 523.651
56800000 17.8556 150.709 306.422 168.564 523.861
56900000 20.7708 149.333 303.624 170.103 524.679
57000000 22.4411 143.377 291.515 165.818 519.914
57100000 25.123 146.9 298.679 172.023 513.911
57200000 23.8726 146.928 298.736 170.801 512.343
57300000 27.668 146.509 297.883 174.177 511.205
57400000 33.5186 143.209 291.173 176.728 511.374
57500000 32.5821 151.057 307.13 183.639 511.711
57600000 22.0713 148.119 301.157 170.191 510.877
57700000 19.8094 147.194 299.275 167.003 510.424
57800000 15.1111 148.144 301.208 163.255 512.036
57900000 14.2848 146.243 297.342 160.527 507.39
58000000 13.5446 149.138 303.229 162.683 503.987
58100000 16.8274 145.548 295.928 162.375 505.121
58200000 22.4713 146.753 298.379 169.224 505.72
58300000 18.985 150.844 306.698 169.829 509.171
58400000 18.4075 146.61 298.089 165.018 510.64
58500000 16.9948 147.463 299.823 164.458 512.547
58600000 21.5025 145.382 295.592 166.885 514.243
58700000 30.3587 145.473 295.776 175.831 516.515
58800000 30.2254 151.248 307.519 181.474 519.183
58900000 21.4197 148.21 301.342 169.63 518.988
59000000 20.3588 147.485 299.868 167.844 517.365
59100000 25.9681 148.394 301.717 174.363 519.489
59200000 26.4706 147.382 299.657 173.852 521.447
59300000 32.6251 148.828 302.599 181.453 522.599
59400000 33.4535 148.015 300.946 181.469 523.491
59500000 28.4424 144.222 293.233 172.664 524.245
59600000 21.1255 148.44 301.809 169.565 525.905
59700000 20.8484 151 307.014 171.848 523.667
59800000 11.9939 148.392 301.711 160.385 524.62
59900000 15.2199 149.184 303.322 164.404 521.114
60000000 21.2789 147.098 299.081 168.377 518.544
60100000 19.0383 146.002 296.853 165.041 515.154
60200000 23.4016 145.356 295.538 168.757 508.965
60300000 24.0385 146.341 297.541 170.379 504.239
60400000 21.2049 149.503 303.972 170.708 504.647
60500000 21.5058 145.901 296.646 167.407 504.65
60600000 17.8836 143.144 291.042 161.028 504.86
60700000 12.3856 150.226 305.442 162.612 503.639
60800000 20.8763 150.012 305.005 170.888 501.559
60900000 31.5215 144.83 294.47 176.352 499.099
61000000 25.82 148.033 300.981 173.853 497.291
61100000 19.2425 152.974 311.027 172.216 495.348
61200000 19.8594 142.13 288.98 161.99 491.578
61300000 17.7665 147.14 299.166 164.906 491.052
61400000 18.9924 140.45 285.564 159.442 492.179
61500000 18.5734 147.666 300.236 166.24 494.121
61600000 15.5191 141.408 287.512 156.927 497.868
61700000 16.2771 150.971 306.956 167.249 501.958
61800000 20.9625 149.566 304.099 170.529 501.71
61900000 20.1893 143.48 291.724 163.669 500.666
62000000 28.1794 145.569 295.971 173.748 495.403
62100000 28.8222 150.077 305.137 178.899 493.471
62200000 19.7739 145.725 296.289 165.499 497.86
62300000 23.1222 153.265 311.619 176.387 491.517
62400000 22.7722 142.938 290.623 165.711 487.813
62500000 37.845 148.688 302.313 186.533 489.161
62600000 32.8437 154.269 313.661 187.113 488.899
62700000 36.1713 150.058 305.1 186.23 491.506
62800000 27.9595 150.531 306.061 178.491 491.866
62900000 27.1476 154.083 313.283 181.231 492.075
63000000 28.2548 151.622 308.279 179.877 491.421
63100000 29.1259 145.537 295.907 174.663 491.766
63200000 32.8251 151.407 307.841 184.232 491.746
63300000 24.1738 147.929 300.771 172.103 492.517
63400000 29.0744 146.199 297.253 175.274 490.013
63500000 29.8845 150.797 306.601 180.681 489.777
63600000 30.0484 147.652 300.207 177.7 490.646
63700000 36.0582 147.837 300.584 183.896 487.806
63800000 31.8077 142.831 290.405 174.639 484.614
63900000 28.2914 146.693 298.256 174.984 484.829
64000000 34.9762 148.78 302.5 183.756 482.7
64100000 32.511 149.461 303.885 181.972 481.882
64200000 36.8605 144.998 294.81 181.858 484.449
64300000 37.3168 149.946 304.872 187.263 481.785
64400000 28.8217 144.688 294.181 173.51 483.187
64500000 24.2929 139.706 284.051 163.999 485.571
64600000 31.3148 148.27 301.464 179.585 488.552
64700000 31.109 145.136 295.091 176.245 488.121
64800000 28.1302 144.284 293.36 172.414 491.201
64900000 29.7264 152.553 310.171 182.279 492.604
65000000 28.0466 142.423 289.575 170.469 492.931
65100000 30.2213 147.987 300.888 178.208 494.415
65200000 28.2214 147.42 299.736 175.642 493.657
65300000 35.6559 146.512 297.89 182.168 492.106
65400000 39.9195 150.329 305.651 190.249 491.568
65500000 29.5066 149.907 304.792 179.414 491.339
65600000 20.9309 144.995 294.805 165.926 486.383
65700000 10.5469 148.309 301.543 158.856 483.227
65800000 16.7641 145.792 296.426 162.556 486.869
65900000 18.7995 146.68 298.23 165.479 487.666
66000000 11.7692 146.661 298.193 158.431 488.911
66100000 13.1769 153.341 311.774 166.518 488.121
66200000 15.895 141.667 288.039 157.562 487.188
66300000 19.6474 142.757 290.254 162.404 486.489
66400000 16.7493 147.467 299.832 164.217 486.643
66500000 17.2154 149.86 304.697 167.076 486.684
66600000 33.6737 146.069 296.989 179.743 489.254
66700000 34.7107 143.78 292.334 178.49 492.189
66800000 24.2734 152.582 310.231 176.855 493.781
66900000 21.1546 145.632 296.101 166.787 491.778
67000000 25.1931 146.636 298.141 171.829 494.595
67100000 25.6838 148.731 302.4 174.414 496.544
67200000 30.1535 146.923 298.725 177.077 493.061
67300000 26.1574 145.034 294.885 171.192 490.888
67400000 25.7101 147.389 299.671 173.099 485.074
67500000 18.6606 148.85 302.642 167.51 484.069
67600000 16.1566 148.311 301.546 164.467 478.864
67700000 17.9786 145.093 295.004 163.071 474.858
67800000 31.1315 145.767 296.374 176.898 472.839
67900000 41.998 150.907 306.826 192.905 472.561
68000000 34.8328 145.741 296.323 180.574 474.017
68100000 32.5029 152.787 310.648 185.29 473.829
68200000 22.4394 143.285 291.329 165.725 479.225
68300000 20.8915 150.171 305.328 171.062 486.471
68400000 16.3453 153.108 311.301 169.454 487.49
68500000 17.6129 145.007 294.829 162.62 487.957
68600000 26.7596 146.028 296.906 172.788 485.979
68700000 26.3423 145.226 295.275 171.568 483.598
68800000 22.9835 145.16 295.141 168.144 484.06
68900000 16.63 149.719 304.41 166.349 480.046
69000000 15.7207 148.488 301.906 164.208 480.396
69100000 25.7151 144.26 293.311 169.975 480.605
69200000 23.228 148.135 301.189 171.363 477.572
69300000 20.8868 149.773 304.519 170.659 480.694
69400000 18.4164 154.012 313.139 172.429 484.428
69500000 12.5374 147.027 298.936 159.564 482.607
69600000 6.55293 143.804 292.383 150.357 483.394
69700000 5.79221 150.447 305.889 156.239 482.321
69800000 7.57097 152.86 310.796 160.431 479.418
69900000 16.325 143.465 291.693 159.79 480.406
70000000 18.6526 145.005 294.826 163.658 479.603
70100000 9.40273 144.75 294.307 154.153 480.523
70200000 17.3956 142.974 290.697 160.37 482.248
70300000 12.04 148.091 301.099 160.131 480.025
70400000 19.7302 145.72 296.278 165.45 476.782
70500000 7.01436 152.175 309.403 159.189 476.79
70600000 8.12392 149.337 303.632 157.461 479.214
70700000 4.99478 145.767 296.374 150.762 482.378
70800000 9.16462 146.306 297.471 155.471 487.562
70900000 18.6607 150.152 305.291 168.813 487.349
71000000 14.5841 150.936 306.884 165.52 488.23
71100000 9.52371 147.569 300.037 157.092 490.793
71200000 11.9755 146.827 298.53 158.803 492.593
71300000 12.2438 149.545 304.056 161.789 489.663
71400000 9.37921 147.628 300.158 157.007 486.693
71500000 14.0289 148.659 302.255 162.688 487.191
71600000 16.4659 147.392 299.679 163.858 486.27
71700000 23.0616 148.221 301.364 171.282 487.472
71800000 16.0853 143.571 291.91 159.657 488.552
71900000 13.0682 148.491 301.913 161.559 489.435
72000000 17.9224 150.043 305.069 167.966 490.11
72100000 15.9592 144.237 293.264 160.196 492.341
72200000 18.0438 150.87 306.75 168.914 496.088
72300000 21.2225 149.456 303.875 170.679 497.992
72400000 16.3093 149.027 303.002 165.336 500.558
72500000 14.0728 144.841 294.492 158.914 499.383
72600000 14.9198 146.028 296.905 160.948 501.027
72700000 18.8421 147.256 299.401 166.098 501.022
72800000 11.036 146.75 298.374 157.786 499.297
72900000 12.0351 148.945 302.836 160.98 501.126
73000000 6.44366 147.854 300.619 154.298 500.799
73100000 7.45971 145.375 295.577 152.834 502.155
73200000 2.24344 141.939 288.592 144.183 505.168
73300000 0.406085 147.675 300.254 148.081 505.881
73400000 6.74462 149.3 303.557 156.044 505.117
73500000 9.97626 148.591 302.117 158.568 506.617
73600000 11.2328 149.716 304.404 160.949 508.021
73700000 10.411 147.404 299.704 157.815 507.864
73800000 15.5416 150.205 305.398 165.747 509.227
73900000 18.8059 145.317 295.46 164.123 505.978
74000000 29.7064 147.482 299.862 177.189 506.405
74100000 27.8963 143.109 290.97 171.005 507.158
74200000 18.3812 150.101 305.187 168.482 509.45
74300000 21.1182 142.433 289.595 163.551 511.268
74400000 16.0304 149.297 303.551 165.327 511.955
74500000 24.8111 149.698 304.367 174.509 514.218
74600000 11.1512 147.308 299.509 158.46 511.757
74700000 13.1094 151.354 307.734 164.463 511.766
74800000 14.5297 144.708 294.22 159.237 515.153
74900000 16.7162 146.335 297.529 163.051 515.607
75000000 7.62255 146.818 298.511 154.441 518.547
75100000 15.1853 144.229 293.248 159.415 521.141
75200000 13.0336 149.747 304.466 162.78 521.544
75300000 16.8363 147.756 300.42 164.593 524.623
75400000 14.6083 150.72 306.445 165.328 517.686
75500000 14.8879 150.692 306.389 165.58 513.306
75600000 7.98612 152.782 310.638 160.768 511.097
75700000 0.220589 146.883 298.643 147.103 510.147
75800000 8.49721 146.014 296.877 154.511 510.5
75900000 2.46778 149.716 304.404 152.184 509.557
76000000 9.44541 142.015 288.745 151.46 507.355
76100000 7.50847 148.579 302.091 156.087 506.432
76200000 13.3436 147.547 299.995 160.891 506.834
76300000 7.65464 144.073 292.929 151.727 509.492
76400000 13.4831 148.733 302.405 162.216 512.497
76500000 14.7303 148.171 301.263 162.902 511.119
76600000 19.8693 152.311 309.681 172.181 512.936
76700000 13.2905 147.883 300.676 161.173 512.351
76800000 11.4315 147.922 300.757 159.354 508.718
76900000 5.64478 147.387 299.668 153.032 509.109
77000000 3.08823 152.279 309.615 155.367 508.706
77100000 10.5597 152.489 310.041 163.048 507.087
77200000 12.4462 150.566 306.132 163.012 506.741
77300000 8.03 152.795 310.665 160.825 505.733
77400000 8.17241 146.031 296.91 154.203 507.242
77500000 7.47156 149.948 304.875 157.419 508.146
77600000 15.0363 151.666 308.369 166.703 508.372
77700000 7.93308 143.467 291.698 151.4 508.589
77800000 6.28378 142.071 288.86 148.355 510.178
77900000 14.0787 145.861 296.566 159.94 511.03
78000000 8.58572 149.875 304.727 158.461 511.203
78100000 6.80505 147.66 300.224 154.466 511.295
78200000 7.11616 146.007 296.862 153.123 509.654
78300000 10.9292 148.504 301.939 159.433 508.848
78400000 13.5743 144.327 293.446 157.901 508.638
78500000 17.8863 151.524 308.079 169.41 510.021
78600000 21.1109 150.285 305.56 171.396 512.337
78700000 27.5601 149.039 303.027 176.599 512.618
78800000 18.3923 149.207 303.368 167.599 515.16
78900000 18.1838 142.145 289.011 160.329 514.902
79000000 1.91143 152.222 309.499 154.133 516.593
79100000 11.2411 147.963 300.839 159.204 518.759
79200000 18.6124 150.934 306.881 169.547 521.281
79300000 1.53749 144.283 293.357 145.82 522.349
79400000 10.2233 147.6 300.102 157.824 524.4
79500000 11.8951 148.688 302.313 160.583 528.828
79600000 10.7957 148.612 302.158 159.407 533.724
79700000 19.0905 141.307 287.307 160.398 533.487
79800000 12.0534 146.569 298.005 158.622 534.345
79900000 10.7799 144.687 294.18 155.467 529.91
80000000 21.2251 148.659 302.255 169.884 529.596
80100000 18.5107 148.368 301.664 166.879 526.092
80200000 7.56759 145.274 295.373 152.842 523.066
80300000 7.45293 149.255 303.467 156.708 522.416
80400000 -2.41838 144.595 293.992 142.177 521.375
80500000 -3.49449 149.757 304.487 146.262 517.546
80600000 9.94639 148.67 302.277 158.617 520.543
80700000 8.0989 148.635 302.205 156.734 522.552
80800000 4.47325 145.153 295.126 149.626 524.937
80900000 6.36299 148.549 302.032 154.912 526.11
81000000 5.75425 146.762 298.398 152.516 527.547
81100000 -2.45137 152.599 310.266 150.148 531.555
81200000 7.78504 148.497 301.925 156.282 536.108
81300000 8.98143 148.446 301.822 157.428 536.671
81400000 13.5736 147.013 298.907 160.586 535.399
81500000 13.1881 148.39 301.709 161.579 535.346
81600000 0.75692 145.338 295.503 146.095 535.327
81700000 -3.42281 153.934 312.98 150.511 537.413
81800000 -7.31939 148.294 301.513 140.975 539.628
81900000 6.45087 153.01 311.101 159.461 539.887
82000000 2.53399 148.457 301.844 150.991 542.889
82100000 15.7066 146.59 298.048 162.297 543.918
82200000 2.20856 153.863 312.836 156.072 542.137
82300000 10.1062 148.285 301.495 158.391 541.579
82400000 13.7334 146.774 298.421 160.507 540.356
82500000 28.1958 150.729 306.463 178.924 535.201
82600000 23.1217 148.871 302.686 171.993 532.216
82700000 21.6978 144.11 293.006 165.808 529.148
82800000 18.5034 147.953 300.82 166.457 529.963
82900000 13.0081 145.668 296.173 158.676 530.484
83000000 13.6953 151.641 308.318 165.336 534.608
83100000 16.8505 150.495 305.987 167.345 537.093
83200000 3.49226 145.766 296.374 149.259 535.738
83300000 2.77471 143.315 291.39 146.09 537.017
83400000 3.52359 151.635 308.305 155.158 536.733
83500000 5.53685 148.251 301.425 153.788 534.434
83600000 2.91497 146.387 297.636 149.302 534.943
83700000 10.086 148.231 301.384 158.317 535.156
83800000 14.1287 141.443 287.583 155.572 536.195
83900000 13.2871 145.152 295.125 158.439 535.422
84000000 10.8393 142.624 289.985 153.464 539.004
84100000 12.1646 146.881 298.64 159.046 542.143
84200000 6.11764 145.755 296.35 151.873 544.376
84300000 9.3353 144.624 294.051 153.96 541.69
84400000 3.1174 149.853 304.683 152.971 545.141
84500000 10.2419 145.327 295.48 155.569 547.577
84600000 15.5839 154.373 313.873 169.957 546.934
84700000 6.96873 145.962 296.771 152.93 547.393
84800000 9.60097 152.197 309.449 161.798 550.465
84900000 4.1506 146.887 298.651 151.037 552.916
85000000 17.2576 146.397 297.655 163.654 554.394
85100000 17.6292 145.385 295.597 163.014 553.604
85200000 13.1985 153.672 312.448 166.871 549.432
85300000 9.79227 145.128 295.076 154.921 549.248
85400000 11.0303 143.798 292.371 154.828 549.394
85500000 12.1876 148.297 301.518 160.484 551.295
85600000 13.3056 145.353 295.532 158.658 549.372
85700000 17.868 148.386 301.699 166.254 546.439
85800000 10.5832 144.647 294.097 155.23 548.74
85900000 12.5649 146.639 298.147 159.204 547.656
86000000 13.43 151.751 308.54 165.18 547.18
86100000 10.0469 142.164 289.049 152.211 545.904
86200000 11.3218 144.196 293.181 155.518 546.761
86300000 2.61641 147.941 300.795 150.557 547.715
86400000 1.67941 144.599 294 146.279 544.834
86500000 4.17112 149.777 304.527 153.948 539.907
86600000 2.06236 152.991 311.063 155.054 540.837
86700000 10.5712 152.287 309.631 162.858 542.2
86800000 10.7673 149.405 303.772 160.173 543.914
86900000 13.9392 143.494 291.752 157.433 544.496
87000000 16.368 148.976 302.9 165.345 550.983
87100000 24.5311 142.467 289.666 166.998 550.919
87200000 18.938 147.524 299.947 166.462 551.944
87300000 11.6847 140.924 286.529 152.609 553.71
87400000 10.293 150.423 305.842 160.716 558.082
87500000 15.7175 144.934 294.681 160.651 557.998
87600000 26.58 147.67 300.244 174.25 554.739
87700000 15.4764 147.398 299.691 162.874 552.49
87800000 14.9458 146.478 297.819 161.423 552.46
87900000 16.7722 152.666 310.401 169.438 550.3
88000000 16.501 148.22 301.363 164.721 549.263
88100000 17.3946 147.151 299.189 164.546 551.392
88200000 15.8227 146.691 298.254 162.514 548.686
88300000 10.0111 146.764 298.402 156.775 546.069
88400000 9.37671 146.59 298.048 155.967 545.632
88500000 19.1274 150.194 305.375 169.321 551.988
88600000 19.2636 148.046 301.008 167.31 549.691
88700000 14.1839 149.33 303.618 163.514 549.849
88800000 20.607 145.426 295.682 166.033 550.95
88900000 20.7281 145.187 295.195 165.915 552.05
89000000 20.5433 148.505 301.942 169.049 553.131
89100000 17.3509 152.113 309.278 169.464 553.86
89200000 24.5499 142.276 289.276 166.826 549.747
89300000 15.0025 144.203 293.195 159.206 546.772
89400000 16.6442 150.452 305.901 167.096 544.191
89500000 16.6983 150.123 305.231 166.821 547.535
89600000 20.555 149.266 303.489 169.821 548.659
89700000 27.8414 147.685 300.275 175.527 549.721
89800000 25.4632 147.151 299.188 172.614 549.944
89900000 36.8127 145.174 295.168 181.986 549.149
90000000 39.1748 146.026 296.902 185.201 547.83
90100000 35.7584 146.689 298.248 182.447 550.517
90200000 22.9223 148.217 301.355 171.139 553.567
90300000 32.2797 145.66 296.157 177.94 557.324
90400000 28.2996 148.545 302.023 176.845 560.943
90500000 29.2683 149.023 302.996 178.292 562.025
90600000 35.6196 145.018 294.851 180.637 558.118
90700000 31.6481 145.87 296.584 177.518 557.403
90800000 34.1165 148.585 302.104 182.701 558.723
90900000 28.5004 148.359 301.644 176.859 556.47
91000000 34.4831 147.642 300.186 182.125 556.007
91100000 24.2787 142.764 290.268 167.043 555.711
91200000 26.1654 141.614 287.931 167.78 553.468
91300000 26.8592 148.508 301.948 175.368 556.705
91400000 30.1389 149.257 303.471 179.396 556.192
91500000 23.3216 148.649 302.235 171.971 554.199
91600000 22.6802 146.844 298.564 169.524 551.947
91700000 33.288 150.114 305.213 183.402 553.559
91800000 29.9457 146.707 298.286 176.653 554.543
91900000 37.6317 144.328 293.448 181.959 553.641
92000000 29.5694 145.496 295.824 175.066 551.444
92100000 32.4766 145.994 296.837 178.471 551.337
92200000 24.6405 152.837 310.75 177.478 551.769
92300000 30.7172 148.416 301.761 179.134 549.801
92400000 29.9298 155.214 315.583 185.144 546.609
92500000 25.3735 146.422 297.706 171.795 546.104
92600000 30.7646 148.502 301.936 179.267 542.768
92700000 24.0398 141.182 287.053 165.222 537.325
92800000 13.4811 148.399 301.725 161.88 534.218
92900000 16.3846 148.363 301.652 164.747 532.842
93000000 14.8292 145.583 296.001 160.412 532.821
93100000 27.1276 144.213 293.214 171.34 532.023
93200000 26.9333 145.72 296.28 172.654 532.69
93300000 31.3638 146.17 297.194 177.534 534.221
93400000 21.5821 147.516 299.931 169.098 535.648
93500000 26.2376 147.786 300.479 174.023 536.879
93600000 26.958 145.84 296.523 172.798 538.346
93700000 34.6489 151.805 308.651 186.454 541.049
93800000 23.8065 147.887 300.685 171.693 543.213
93900000 25.0112 153.769 312.643 178.78 542.179
94000000 28.9066 145.353 295.533 174.26 543.56
94100000 31.8684 151.223 307.468 183.092 542.078
94200000 28.7399 147.117 299.119 175.857 541.431
94300000 29.1139 148.072 301.062 177.186 540.247
94400000 26.3386 145.188 295.197 171.527 541.759
94500000 32.9825 151.189 307.4 184.172 540.984
94600000 43.8958 151.801 308.642 195.696 539.969
94700000 35.4579 148.162 301.244 183.62 540.713
94800000 39.8042 145.317 295.46 185.122 541.13
94900000 37.4734 148.857 302.657 186.33 544.951
95000000 33.5235 148.169 301.259 181.693 547.982
95100000 47.3311 148.054 301.024 195.385 553.1
95200000 40.7961 149.636 304.24 190.432 553.72
95300000 35.2352 146.905 298.687 182.14 553.994
95400000 33.4949 144.974 294.761 178.468 553.975
95500000 28.3466 148.388 301.703 176.734 549.935
95600000 36.3915 147.458 299.814 183.85 550.577
95700000 35.3268 147.408 299.712 182.735 551.948
95800000 35.4853 148.001 300.916 183.486 550.584
95900000 40.9094 147.928 300.769 188.837 550.87
96000000 37.0373 146.647 298.164 183.684 552.894
96100000 29.6105 144.451 293.699 174.062 549.217
96200000 33.4576 146.905 298.688 180.363 550.159
96300000 32.2493 149.997 304.976 182.247 551.299
96400000 37.8312 149.995 304.972 187.827 553.312
96500000 36.5981 143.48 291.724 180.078 555.064
96600000 29.6593 142.477 289.685 172.136 557.296
96700000 40.5706 145.11 295.039 185.681 559.607
96800000 34.6391 145.02 294.855 179.659 559.124
96900000 32.3139 147.809 300.525 180.122 560.25
97000000 24.6878 147.539 299.978 172.227 558.321
97100000 28.4149 147.697 300.298 176.112 557.485
97200000 37.1943 149.291 303.539 186.485 557.283
97300000 39.5341 150.149 305.285 189.684 557.003
97400000 39.8802 149.216 303.387 189.096 559.69
97500000 36.3942 147.89 300.691 184.284 558.309
97600000 30.2522 146.966 298.813 177.218 561.258
97700000 34.0426 145.902 296.649 179.945 561.046
97800000 34.3398 147.658 300.22 181.998 561.305
97900000 33.454 151.822 308.685 185.276 556.878
98000000 33.0853 152.987 311.055 186.072 554.39
98100000 26.5854 148.187 301.295 174.772 554.261
98200000 32.6015 150.677 306.359 183.279 558.705
98300000 25.2326 151.541 308.114 176.773 562.972
98400000 27.9297 147.871 300.652 175.8 561.82
98500000 31.7563 148.2 301.321 179.956 564.121
98600000 33.9046 143.414 291.591 177.319 563.196
98700000 31.0562 151.502 308.036 182.559 560.737
98800000 30.4997 147.267 299.425 177.767 559.527
98900000 34.3866 148.101 301.121 182.488 561.084
99000000 36.0669 144.371 293.535 180.437 562.258
99100000 35.5665 146.562 297.991 182.129 556.858
99200000 28.9205 141.323 287.338 170.243 554.58
99300000 30.6059 148.156 301.232 178.762 554.768
99400000 28.9498 150.043 305.068 178.993 555.41
99500000 29.5274 144.659 294.121 174.186 555.671
99600000 29.7251 142.409 289.546 172.134 555.177
99700000 23.199 148.579 302.092 171.778 556.584
99800000 22.1702 148.132 301.184 170.303 557.602
99900000 20.1571 146.957 298.795 167.114 559.955
100000000 23.053 147.582 300.065 170.635 560.174
100100000 27.8707 145.457 295.744 173.328 562.639
100200000 23.5083 145.312 295.449 168.82 560.143
100300000 23.0824 151.829 308.7 174.912 558.014
100400000 28.7878 151.246 307.515 180.034 560.172
100500000 33.3176 144.681 294.167 177.999 560.49
100600000 24.5901 149.132 303.217 173.722 558.902
100700000 22.2646 152.493 310.05 174.758 555.633
100800000 25.7821 146.91 298.699 172.692 557.239
100900000 23.8722 147.326 299.544 171.198 557.777
101000000 31.7839 140.712 286.096 172.496 562.337
101100000 27.1885 150.092 305.169 177.281 559.574
101200000 15.9838 152.838 310.751 168.822 558.392
101300000 14.723 149.205 303.364 163.928 559.174
101400000 12.7846 147.861 300.631 160.645 560.381
101500000 14.5143 149.621 304.211 164.136 557.544
101600000 14.5606 147.478 299.854 162.039 555.975
101700000 17.8965 144.196 293.181 162.093 559.527
101800000 16.4924 147.276 299.443 163.769 561.861
101900000 24.0159 148.755 302.45 172.771 561.659
102000000 29.4446 145.971 296.79 175.416 562.223
102100000 26.121 148.846 302.634 174.967 562.556
102200000 23.6381 145.795 296.432 169.433 565.854
102300000 13.6191 150.079 305.142 163.698 568.181
102400000 12.2878 148.379 301.686 160.667 570.55
102500000 12.6428 149.084 303.119 161.727 574.96
102600000 13.3211 145.085 294.988 158.406 578.598
102700000 15.1983 152.126 309.303 167.324 582.892
102800000 24.1242 143.784 292.342 167.908 581.637
102900000 34.5445 148.83 302.602 183.374 580.647
103000000 21.8273 145.544 295.921 167.371 583.085
103100000 27.1881 147.406 299.707 174.594 580.628
103200000 15.1026 142.33 289.387 157.433 582.418
103300000 15.9798 146.331 297.521 162.311 584.518
103400000 15.2071 146.366 297.592 161.573 586.192
103500000 12.3527 148.194 301.31 160.547 585.878
103600000 16.3067 150.494 305.985 166.801 586.233
103700000 15.2163 145.016 294.847 160.232 586.482
103800000 21.6112 151.981 309.01 173.593 588.198
103900000 20.8128 152.424 309.91 173.237 588.817
104000000 18.1143 148.649 302.235 166.764 581.88
104100000 18.225 155.509 316.182 173.734 581.336
104200000 20.6406 144.466 293.729 165.106 581.723
104300000 24.4236 149.743 304.46 174.167 587.087
104400000 30.2244 152.435 309.931 182.659 586.854
104500000 20.8587 149.259 303.475 170.118 586.973
104600000 17.8424 144.362 293.517 162.204 588.101
104700000 21.6266 145.282 295.389 166.909 586.068
104800000 12.436 144.892 294.595 157.328 585.143
104900000 7.53357 152.404 309.87 159.938 585.78
105000000 11.1156 146.071 296.993 157.187 583.597
