# Time-averaged data for fix favg
# TimeStep v_vpe v_vke v_vT v_vE v_vRg
5100000 67.5734 242.547 307.055 310.121 156.607
5200000 60.2524 237.799 301.044 298.051 159.151
5300000 53.9477 238.836 302.357 292.784 158.943
5400000 54.7217 234.401 296.742 289.123 156.793
5500000 47.0223 228.734 289.567 275.756 158.316
5600000 54.4894 233.856 296.052 288.346 161.691
5700000 56.0765 227.273 287.718 283.349 162.964
5800000 56.6505 229.771 290.88 286.421 165.783
5900000 59.6732 238.705 302.19 298.378 168.931
6000000 56.9515 237.624 300.822 294.575 172.013
6100000 61.9034 234.849 297.31 296.753 173.977
6200000 57.5064 238.567 302.016 296.073 174.389
6300000 52.4191 238.881 302.414 291.3 175.459
6400000 55.0514 234.721 297.147 289.772 175.551
6500000 66.5395 238.271 301.641 304.81 176.182
6600000 73.5201 236.815 299.798 310.335 175.961
6700000 61.8334 238.708 302.195 300.541 174.425
6800000 66.4613 244.281 309.25 310.742 172.671
6900000 66.7337 236.692 299.642 303.425 174.465
7000000 55.8173 238.008 301.308 293.825 174.395
7100000 70.5717 238.075 301.393 308.647 173.395
7200000 71.4362 235.924 298.671 307.361 172.192
7300000 70.6603 238.986 302.547 309.646 174.835
7400000 72.7044 241.069 305.184 313.773 176.415
7500000 69.3082 233.688 295.84 302.996 178.935
7600000 64.8807 240.199 304.083 305.08 180.622
7700000 68.4994 234.222 296.516 302.721 181.005
7800000 73.9078 242.588 307.107 316.496 183.002
7900000 67.3202 231.09 292.55 298.41 188.792
8000000 64.4644 235.46 298.083 299.925 192.633
8100000 60.2547 230.2 291.424 290.454 192.972
8200000 50.2233 236.031 298.805 286.254 196.693
8300000 57.9108 237.755 300.988 295.666 196.049
8400000 52.7118 229.294 290.277 282.006 194.475
8500000 60.1931 236.596 299.521 296.789 191.921
8600000 56.3002 239.569 303.284 295.869 192.606
8700000 58.3072 233.088 295.081 291.396 196.622
8800000 54.5214 235.297 297.877 289.819 197.999
8900000 47.5864 243.404 308.139 290.99 196.442
9000000 40.4015 236.248 299.081 276.65 195.226
9100000 48.7854 234.24 296.538 283.025 195.139
9200000 51.7607 233.363 295.428 285.124 199.405
9300000 51.7979 239.943 303.758 291.741 202.932
9400000 61.5917 234.615 297.014 296.207 201.466
9500000 68.618 238.284 301.658 306.902 203.52
9600000 63.1674 238.223 301.58 301.39 205
9700000 78.5434 235.973 298.732 314.516 208.986
9800000 75.7104 232.898 294.839 308.608 213.208
9900000 63.9477 237.139 300.209 301.087 214.066
10000000 67.8571 232.515 294.354 300.372 213.984
10100000 57.2906 229.043 289.959 286.333 211.101
10200000 48.7405 238.928 302.473 287.669 215.859
10300000 63.1939 236.434 299.316 299.628 215.51
10400000 66.089 236.191 299.008 302.28 218.243
10500000 65.953 242.154 306.557 308.107 221.443
10600000 56.5202 240.925 305.001 297.445 220.986
10700000 66.0472 236.469 299.36 302.516 223.658
10800000 72.3319 230.758 292.13 303.09 223.019
10900000 63.243 235.52 298.158 298.763 221.191
11000000 55.4383 231.327 292.85 286.765 224.124
11100000 56.6443 238.866 302.394 295.51 225.58
11200000 59.4352 240.158 304.031 299.593 225.837
11300000 63.8842 238.79 302.299 302.675 225.354
11400000 87.1895 227.191 287.614 314.38 227.383
11500000 88.1748 238.406 301.813 326.581 227.038
11600000 79.4749 238.274 301.646 317.749 228.801
11700000 72.9493 235.884 298.619 308.833 228.892
11800000 73.3178 240.719 304.741 314.037 230.785
11900000 64.5283 236.299 299.146 300.828 234.518
12000000 60.4435 232.85 294.779 293.294 235.434
12100000 60.1159 235.178 297.726 295.294 236.906
12200000 54.4939 236.476 299.37 290.97 235.766
12300000 62.7217 228.156 288.836 290.878 237.715
12400000 66.4513 236.318 299.169 302.769 239.018
12500000 64.5161 243.928 308.803 308.444 240.423
12600000 71.3228 240.527 304.498 311.85 243.227
12700000 76.0985 233.118 295.119 309.217 244.508
12800000 66.4273 228.265 288.974 294.692 246.187
12900000 62.5568 244.887 310.017 307.444 246.101
13000000 57.8008 235.666 298.344 293.467 244.424
13100000 60.7961 237.161 300.236 297.957 242.798
13200000 77.2151 242.585 307.103 319.8 242.086
13300000 65.9819 240.596 304.584 306.578 246.139
13400000 53.6063 234.932 297.415 288.539 247.364
13500000 63.5114 236.326 299.18 299.838 246.89
13600000 67.952 239.63 303.362 307.582 251.466
13700000 68.045 241.05 305.159 309.095 254.564
13800000 62.8209 236.866 299.863 299.687 254.344
13900000 78.9317 234.705 297.127 313.636 251.504
14000000 63.633 236.668 299.612 300.301 252.072
14100000 60.5844 235.794 298.506 296.378 252.001
14200000 54.5091 236.355 299.216 290.864 254.548
14300000 59.2336 234.798 297.244 294.031 255.909
14400000 65.0638 236.276 299.116 301.34 258.512
14500000 69.4357 236.675 299.621 306.111 258.86
14600000 65.9944 236.182 298.997 302.177 261.362
14700000 61.7226 239.648 303.385 301.371 264.155
14800000 71.5866 237.524 300.695 309.11 265.906
14900000 68.6827 239.324 302.975 308.007 265.101
15000000 67.4582 236.861 299.857 304.32 262.632
15100000 68.4486 239.371 303.033 307.819 259.93
15200000 61.6648 238.943 302.493 300.608 261.059
15300000 61.1029 236.197 299.016 297.3 266.144
15400000 62.669 238.908 302.447 301.577 267.028
15500000 65.0498 239.391 303.059 304.441 267.177
15600000 60.6428 233.235 295.266 293.878 265.908
15700000 66.2554 238.355 301.747 304.61 265.972
15800000 68.6737 227.759 288.333 296.432 267.742
15900000 69.6529 237.959 301.246 307.612 270.131
16000000 66.0096 236.517 299.421 302.527 272.234
16100000 62.2072 231.583 293.174 293.79 275.108
16200000 59.059 233.352 295.414 292.411 277.411
16300000 65.7651 230.734 292.1 296.499 277.134
16400000 61.0882 239.119 302.715 300.207 274.711
16500000 61.8047 232.383 294.187 294.187 272.557
16600000 81.8543 236.414 299.29 318.268 271.596
16700000 55.5399 231.37 292.905 286.91 271.556
16800000 57.5209 229.559 290.613 287.08 274.847
16900000 63.3189 236.82 299.805 300.139 277.531
17000000 67.703 243.076 307.724 310.779 276.731
17100000 70.0662 234.422 296.768 304.488 274.208
17200000 74.8789 238.862 302.39 313.741 274.61
17300000 63.7319 242.182 306.592 305.914 274.464
17400000 66.1908 233.671 295.818 299.862 274.641
17500000 80.5319 240.278 304.182 320.81 275.751
17600000 68.9815 237.768 301.004 306.749 276.436
17700000 74.5979 232.924 294.873 307.522 277.893
17800000 69.0629 234.925 297.405 303.988 277.36
17900000 65.8787 237.243 300.34 303.122 275.99
18000000 62.6983 236.232 299.061 298.931 276.697
18100000 64.0136 234.395 296.734 298.409 279.578
18200000 67.6015 239.945 303.76 307.546 281.113
18300000 69.41 238.798 302.309 308.208 282.489
18400000 61.5645 238.566 302.014 300.13 282.504
18500000 72.0542 238.623 302.087 310.677 286.786
18600000 69.534 238.384 301.785 307.918 283.324
18700000 72.0682 233.225 295.253 305.293 281.936
18800000 72.1056 230.512 291.819 302.618 283.239
18900000 70.946 247.704 313.583 318.65 286.74
19000000 51.7633 233.724 295.885 285.487 288.512
19100000 59.3956 234.568 296.954 293.964 290.166
19200000 63.6195 239.339 302.993 302.958 292.306
19300000 59.2951 233.315 295.367 292.61 294.391
19400000 69.6215 234.022 296.262 303.643 291.963
19500000 66.4631 241.537 305.776 308 291.376
19600000 57.8631 234.432 296.781 292.295 291.232
19700000 56.8254 236.6 299.527 293.426 292.59
19800000 53.0965 237.325 300.444 290.422 290.097
19900000 51.3189 238.121 301.452 289.44 292.15
20000000 49.5715 238.018 301.321 287.59 293.169
20100000 47.8718 238.234 301.595 286.106 295.488
20200000 55.5518 231.316 292.837 286.868 294.251
20300000 61.1465 234.173 296.454 295.32 292.785
20400000 64.7271 241.08 305.198 305.807 292.603
20500000 67.8142 240.22 304.108 308.034 292.968
20600000 62.2596 240.135 304.001 302.394 295.609
20700000 55.9961 235.754 298.455 291.75 295.549
20800000 56.1604 232.785 294.697 288.946 294.374
20900000 64.2508 230.46 291.753 294.711 295.574
21000000 58.7966 236.128 298.929 294.925 295.43
21100000 56.9097 234.667 297.079 291.577 295.016
21200000 55.856 233.901 296.109 289.757 293.107
21300000 61.8233 236.402 299.275 298.225 292.577
21400000 66.5765 237.087 300.143 303.664 294.881
21500000 58.6485 241.858 306.182 300.506 294.691
21600000 64.1157 236.518 299.422 300.634 292.762
21700000 73.2381 240.425 304.368 313.663 292.105
21800000 59.4228 230.305 291.557 289.728 293.991
21900000 53.3855 236.863 299.859 290.248 297.407
22000000 51.0173 239.839 303.627 290.856 301.335
22100000 44.1547 231.405 292.949 275.559 304.715
22200000 51.2784 233.888 296.093 285.167 306.311
22300000 61.3575 232.25 294.019 293.608 306.164
22400000 51.7088 236.315 299.165 288.024 307.937
22500000 71.7622 242.289 306.728 314.051 304.692
22600000 67.2354 237.121 300.186 304.356 304.123
22700000 65.5169 233.932 296.148 299.449 304.821
22800000 60.3278 234.472 296.832 294.8 307.231
22900000 64.3892 245.664 311.001 310.053 307.554
23000000 63.7866 237.587 300.776 301.374 306.451
23100000 64.8825 236.437 299.319 301.319 306.492
23200000 75.1732 235.365 297.963 310.538 307.694
23300000 69.698 232.422 294.237 302.12 308.481
23400000 63.1886 236.535 299.444 299.724 307.152
23500000 53.737 240.433 304.379 294.17 308.334
23600000 64.1464 229.362 290.363 293.509 308.524
23700000 67.1718 236.57 299.488 303.742 308.787
23800000 61.3977 240.5 304.463 301.898 309.621
23900000 59.4186 229.986 291.153 289.405 311.981
24000000 57.1381 237.854 301.114 294.993 312.286
24100000 56.1446 237.514 300.684 293.659 312.521
24200000 63.0713 240.057 303.902 303.128 312.07
24300000 74.7868 231.63 293.234 306.416 313.703
24400000 60.5107 235.705 298.393 296.216 312.736
24500000 53.5578 236.954 299.974 290.511 316.278
24600000 49.8807 240.531 304.503 290.412 316.173
24700000 42.8734 238.234 301.595 281.108 314.126
24800000 36.8956 239.912 303.719 276.807 315.038
24900000 57.0746 239.713 303.467 296.788 313.11
25000000 55.2862 235.643 298.314 290.929 314.073
25100000 65.4153 239.478 303.169 304.893 314.345
25200000 68.2648 232.654 294.53 300.919 311.283
25300000 66.6841 235.285 297.861 301.969 310.916
25400000 71.6806 239.655 303.393 311.335 312.396
25500000 76.7199 236.662 299.604 313.382 314.338
25600000 78.9459 241.548 305.79 320.494 317.542
25700000 67.4043 237.905 301.178 305.309 322.361
25800000 65.4743 240.091 303.946 305.565 322.954
25900000 55.0081 229.991 291.159 284.999 324.046
26000000 60.5599 234.796 297.243 295.356 324.778
26100000 74.514 237.634 300.835 312.148 322.071
26200000 81.3343 233.163 295.175 314.497 320.899
26300000 73.6527 235.21 297.766 308.863 320.285
26400000 68.6674 238.151 301.49 306.819 320.672
26500000 60.6111 239.497 303.194 300.109 325.707
26600000 56.8347 241.209 305.361 298.044 330.437
26700000 57.7305 238.204 301.557 295.935 331.353
26800000 56.6103 237.713 300.935 294.323 327.072
26900000 52.81 239.308 302.954 292.118 329.576
27000000 48.1125 231.935 293.621 280.048 329.243
27100000 56.0575 239.792 303.567 295.849 328.912
27200000 57.0156 238.17 301.514 295.186 329.087
27300000 49.8197 227.465 287.961 277.284 329.348
27400000 51.9151 240.675 304.684 292.59 331.013
27500000 46.3907 230.124 291.328 276.515 332.63
27600000 44.0548 237.753 300.986 281.808 332.972
27700000 38.8993 238.937 302.485 277.837 332.339
27800000 50.5319 232.832 294.755 283.363 331.593
27900000 61.464 240.786 304.826 302.25 329.281
28000000 62.819 236.906 299.913 299.725 328.911
28100000 68.0531 244.394 309.394 312.448 327.437
28200000 56.796 241.226 305.383 298.022 328.362
28300000 71.3794 242.114 306.507 313.493 328.296
28400000 65.0399 235.232 297.794 300.272 329.46
28500000 58.9134 240.694 304.709 299.608 329.596
28600000 67.3584 244.289 309.26 311.648 328.618
28700000 67.5185 234.995 297.494 302.513 330.413
28800000 64.7155 237.287 300.395 302.002 330.636
28900000 64.021 236.518 299.422 300.539 330.379
29000000 69.1231 239.832 303.617 308.955 332.053
29100000 77.3052 239.27 302.906 316.575 329.509
29200000 66.5924 233.265 295.304 299.858 331.721
29300000 51.0445 235.944 298.696 286.988 334.023
29400000 62.1877 244.3 309.274 306.488 337.353
29500000 53.1352 236.188 299.005 289.324 336.15
29600000 68.3729 242.046 306.421 310.419 335.723
29700000 60.9066 237.765 301.001 298.672 337.982
29800000 63.6661 232.447 294.268 296.113 337.267
29900000 51.1848 243.005 307.634 294.189 340.064
30000000 61.7226 234.911 297.387 296.633 344.304
30100000 65.5248 246.343 311.86 311.868 341.316
30200000 68.7613 232.854 294.784 301.615 339.989
30300000 59.0237 232.071 293.792 291.095 342.996
30400000 60.2923 244.691 309.769 304.983 345.333
30500000 69.2574 237.86 301.121 307.117 347.026
30600000 71.5927 236.931 299.945 308.523 344.571
30700000 62.8885 236.247 299.079 299.135 346.829
30800000 73.4736 237.599 300.79 311.072 345.601
30900000 67.4213 236.407 299.281 303.828 344.594
31000000 68.5602 237.687 300.902 306.247 344.141
31100000 77.1352 240.728 304.751 317.863 344.557
31200000 56.396 240.452 304.402 296.848 346.005
31300000 59.5102 242.643 307.176 302.153 345
31400000 67.6311 234.547 296.927 302.178 342.912
31500000 75.3697 236.596 299.521 311.966 337.793
31600000 61.7458 238.622 302.086 300.368 336.396
31700000 56.5735 229.152 290.097 285.725 334.994
31800000 68.7389 241.572 305.821 310.311 335.556
31900000 69.7365 241.286 305.459 311.023 337.007
32000000 59.6168 233.466 295.559 293.083 338.577
32100000 53.1038 230.218 291.447 283.322 336.521
32200000 56.4281 234.1 296.361 290.528 335.614
32300000 62.1161 230.383 291.656 292.499 333.618
32400000 62.0369 230.966 292.394 293.003 333.399
32500000 62.02 233.318 295.371 295.338 334.9
32600000 56.4846 238.047 301.357 294.531 335.925
32700000 62.4085 237.436 300.585 299.845 334.74
32800000 62.865 238.285 301.66 301.15 333.191
32900000 52.3013 235.461 298.085 287.763 333.903
33000000 61.0971 240.845 304.9 301.942 335.414
33100000 49.4106 241.113 305.239 290.523 335.279
33200000 42.7681 240.029 303.867 282.797 334.089
33300000 52.9238 241.753 306.05 294.677 332.115
33400000 65.0944 241.652 305.922 306.747 335.325
33500000 66.5589 236.476 299.369 303.035 335.749
33600000 72.7642 242.447 306.928 315.211 335.397
33700000 78.1232 233.845 296.038 311.968 337.623
33800000 73.3196 236.934 299.949 310.254 340.521
33900000 72.7257 238.128 301.46 310.854 339.837
34000000 73.0513 230.361 291.627 303.412 341.495
34100000 55.917 240.253 304.151 296.17 343.519
34200000 68.3954 240.922 304.998 309.318 346.199
34300000 67.8699 236.187 299.003 304.057 347.951
34400000 60.2302 236.341 299.198 296.571 351.621
34500000 68.2853 233.588 295.713 301.873 352.18
34600000 63.9015 239.219 302.841 303.12 352.363
34700000 63.592 241.148 305.284 304.74 354.019
34800000 74.8722 232.884 294.821 307.756 353.85
34900000 62.0044 231.558 293.144 293.563 353.563
35000000 66.7649 238.645 302.114 305.409 351.478
35100000 59.0497 235.01 297.513 294.06 352.054
35200000 55.4024 240.914 304.987 296.316 353.061
35300000 71.3393 240.597 304.586 311.936 353.006
35400000 61.5701 237.72 300.944 299.29 352.687
35500000 72.3097 240.495 304.457 312.804 354.16
35600000 75.1975 245.75 311.109 320.947 355.365
35700000 79.2009 237.502 300.668 316.703 354.197
35800000 78.2511 233.696 295.85 311.947 354.843
35900000 69.2586 239.548 303.258 308.807 353.469
36000000 68.4127 239.281 302.92 307.694 355.2
36100000 70.8747 238.368 301.764 309.243 353.036
36200000 66.0766 236.749 299.714 302.825 354.99
36300000 63.1812 237.741 300.97 300.922 356.309
36400000 56.8925 240.114 303.975 297.007 355.034
36500000 50.8981 234.294 296.607 285.192 353.807
36600000 59.9249 232.641 294.514 292.566 353.619
36700000 65.7165 233.272 295.313 298.988 351.5
36800000 73.3274 231.903 293.58 305.23 351.809
36900000 74.3429 231.365 292.898 305.708 350.318
37000000 69.3982 233.412 295.491 302.811 350.007
37100000 73.5602 234.071 296.325 307.631 351.37
37200000 70.1815 237.986 301.28 308.167 354.54
37300000 70.6436 232.911 294.856 303.555 355.315
37400000 63.202 239.611 303.337 302.813 356.407
37500000 59.4137 238.003 301.302 297.417 357.051
37600000 65.9647 227.681 288.235 293.645 358.661
37700000 60.4334 248 313.958 308.434 360.6
37800000 55.0535 240.781 304.819 295.835 362.888
37900000 58.8285 241.142 305.276 299.971 361.741
38000000 64.8644 245.308 310.55 310.172 360.21
38100000 62.4138 239.201 302.818 301.615 364.038
38200000 65.431 229.413 290.428 294.845 368.594
38300000 64.473 232.106 293.837 296.579 369.398
38400000 61.2897 237.735 300.962 299.024 371.245
38500000 53.7628 234.396 296.736 288.159 375.736
38600000 48.1068 238.852 302.377 286.959 375.668
38700000 51.4851 239.589 303.31 291.074 377.321
38800000 53.3715 233.164 295.176 286.536 378.527
38900000 56.6886 240.516 304.484 297.205 375.515
39000000 50.7314 233.424 295.505 284.155 374.082
39100000 54.6365 232.057 293.775 286.694 376.182
39200000 35.7361 235.423 298.036 271.159 378.004
39300000 39.2119 237.503 300.67 276.715 378.426
39400000 54.0116 236.785 299.76 290.797 380.465
39500000 59.249 233.347 295.408 292.596 380.91
39600000 56.6406 234.961 297.452 291.602 381.379
39700000 53.8996 241.766 306.066 295.666 380.442
39800000 64.389 242.12 306.514 306.509 377.776
39900000 65.7554 234.168 296.448 299.924 378.356
40000000 50.9661 238.653 302.125 289.619 377.947
40100000 65.1661 238.326 301.712 303.493 376.839
40200000 67.3696 236.487 299.382 303.856 377.049
40300000 74.0039 231.432 292.984 305.436 376.054
40400000 75.2315 242.711 307.262 317.942 377.322
40500000 76.5105 235.193 297.745 311.704 377.403
40600000 72.7642 235.456 298.078 308.22 377.711
40700000 68.5091 240.589 304.576 309.098 378.872
40800000 70.8805 236.259 299.094 307.139 381.334
40900000 68.0764 237.894 301.164 305.97 383.827
41000000 72.0052 236.334 299.189 308.339 382.321
41100000 55.9641 236.9 299.905 292.864 383.485
41200000 59.6419 233.109 295.106 292.75 381.862
41300000 69.0541 239.122 302.719 308.176 380.98
41400000 67.7752 232.628 294.498 300.403 381.662
41500000 63.6009 236.573 299.492 300.174 381.21
41600000 64.5949 228.842 289.704 293.437 383.414
41700000 69.1842 227.19 287.613 296.374 385.178
41800000 69.6504 238.298 301.675 307.948 388.757
41900000 69.2391 236.051 298.831 305.29 390.646
42000000 66.9546 235.26 297.83 302.215 387.659
42100000 54.5943 241.982 306.339 296.576 384.826
42200000 62.296 245.586 310.902 307.882 382.321
42300000 61.3279 236.534 299.443 297.862 379.413
42400000 61.6758 240.211 304.098 301.887 379.499
42500000 59.5583 238.106 301.433 297.664 383.59
42600000 53.7389 228.274 288.985 282.013 385.545
42700000 66.6774 229.894 291.037 296.572 389.596
42800000 68.5006 236.64 299.577 305.141 390.739
42900000 64.7591 239.761 303.528 304.52 394.269
43000000 61.7368 233.317 295.37 295.054 398.078
43100000 55.4746 235.596 298.255 291.071 399.541
43200000 58.7812 241.776 306.078 300.557 399.504
43300000 63.1826 234.908 297.384 298.09 399.332
43400000 78.7278 235.284 297.86 314.012 399.56
43500000 83.2401 233.023 294.998 316.263 401.562
43600000 80.6665 240.641 304.642 321.307 399.929
43700000 84.0875 242.169 306.576 326.256 402.755
43800000 66.8105 233.422 295.502 300.232 403.663
43900000 61.2612 238.721 302.211 299.982 406.677
44000000 71.0501 236.977 300.004 308.027 409.078
44100000 74.162 233.855 296.05 308.017 410.48
44200000 75.8292 238.247 301.611 314.076 414.88
44300000 76.6658 238.694 302.178 315.36 416.335
44400000 63.328 239.782 303.554 303.11 415.231
44500000 74.4414 235.837 298.56 310.279 419.482
44600000 70.5757 236.256 299.091 306.832 418.702
44700000 68.814 235.629 298.296 304.443 415.565
44800000 66.0817 234.447 296.8 300.529 415.445
44900000 67.967 238.341 301.73 306.308 415.475
45000000 78.2746 240.215 304.102 318.489 414.797
45100000 79.499 234.087 296.345 313.586 415.927
45200000 73.6722 239.319 302.968 312.991 415.193
45300000 70.4723 242.042 306.415 312.514 414.677
45400000 70.3482 235.689 298.373 306.038 416.173
45500000 52.8877 236.93 299.943 289.817 417.659
45600000 63.8646 227.667 288.218 291.532 419.428
45700000 59.2937 241.013 305.112 300.306 420.977
45800000 59.9324 241.805 306.116 301.738 419.824
45900000 58.3334 233.791 295.97 292.124 420.533
46000000 62.0526 232.625 294.494 294.678 422.833
46100000 59.2089 239.447 303.13 298.656 424.011
46200000 70.9743 241.667 305.941 312.642 425.084
46300000 52.3301 241.681 305.958 294.011 427.034
46400000 51.2704 232.684 294.568 283.954 425.429
46500000 50.2815 231.971 293.666 282.253 422.339
46600000 53.7921 237.698 300.916 291.49 422.882
46700000 54.1151 233.95 296.171 288.065 423.02
46800000 68.0553 232.254 294.024 300.309 422.571
46900000 54.5272 239.407 303.08 293.935 420.216
47000000 53.1644 231.334 292.86 284.499 419.313
47100000 46.6082 240.725 304.748 287.333 416.866
47200000 53.1477 235.317 297.901 288.464 416.758
47300000 66.6822 229.527 290.572 296.21 416.955
47400000 63.4842 243.029 307.665 306.513 414.122
47500000 51.0597 235.071 297.59 286.131 417.185
47600000 40.8168 234.705 297.128 275.522 420.695
47700000 50.6115 239.741 303.503 290.353 423.881
47800000 49.6209 241.619 305.879 291.239 424.098
47900000 53.9272 235.098 297.625 289.025 422.097
48000000 69.3344 241.056 305.168 310.391 423.896
48100000 64.4983 246.648 312.246 311.146 425.417
48200000 65.6964 237.269 300.373 302.965 430.123
48300000 60.1961 237.526 300.698 297.722 433.744
48400000 73.0304 239.183 302.797 312.214 436.542
48500000 74.208 238.221 301.578 312.429 442.647
48600000 77.7315 235.215 297.773 312.947 441.039
48700000 74.6917 238.433 301.847 313.125 444.387
48800000 59.7186 240.109 303.968 299.827 444.734
48900000 43.3682 235.388 297.991 278.756 445.043
49000000 37.7413 233.02 294.994 270.762 446.744
49100000 57.1238 239.034 302.607 296.158 448.9
49200000 53.9753 238.962 302.516 292.937 453.053
49300000 44.2327 236.537 299.446 280.769 454.458
49400000 32.7491 236.888 299.89 269.637 454.55
49500000 56.9772 234.779 297.221 291.756 454.043
49600000 67.0807 238.151 301.489 305.231 456.314
49700000 55.4414 232.748 294.649 288.189 455.622
49800000 61.5988 235.953 298.707 297.552 457.209
49900000 65.4557 241.758 306.056 307.214 457.724
50000000 60.4269 238.487 301.914 298.913 458.343
50100000 67.7819 238.398 301.802 306.18 457.924
50200000 74.9671 232.375 294.177 307.342 459.747
50300000 77.4873 235.665 298.342 313.152 464.826
50400000 67.1591 238.001 301.299 305.16 463.185
50500000 66.9912 242.61 307.134 309.601 465.373
50600000 74.3246 238.001 301.3 312.326 462.777
50700000 67.4167 236.18 298.995 303.597 461.48
50800000 60.6769 232.02 293.728 292.697 461.409
50900000 71.9385 235.393 297.998 307.331 462.848
51000000 62.5089 238.861 302.388 301.37 461.903
51100000 46.3708 242.981 307.604 289.351 463.039
51200000 71.1554 235.506 298.141 306.662 462.386
51300000 70.6147 234.676 297.09 305.291 464.037
51400000 67.364 241.975 306.33 309.339 464.183
51500000 69.9134 234.708 297.131 304.622 464.478
51600000 67.8346 234.789 297.233 302.623 465.539
51700000 68.7404 243.822 308.668 312.562 465.959
51800000 68.4874 233.712 295.869 302.199 466.252
51900000 65.7031 237.331 300.451 303.034 466.741
52000000 54.3614 229.895 291.038 284.257 466.199
52100000 48.1351 237.61 300.804 285.745 465.515
52200000 51.0293 237.297 300.409 288.327 464.45
52300000 55.4281 236.652 299.592 292.08 466.505
52400000 69.4129 239.929 303.741 309.342 468.586
52500000 68.2531 237.718 300.942 305.971 468.312
52600000 73.372 233.727 295.889 307.099 467.247
52700000 75.8758 233.606 295.736 309.482 466.062
52800000 58.8432 237.682 300.895 296.525 465.273
52900000 64.5824 239.572 303.289 304.155 467.403
53000000 65.4471 246.192 311.669 311.639 468.295
53100000 59.017 237.076 300.128 296.093 469.365
53200000 58.9993 240.251 304.148 299.25 469.542
53300000 50.7602 230.77 292.146 281.53 469.908
53400000 40.6863 245.181 310.39 285.868 471.829
53500000 48.0073 232.76 294.665 280.768 473.17
53600000 33.9525 241.282 305.453 275.235 477.999
53700000 40.3893 231.651 293.261 272.041 481.355
53800000 30.7473 240.702 304.719 271.449 483.095
53900000 43.0986 234.748 297.181 277.846 484.305
54000000 38.3418 229.137 290.079 267.479 486.289
54100000 45.8801 237.572 300.756 283.452 486.639
54200000 35.8694 235.725 298.418 271.594 486.934
54300000 50.1635 230.342 291.603 280.505 486.403
54400000 56.6052 238.347 301.738 294.953 485.872
54500000 52.0072 233.658 295.801 285.665 484.259
54600000 56.893 236.828 299.814 293.721 485.164
54700000 49.3845 238.9 302.438 288.285 485.808
54800000 52.7711 244.318 309.296 297.089 485.655
54900000 57.9254 240.889 304.956 298.814 485.513
55000000 67.0665 241.665 305.938 308.731 484.552
55100000 60.9348 235.575 298.228 296.509 483.826
55200000 59.1713 236.81 299.792 295.982 481.576
55300000 62.9752 236.193 299.011 299.169 480.412
55400000 62.4544 233.148 295.156 295.602 483.084
55500000 67.902 243.965 308.85 311.867 483.633
55600000 65.1251 234.107 296.37 299.232 482.01
55700000 70.8247 227.16 287.575 297.985 484.864
55800000 69.5498 241.209 305.361 310.759 486.035
55900000 71.381 232.455 294.278 303.836 488.567
56000000 80.8278 233.053 295.036 313.881 491.148
56100000 74.8737 242.327 306.776 317.201 491.391
56200000 63.8486 232.126 293.862 295.975 491.177
56300000 67.1417 238.551 301.995 305.692 493.793
56400000 70.5229 240.67 304.678 311.193 493.219
56500000 65.6637 235.049 297.562 300.712 492.526
56600000 66.0697 232.89 294.829 298.959 493.919
56700000 73.6879 235.967 298.725 309.655 495.07
56800000 70.0075 237.63 300.83 307.637 494.583
56900000 71.0037 230.305 291.557 301.309 496.965
57000000 61.9663 235.952 298.705 297.918 497.369
57100000 65.5598 242.992 307.618 308.552 497.753
57200000 73.9783 240.034 303.873 314.012 496.128
57300000 77.7927 229.852 290.983 307.644 495.251
57400000 74.4794 236.24 299.07 310.719 496.612
57500000 83.4345 238.958 302.512 322.393 499.086
57600000 87.8492 231 292.436 318.849 497.781
57700000 79.6258 240.741 304.769 320.367 495.797
57800000 77.1318 234.072 296.326 311.204 496.403
57900000 76.5131 238.033 301.34 314.546 492.66
58000000 74.5678 239.497 303.194 314.065 489.855
58100000 79.1543 237.91 301.184 317.064 488.678
58200000 80.8953 236.471 299.363 317.366 488.884
58300000 82.5069 236.979 300.006 319.486 488.889
58400000 79.6617 238.293 301.669 317.954 489.329
58500000 73.6192 236.833 299.821 310.452 489.976
58600000 74.8461 232.494 294.328 307.34 490.686
58700000 60.4842 236.515 299.418 296.999 491.634
58800000 81.0955 238.038 301.347 319.134 493.445
58900000 78.9458 236.555 299.469 315.501 491.545
59000000 74.62 236.48 299.374 311.1 492.035
59100000 66.3389 228.436 289.19 294.774 492.282
59200000 62.3051 229.758 290.865 292.063 493.6
59300000 59.2102 248.186 314.193 307.396 493.302
59400000 56.4488 236.603 299.53 293.052 493.266
59500000 64.2206 236.493 299.391 300.714 493.571
59600000 76.9295 236.67 299.615 313.6 494.806
59700000 74.2218 239.05 302.627 313.272 493.375
59800000 63.962 239.714 303.468 303.676 491.943
59900000 60.5657 233.1 295.095 293.665 489.597
60000000 76.0979 234.088 296.346 310.186 489.473
60100000 69.5359 235.729 298.424 305.265 490.501
60200000 66.019 239.47 303.16 305.489 493.182
60300000 66.1498 237.196 300.28 303.345 495.326
60400000 63.4831 238.306 301.686 301.789 495.584
60500000 50.7387 241.878 306.207 292.616 496.562
60600000 50.4553 236.921 299.933 287.377 498.396
60700000 46.5212 229.774 290.885 276.296 497.696
60800000 53.2373 234.468 296.827 287.705 499.018
60900000 49.3313 242.028 306.398 291.36 500.616
61000000 47.7435 242.273 306.708 290.016 499.959
61100000 51.0619 235.538 298.182 286.6 501.36
61200000 63.793 236.512 299.414 300.305 501.277
61300000 64.735 241.627 305.89 306.362 501.132
61400000 61.8968 238.512 301.947 300.409 499.049
61500000 55.9021 235.455 298.076 291.357 499.584
61600000 54.8708 234.285 296.595 289.155 503.812
61700000 51.9194 236.93 299.944 288.85 507.947
61800000 47.8379 233.747 295.914 281.584 510.822
61900000 44.5381 237.764 301 282.302 510.522
62000000 51.7852 236.963 299.985 288.748 514.61
62100000 43.6331 239.957 303.776 283.59 518.303
62200000 46.5663 230.823 292.212 277.389 522.161
62300000 61.2827 235.235 297.798 296.518 523.871
62400000 58.1116 238.763 302.264 296.875 524.921
62500000 58.3421 239.201 302.818 297.543 523.635
62600000 63.3383 233.198 295.219 296.536 522.317
62700000 69.5388 229.604 290.669 299.143 522.872
62800000 60.4585 241.442 305.656 301.9 523.922
62900000 49.6483 236.676 299.622 286.324 521.671
63000000 50.4296 239.645 303.381 290.074 521.535
63100000 57.0222 235.917 298.662 292.939 520.343
63200000 53.8116 241.728 306.017 295.539 516.76
63300000 63.1326 236.017 298.788 299.15 516.742
63400000 63.5473 234.285 296.595 297.832 516.621
63500000 58.5538 236.584 299.506 295.138 516.416
63600000 62.2357 236.976 300.002 299.212 517.072
63700000 71.1884 237.137 300.206 308.325 518.457
63800000 67.8182 238.277 301.649 306.095 516.79
63900000 65.469 236.523 299.428 301.992 516.157
64000000 53.0617 235.793 298.504 288.854 515.438
64100000 65.3987 240.801 304.845 306.2 517.457
64200000 71.4701 238.064 301.38 309.534 515.551
64300000 77.1871 235.53 298.172 312.717 512.27
64400000 67.2857 239.544 303.253 306.83 511.902
64500000 65.9469 234.226 296.521 300.173 509.465
64600000 55.4552 236.523 299.429 291.978 510.489
64700000 65.1726 233.202 295.224 298.375 511.719
64800000 63.917 238.695 302.179 302.612 512.906
64900000 52.2787 232.175 293.924 284.454 513.364
65000000 43.0628 238.253 301.619 281.316 514.494
65100000 61.885 239.071 302.655 300.956 511.747
65200000 48.7118 240.795 304.837 289.507 514.219
65300000 56.5541 234.583 296.972 291.137 514.054
65400000 59.1271 239.057 302.636 298.184 511.686
65500000 41.4899 240.39 304.324 281.88 509.283
65600000 43.5261 233.555 295.671 277.081 510.478
65700000 49.9147 239.769 303.538 289.684 513.371
65800000 56.407 231.448 293.003 287.855 515.069
65900000 44.2002 233.721 295.882 277.922 517.309
66000000 46.8887 232.319 294.107 279.208 513.073
66100000 55.9239 238.319 301.703 294.243 513.012
66200000 51.1682 245.389 310.653 296.558 513.176
66300000 51.5827 237.306 300.419 288.888 512.795
66400000 52.9661 236.901 299.908 289.868 512.394
66500000 58.7542 242.87 307.464 301.625 511.019
66600000 53.4167 234.082 296.339 287.499 509.873
66700000 60.401 231.7 293.323 292.101 508.893
66800000 64.2212 234.543 296.922 298.765 508.238
66900000 47.8304 243.854 308.71 291.685 504.356
67000000 44.8305 231.679 293.296 276.51 502.462
67100000 49.6931 242.671 307.211 292.364 505.755
67200000 53.9963 237.624 300.823 291.621 508.499
67300000 52.024 238.251 301.617 290.275 510.71
67400000 44.4922 227.543 288.061 272.035 512.851
67500000 46.2083 238.015 301.318 284.224 511.718
67600000 49.1757 228.912 289.794 278.088 511.998
67700000 53.7166 243.833 308.683 297.55 514.639
67800000 40.6004 241.899 306.234 282.499 516.109
67900000 49.2375 239.534 303.241 288.772 515.714
68000000 60.8149 238.797 302.307 299.612 515.623
68100000 60.4262 234.391 296.729 294.817 514.237
68200000 56.4076 236.735 299.698 293.143 515.204
68300000 44.8477 231.382 292.92 276.229 516.194
68400000 54.2217 231.276 292.786 285.497 519.195
68500000 49.332 239.613 303.341 288.945 518.896
68600000 51.6427 233.722 295.883 285.365 515.562
68700000 61.371 237.091 300.147 298.462 514.799
68800000 49.7637 239.274 302.911 289.038 515.358
68900000 44.7779 235.826 298.546 280.603 514.885
69000000 44.4928 239.388 303.055 283.881 514.178
69100000 45.5005 235.654 298.328 281.154 517.653
69200000 56.5306 236.893 299.896 293.423 518.025
69300000 55.2204 237.149 300.221 292.369 518.231
69400000 44.6527 238.671 302.148 283.324 518.156
69500000 60.0817 235.767 298.471 295.848 516.558
69600000 65.8702 241.398 305.6 307.268 513.814
69700000 62.4169 245.812 311.188 308.229 512.568
69800000 53.9023 233.044 295.024 286.946 510.76
69900000 55.1285 241.815 306.128 296.943 511.124
70000000 62.7126 239.256 302.889 301.969 509.687
70100000 58.7818 234.421 296.768 293.203 510.559
70200000 67.3337 232.697 294.585 300.031 513.033
70300000 72.8663 241.286 305.458 314.152 513.666
70400000 68.8499 240.51 304.476 309.36 512.804
70500000 60.8409 236.112 298.908 296.953 515.624
70600000 55.3829 246.876 312.536 302.259 517.928
70700000 60.0257 238.244 301.607 298.27 518.022
70800000 69.7284 238.784 302.291 308.513 518.975
70900000 66.6184 239.257 302.89 305.876 519.468
71000000 62.1865 240.735 304.76 302.921 519.476
71100000 65.911 238.871 302.402 304.782 518.08
71200000 75.4766 235.299 297.878 310.775 517.739
71300000 66.1473 231.357 292.889 297.504 518.979
71400000 71.4566 235.919 298.664 307.375 517.549
71500000 72.207 238.962 302.517 311.169 517.589
71600000 83.357 243.485 308.242 326.842 516.768
71700000 65.5927 236.89 299.894 302.483 517.333
71800000 68.2102 229.225 290.189 297.435 518.416
71900000 74.6552 247.628 313.488 322.284 522.031
72000000 75.0596 236.436 299.318 311.495 525.013
72100000 63.9581 235.789 298.499 299.747 522.437
72200000 54.237 241.192 305.34 295.429 518.749
72300000 68.0604 237.817 301.067 305.878 517.684
72400000 70.6035 235.686 298.369 306.29 515.213
72500000 63.4207 237.055 300.102 300.476 512.856
72600000 60.415 235.356 297.952 295.771 513.252
72700000 64.1209 233.83 296.02 297.951 511.387
72800000 59.1657 236.011 298.78 295.176 512.36
72900000 59.2593 239.17 302.78 298.429 510.825
73000000 55.6887 240.932 305.01 296.62 509.304
73100000 65.1745 231.566 293.153 296.74 510.478
73200000 68.1373 236.006 298.774 304.143 509.693
73300000 57.1446 240.629 304.627 297.774 509.843
73400000 64.8845 231.66 293.272 296.544 508.889
73500000 57.6073 235.179 297.728 292.787 508.388
73600000 55.435 235.336 297.925 290.771 508.629
73700000 62.8488 242.468 306.955 305.317 509.314
73800000 60.0634 236.453 299.34 296.517 510.572
73900000 71.5745 234.194 296.48 305.768 511.595
74000000 68.1697 240.459 304.412 308.629 508.01
74100000 69.0129 235.472 298.098 304.485 507.208
74200000 72.466 233.852 296.048 306.318 507.502
74300000 65.4724 238.88 302.413 304.353 507.045
74400000 66.9699 236.63 299.563 303.599 507.596
74500000 71.8013 230.004 291.176 301.805 509.038
74600000 66.0762 230.871 292.273 296.947 512.302
74700000 70.1401 235.161 297.704 305.301 513.198
74800000 74.0335 237.939 301.222 311.973 514.505
74900000 66.4351 239.521 303.224 305.956 518.874
75000000 65.5564 230.966 292.394 296.522 522.889
75100000 69.7722 234.691 297.109 304.463 523.761
75200000 72.3831 238.458 301.879 310.842 525.316
75300000 66.6057 232.78 294.691 299.386 524.758
75400000 71.682 234.875 297.343 306.557 524.977
75500000 69.0596 237.563 300.745 306.622 526.643
75600000 72.1909 236.828 299.815 309.019 525.116
75700000 55.2952 238.415 301.824 293.71 524.991
75800000 49.9915 235.771 298.477 285.763 525.982
75900000 59.3522 233.927 296.142 293.279 527.72
76000000 64.1311 240.667 304.674 304.798 530.097
76100000 75.1928 238.686 302.167 313.879 532.499
76200000 70.9225 231.566 293.153 302.488 532.087
76300000 66.0307 229.612 290.679 295.643 532.945
76400000 78.3592 237.472 300.63 315.831 534.207
76500000 66.862 235.029 297.538 301.891 537.149
76600000 55.4201 234.804 297.253 290.224 536.133
76700000 47.6392 239.34 302.995 286.98 536.952
76800000 35.0674 238.917 302.46 273.985 534.412
76900000 34.8908 238.572 302.023 273.463 534.156
77000000 41.4909 230.288 291.536 271.779 534.081
77100000 41.0192 235.042 297.553 276.061 536.87
77200000 50.6381 230.158 291.371 280.797 538.874
77300000 55.8035 243.943 308.822 299.746 540.809
77400000 68.068 232.455 294.279 300.523 540.232
77500000 54.3049 239.78 303.552 294.085 539.218
77600000 49.2175 234.643 297.048 283.86 539.621
77700000 47.6333 228.3 289.019 275.933 537.954
77800000 55.5106 228.366 289.102 283.877 534.945
77900000 53.1471 236.515 299.419 289.662 536.773
78000000 53.1747 245.593 310.911 298.768 536.66
78100000 46.0491 239.305 302.95 285.354 535.718
78200000 52.9101 241.611 305.87 294.521 533.983
78300000 59.1451 236.078 298.866 295.223 533.607
78400000 58.2008 237.767 301.004 295.968 533.437
78500000 53.9509 232.367 294.167 286.318 532.609
78600000 58.2375 237.417 300.56 295.655 532.706
78700000 69.442 236.792 299.769 306.234 527.388
78800000 69.7647 239.952 303.769 309.717 528.175
78900000 58.1059 238.308 301.688 296.414 528.408
79000000 62.7575 239.137 302.738 301.895 526.219
79100000 46.2745 233.111 295.109 279.386 526.17
79200000 55.0116 232.7 294.588 287.711 527.07
79300000 58.5394 240.989 305.082 299.528 526.974
79400000 62.2422 240.31 304.223 302.552 527.476
79500000 74.489 236.817 299.8 311.306 530.734
79600000 65.4973 235.788 298.498 301.285 533.851
79700000 68.4727 232.942 294.895 301.414 537.312
79800000 62.4474 231.023 292.466 293.47 536.878
79900000 59.038 240.163 304.036 299.201 535.939
80000000 58.2888 237.065 300.115 295.354 531.299
80100000 58.468 237.406 300.546 295.874 529.745
80200000 61.2599 234.054 296.303 295.314 532.073
80300000 63.9229 235.786 298.495 299.709 533.222
80400000 60.1365 231.915 293.596 292.052 535.978
80500000 60.7051 235.728 298.422 296.433 538.433
80600000 47.0876 233.909 296.119 280.997 541.267
80700000 52.0712 237.822 301.073 289.893 542.157
80800000 58.8327 234.243 296.542 293.075 543.219
80900000 56.4909 228.947 289.837 285.438 543.548
81000000 49.3507 234.896 297.369 284.247 542.219
81100000 51.1613 234.658 297.068 285.82 541.525
81200000 53.7374 239.138 302.739 292.876 540.597
81300000 34.1022 230.209 291.435 264.311 540.771
81400000 46.0844 241.644 305.911 287.728 542.362
81500000 45.8041 237.912 301.186 283.716 542.413
81600000 43.1357 231.523 293.099 274.659 544.324
81700000 47.0274 234.603 296.997 281.63 544.159
81800000 43.2744 233.787 295.965 277.062 540.995
81900000 49.1842 237.14 300.21 286.325 538.459
82000000 48.93 232.66 294.539 281.59 539.056
82100000 49.2553 232.102 293.832 281.357 538.297
82200000 43.38 230.936 292.355 274.316 537.129
82300000 56.2449 239.969 303.791 296.214 535.605
82400000 51.7985 233.192 295.212 284.991 536.853
82500000 57.0183 236.908 299.916 293.926 536.48
82600000 58.1119 239.083 302.669 297.195 538.032
82700000 52.8557 230.186 291.406 283.041 538.523
82800000 55.4438 243.414 308.153 298.858 538.613
82900000 59.6674 227.14 287.551 286.808 541.648
83000000 61.2353 242.646 307.18 303.881 542.505
83100000 72.1491 236.939 299.956 309.089 543.159
83200000 57.0058 243.841 308.692 300.846 546.145
83300000 58.2361 236.862 299.858 295.098 547.729
83400000 67.4178 238.592 302.047 306.01 551.553
83500000 54.9645 241.516 305.749 296.48 554.39
83600000 53.9814 233.007 294.977 286.988 554.208
83700000 54.3168 235.643 298.314 289.96 554.631
83800000 58.9265 236.511 299.413 295.437 556.563
83900000 57.3638 241.181 305.325 298.544 554.166
84000000 53.9562 235.258 297.827 289.214 555.538
84100000 63.9209 231.6 293.197 295.521 556.325
84200000 47.9742 233.939 296.158 281.914 560.482
84300000 52.8924 235.157 297.699 288.049 562.43
84400000 47.889 240.042 303.884 287.931 561.364
84500000 48.7629 237.1 300.159 285.863 563.136
84600000 47.6533 236.429 299.309 284.082 563.954
84700000 52.9348 232.868 294.801 285.802 562.737
84800000 47.1934 239.535 303.242 286.728 567.45
84900000 52.5692 240.052 303.897 292.622 569.655
85000000 50.4372 239.417 303.092 289.854 570.777
85100000 53.3998 237.895 301.165 291.294 568.425
85200000 52.4224 242.215 306.634 294.637 567.909
85300000 45.3776 233.361 295.425 278.738 568.481
85400000 51.5902 233.335 295.393 284.926 566.859
85500000 57.6895 233.613 295.744 291.302 567.196
85600000 51.4618 234.457 296.813 285.919 570.213
85700000 54.8662 237.911 301.185 292.777 569.408
85800000 57.5011 239.928 303.739 297.429 569.98
85900000 53.814 234.839 297.297 288.653 570.892
86000000 59.0464 238.769 302.271 297.815 569.463
86100000 52.9874 233.893 296.099 286.88 571.361
86200000 39.1192 229.729 290.828 268.848 568.328
86300000 42.8078 231.635 293.241 274.443 568.782
86400000 36.5016 233.93 296.146 270.431 570.779
86500000 34.1221 239.029 302.601 273.151 570.845
86600000 49.4638 234.823 297.276 284.287 572.353
86700000 71.7963 237.982 301.276 309.778 573.951
86800000 68.7461 228.965 289.86 297.711 573.218
86900000 71.4813 241.134 305.266 312.615 574.527
87000000 67.4914 237.796 301.04 305.287 574.931
87100000 62.6059 238.157 301.498 300.763 574.254
87200000 55.3633 238.992 302.555 294.356 576.452
87300000 59.8675 238.738 302.233 298.606 575.561
87400000 53.4317 242.398 306.867 295.83 574.269
87500000 56.3106 235.529 298.17 291.84 575.972
87600000 57.5433 241.791 306.098 299.335 575.25
87700000 48.6775 241.672 305.947 290.35 576.662
87800000 55.0215 233.496 295.596 288.517 575.343
87900000 64.767 229.74 290.841 294.507 574.877
88000000 79.7407 235.247 297.813 314.988 576.53
88100000 68.623 236.726 299.685 305.349 577.481
88200000 74.3639 233.193 295.213 307.557 577.301
88300000 71.0508 242.605 307.129 313.656 577.683
88400000 71.762 231.424 292.974 303.186 576.755
88500000 68.5238 240.384 304.317 308.908 576.972
88600000 70.0172 233.594 295.721 303.612 576.957
88700000 60.4713 233.898 296.106 294.37 577.472
88800000 62.1297 234.022 296.262 296.152 577.692
88900000 70.4358 229.015 289.924 299.451 575.574
89000000 66.2307 236.416 299.292 302.646 576.566
89100000 64.092 240.547 304.522 304.639 576.36
89200000 45.8743 239.668 303.41 285.543 574.182
89300000 50.16 237.608 300.802 287.768 575.434
89400000 40.5315 236.517 299.421 277.048 580.087
89500000 56.4195 233.493 295.593 289.913 582.674
89600000 53.3521 233.169 295.183 286.521 584.785
89700000 51.0605 239.686 303.432 290.746 585.657
89800000 51.1319 234.197 296.483 285.328 587.333
89900000 40.2368 232.249 294.017 272.485 586.395
90000000 41.626 233.883 296.086 275.509 587.809
90100000 42.3369 235.355 297.95 277.692 588.722
90200000 53.1225 239.808 303.588 292.931 587.902
90300000 45.4227 241.035 305.141 286.458 586.938
90400000 51.6536 234.357 296.687 286.011 587.191
90500000 57.7901 226.609 286.878 284.399 584.518
90600000 53.0258 238.92 302.463 291.945 585.754
90700000 48.9625 234.526 296.901 283.489 585.017
90800000 52.2245 230.928 292.345 283.152 584.99
90900000 46.1894 237.147 300.218 283.336 587.736
91000000 51.398 234.201 296.49 285.599 588.207
91100000 41.7761 231.961 293.653 273.737 590.771
91200000 51.5139 235.184 297.734 286.698 591.626
91300000 45.3888 234.643 297.049 280.032 592.313
91400000 43.2135 235.388 297.991 278.601 595.467
91500000 49.0053 235.889 298.626 284.894 600.281
91600000 39.1132 241.921 306.263 281.034 601.093
91700000 48.9775 234.262 296.567 283.24 598.87
91800000 41.5642 240.718 304.739 282.282 598.625
91900000 47.1661 233.802 295.984 280.968 599.442
92000000 50.2504 234.015 296.253 284.265 597.62
92100000 53.2203 234.749 297.183 287.97 597.699
92200000 61.1873 238.034 301.342 299.222 597.198
92300000 57.0338 234.257 296.56 291.291 598.798
92400000 55.1199 240.976 305.065 296.095 603.352
92500000 52.4121 236.635 299.57 289.047 607.77
92600000 50.7527 243.779 308.614 294.532 609.748
92700000 57.3859 247.549 313.387 304.935 611.654
92800000 52.4215 237.682 300.896 290.103 615.866
92900000 51.3893 235.133 297.668 286.522 618.068
93000000 46.2964 232.953 294.91 279.25 618.041
93100000 41.3217 242.551 307.06 283.873 620.843
93200000 56.7156 233.873 296.074 290.589 622.661
93300000 63.9644 235.476 298.103 299.441 624.919
93400000 67.9795 234.112 296.376 302.092 622.803
93500000 72.2673 232.59 294.449 304.857 623.284
93600000 63.7573 232.874 294.809 296.631 624.727
93700000 67.9123 237.623 300.821 305.535 625.739
93800000 64.4714 234.966 297.457 299.437 627.905
93900000 62.8639 241.692 305.972 304.556 628.972
94000000 81.5196 240.928 305.005 322.448 628.563
94100000 69.9424 227.942 288.566 297.885 630.12
94200000 61.0503 232.586 294.445 293.636 633.631
94300000 60.2316 236.261 299.097 296.493 636.688
94400000 55.1253 236.685 299.634 291.81 636.657
94500000 69.0533 244.654 309.722 313.708 637.737
94600000 75.3405 230.368 291.636 305.708 636.653
94700000 71.5245 236.015 298.786 307.54 634.981
94800000 79.9649 240.368 304.297 320.333 636.222
94900000 89.5761 238.979 302.538 328.555 636.625
95000000 79.3143 241.204 305.355 320.518 638.3
95100000 84.9257 232.62 294.488 317.546 636.065
95200000 79.7783 240.606 304.598 320.385 636.777
95300000 80.4233 240.403 304.34 320.826 635.676
95400000 63.9101 236.233 299.061 300.143 636.184
95500000 56.0298 235.281 297.857 291.311 635.192
95600000 56.953 229.748 290.852 286.701 633.95
95700000 72.1297 237.806 301.053 309.936 633.374
95800000 59.3984 237.699 300.918 297.098 632.547
95900000 67.2539 244.035 308.939 311.289 634.611
96000000 51.1655 242.32 306.767 293.485 631.543
96100000 56.0873 241.539 305.779 297.627 628.691
96200000 63.1691 231.803 293.453 294.972 629.501
96300000 66.8922 237.466 300.622 304.358 631.051
96400000 63.8994 234.444 296.797 298.344 633.829
96500000 62.2615 236.378 299.246 298.64 635.951
96600000 63.1112 237.145 300.216 300.256 636.778
96700000 69.2518 233.867 296.067 303.119 641.966
96800000 61.1644 243.248 307.942 304.412 643.193
96900000 65.5888 238.135 301.469 303.724 645.226
97000000 69.5664 240.981 305.072 310.547 645.568
97100000 76.0805 236.447 299.332 312.528 643.94
97200000 67.9304 234.898 297.371 302.828 644.575
97300000 59.4112 243.229 307.918 302.64 648.27
97400000 55.051 238.134 301.468 293.185 648.413
97500000 59.806 244.641 309.706 304.447 647.48
97600000 62.8506 237.108 300.169 299.959 649.326
97700000 68.652 236.264 299.1 304.916 650.584
97800000 61.4179 237.634 300.835 299.052 654.83
97900000 59.0458 238.803 302.315 297.849 654.408
98000000 57.2806 240.751 304.781 298.032 654.557
98100000 44.1673 244.44 309.451 288.607 650.968
98200000 53.0466 237.681 300.894 290.727 648.726
98300000 71.6422 237.732 300.959 309.374 651.15
98400000 72.2352 241.523 305.758 313.758 656.306
98500000 76.9795 238.684 302.164 315.663 653.841
98600000 75.5611 235.281 297.856 310.842 653.916
98700000 62.3363 240.244 304.139 302.58 652.714
98800000 46.0315 239.048 302.626 285.08 653.727
98900000 52.9919 238.933 302.479 291.924 653.488
99000000 76.0518 238.881 302.414 314.933 656.577
99100000 75.1909 235.886 298.622 311.077 656.986
99200000 59.8914 236.199 299.018 296.09 655.209
99300000 47.528 231.562 293.148 279.09 656.62
99400000 64.5107 229.317 290.306 293.828 656.788
99500000 56.1588 233.99 296.222 290.149 656.529
99600000 55.2868 234.222 296.516 289.509 656.784
99700000 75.0602 232.445 294.266 307.505 658.15
99800000 65.6363 236.208 299.03 301.845 658.785
99900000 63.9179 231.908 293.587 295.826 657.415
100000000 55.9002 233.84 296.032 289.74 655.999
100100000 54.756 232.658 294.535 287.414 654.485
100200000 62.7689 237.3 300.413 300.069 656.325
100300000 70.3114 236.859 299.854 307.171 656.064
100400000 65.0494 235.989 298.753 301.039 658.025
100500000 60.1056 241.838 306.157 301.944 658.971
100600000 57.8085 231.587 293.18 289.396 657.43
100700000 53.5581 238.227 301.585 291.785 658.972
100800000 60.1786 243.973 308.86 304.152 658.633
100900000 55.2233 241.102 305.226 296.326 657.101
101000000 63.8491 241.009 305.108 304.858 658.229
101100000 57.2603 238.468 301.891 295.728 660.309
101200000 59.7066 237.038 300.08 296.744 663.298
101300000 59.9338 237.016 300.053 296.95 665.876
101400000 60.8072 236.74 299.703 297.547 665.368
101500000 61.9549 233.842 296.035 295.797 661.612
101600000 52.7597 238.771 302.275 291.531 664.195
101700000 53.1041 241.468 305.689 294.573 667.126
101800000 60.0372 228.03 288.677 288.068 666.183
101900000 57.2184 236.637 299.573 293.855 669.532
102000000 63.5436 238.362 301.757 301.906 670.106
102100000 64.7727 243.756 308.585 308.528 669.763
102200000 67.4447 238.294 301.671 305.739 668.248
102300000 82.1257 237.467 300.623 319.593 666.7
102400000 77.4499 244.519 309.551 321.969 665.708
102500000 63.3543 238.611 302.071 301.965 666.124
102600000 66.0777 237.521 300.692 303.598 668.43
102700000 70.7279 236.075 298.861 306.803 668.973
102800000 58.4514 238.161 301.502 296.612 667.143
102900000 59.161 232.988 294.954 292.15 666.662
103000000 55.2718 237.078 300.132 292.35 664.975
103100000 57.5721 242.452 306.934 300.024 666.526
103200000 57.9809 245.144 310.342 303.125 667.769
103300000 44.9082 236.434 299.316 281.342 671.394
103400000 56.8724 229.609 290.676 286.482 675.566
103500000 61.8207 236.087 298.876 297.908 679.203
103600000 55.5663 233.071 295.059 288.637 680.138
103700000 70.3793 239.942 303.757 310.321 683.779
103800000 60.0957 236.109 298.904 296.205 685.28
103900000 58.3218 236.608 299.536 294.93 686.893
104000000 53.6268 236.421 299.3 290.048 686.767
104100000 61.4763 247.381 313.174 308.857 686.306
104200000 56.654 239.836 303.623 296.49 688.121
104300000 56.2882 235.575 298.228 291.863 687.009
104400000 45.7794 239.128 302.727 284.908 686.114
104500000 58.0611 239.57 303.286 297.631 687.409
104600000 52.4766 240.347 304.269 292.823 688.358
104700000 57.2651 240.078 303.929 297.343 688.562
104800000 62.2217 229.057 289.977 291.279 689.27
104900000 62.2535 235.264 297.834 297.517 691.147
105000000 69.8464 243.434 308.178 313.281 692.965
