# Time-averaged data for fix favg
# TimeStep v_vpe v_vke v_vT v_vE v_vRg
5100000 972.755 1843.63 299.516 2816.39 483.447
5200000 988.856 1867.72 303.43 2856.58 483.552
5300000 985.299 1855.4 301.427 2840.7 483.805
5400000 972.459 1858.93 302.001 2831.39 484.656
5500000 968.733 1848.16 300.252 2816.9 485.125
5600000 975.879 1829.8 297.268 2805.67 485.241
5700000 970.448 1841.18 299.118 2811.63 485.821
5800000 965.955 1864.35 302.882 2830.31 486.176
5900000 985.003 1846.96 300.057 2831.97 487.555
6000000 957.291 1836.21 298.31 2793.5 489.298
6100000 981.827 1845.37 299.799 2827.2 490.192
6200000 984.271 1853.39 301.101 2837.66 490.311
6300000 971.15 1859.27 302.057 2830.42 489.924
6400000 987.015 1849.37 300.447 2836.38 490.918
6500000 976.183 1862.04 302.507 2838.22 491.985
6600000 977.197 1840.76 299.049 2817.95 493.266
6700000 980.118 1856.18 301.555 2836.3 493.866
6800000 978.494 1862.53 302.585 2841.02 494.69
6900000 982.202 1864.86 302.965 2847.07 495.093
7000000 975.83 1862.27 302.544 2838.1 495.658
7100000 966.478 1833.54 297.877 2800.02 496.662
7200000 969.263 1841.35 299.145 2810.61 497.349
7300000 986.296 1849.43 300.459 2835.73 497.096
7400000 988.323 1846.23 299.939 2834.56 497.452
7500000 979.994 1851.44 300.784 2831.43 498.103
7600000 988.273 1831.36 297.522 2819.63 498.935
7700000 979.515 1841 299.088 2820.51 500.249
7800000 983.04 1851.55 300.802 2834.59 500.045
7900000 967.576 1837.35 298.496 2804.93 499.639
8000000 969.813 1830.53 297.388 2800.35 499.247
8100000 984.09 1861.61 302.437 2845.7 500.47
8200000 978.437 1848.07 300.237 2826.51 500.929
8300000 977.185 1844.74 299.696 2821.93 500.7
8400000 980.807 1844.58 299.67 2825.39 500.799
8500000 977.395 1862.08 302.513 2839.48 501.438
8600000 974.427 1854.93 301.352 2829.36 501.534
8700000 988.041 1852.2 300.907 2840.24 500.575
8800000 980.212 1843.53 299.499 2823.74 500.61
8900000 981.021 1861.08 302.35 2842.1 502.11
9000000 982.558 1856.23 301.562 2838.78 503
9100000 962.531 1857.72 301.805 2820.25 503.028
9200000 958.209 1852.51 300.958 2810.72 504.697
9300000 971.814 1840.19 298.957 2812 507.044
9400000 968.967 1861.32 302.39 2830.29 507.343
9500000 981.441 1845.85 299.876 2827.29 507.727
9600000 975.322 1831.34 297.519 2806.66 508.763
9700000 967.033 1835.08 298.126 2802.11 510.393
9800000 963.412 1840.5 299.008 2803.91 510.303
9900000 960.088 1854.97 301.358 2815.06 510.327
10000000 971.049 1851.09 300.728 2822.14 510.442
10100000 963.86 1859.39 302.075 2823.25 511.735
10200000 969.152 1837.47 298.515 2806.62 512.83
10300000 974.548 1863.5 302.744 2838.05 513.203
10400000 968.45 1869.71 303.753 2838.16 512.717
10500000 973.738 1851.69 300.825 2825.43 513.056
10600000 966.637 1834.76 298.074 2801.39 512.437
10700000 961.36 1834.05 297.959 2795.41 512.621
10800000 995.673 1832.39 297.69 2828.06 512.566
10900000 971.852 1840.87 299.067 2812.72 512.211
11000000 990.604 1854.23 301.238 2844.84 513.022
11100000 972.578 1847.18 300.092 2819.76 513.367
11200000 972.02 1835.05 298.121 2807.07 514.742
11300000 971.429 1846.85 300.038 2818.27 515.499
11400000 973.402 1845.45 299.811 2818.85 516.575
11500000 985.841 1853.26 301.079 2839.1 516.112
11600000 979.774 1842.69 299.363 2822.46 516.295
11700000 980.481 1855.38 301.425 2835.86 516.049
11800000 977.015 1844.76 299.699 2821.77 516.011
11900000 979.469 1851.62 300.813 2831.09 515.455
12000000 961.226 1852.91 301.023 2814.13 516.702
12100000 964.398 1867.27 303.357 2831.67 516.863
12200000 990.488 1840.52 299.01 2831.01 517.205
12300000 957.317 1846.17 299.929 2803.49 517.498
12400000 965.417 1846.01 299.902 2811.43 518.253
12500000 971.303 1846.86 300.04 2818.16 519.978
12600000 967.829 1859.2 302.045 2827.03 519.903
12700000 965.183 1839.94 298.917 2805.13 519.4
12800000 972.873 1844.47 299.652 2817.34 519.124
12900000 980.5 1865.32 303.039 2845.82 519.326
13000000 986.466 1845.53 299.824 2832 519.331
13100000 983.927 1847.33 300.116 2831.26 521.071
13200000 971.095 1839.7 298.877 2810.79 521.23
13300000 992.317 1860.32 302.226 2852.63 522.132
13400000 974.924 1845.47 299.814 2820.39 522.514
13500000 964.297 1869.71 303.753 2834.01 522.005
13600000 963.362 1846.61 300 2809.97 521.372
13700000 965.719 1845.62 299.838 2811.34 522.05
13800000 951.952 1851.12 300.732 2803.07 522.066
13900000 963.931 1842.15 299.274 2806.08 524.269
14000000 973.578 1847.92 300.212 2821.5 525.427
14100000 972.268 1860.37 302.236 2832.64 525.765
14200000 976.618 1837.2 298.471 2813.82 525.835
14300000 981.923 1833.74 297.909 2815.66 525.596
14400000 967.116 1830.64 297.405 2797.76 525.96
14500000 941.362 1836.7 298.39 2778.07 525.979
14600000 961.216 1838.15 298.625 2799.37 527.05
14700000 971.773 1849.73 300.507 2821.5 527.994
14800000 952.365 1852.38 300.937 2804.74 528.952
14900000 968.662 1853.81 301.17 2822.48 528.64
15000000 955.127 1845.15 299.762 2800.27 529.123
15100000 959.008 1845.3 299.787 2804.31 529.165
15200000 953.16 1842.78 299.377 2795.94 528.489
15300000 959.747 1839.03 298.768 2798.78 528.28
15400000 970.301 1834.51 298.034 2804.81 528.385
15500000 950.744 1841.54 299.176 2792.29 529.271
15600000 975.25 1853.68 301.148 2828.93 530.249
15700000 969.212 1837.61 298.538 2806.82 530.203
15800000 972.582 1855.86 301.502 2828.44 530.429
15900000 948.748 1851.46 300.788 2800.21 531.458
16000000 966.549 1842.15 299.275 2808.7 532.329
16100000 952.606 1843.79 299.541 2796.39 533.264
16200000 966.443 1836.7 298.389 2803.14 533.891
16300000 957.502 1847.13 300.085 2804.64 535.121
16400000 984.392 1831.36 297.522 2815.75 535.852
16500000 959.994 1833.99 297.949 2793.98 537.7
16600000 978.925 1850.97 300.708 2829.89 537.335
16700000 978.143 1836.03 298.28 2814.17 537.499
16800000 971.708 1833.99 297.95 2805.7 538.33
16900000 972.063 1864.57 302.918 2836.64 539.365
17000000 989.195 1830.82 297.434 2820.01 541.032
17100000 957.91 1844.94 299.728 2802.85 542.073
17200000 974.926 1820.94 295.829 2795.87 542.508
17300000 988.503 1834.81 298.082 2823.31 542.455
17400000 984.821 1859.41 302.079 2844.23 542.335
17500000 986.839 1850.24 300.59 2837.08 543.132
17600000 983.829 1844.56 299.666 2828.38 543.694
17700000 985.885 1846.86 300.04 2832.74 544.947
17800000 961.277 1830.12 297.321 2791.4 545.022
17900000 977.227 1859.93 302.164 2837.16 544.914
18000000 979.313 1841.27 299.132 2820.58 545.283
18100000 963.5 1853.16 301.064 2816.66 545.473
18200000 983.792 1838.99 298.762 2822.78 545.796
18300000 988.738 1839.5 298.844 2828.23 545.918
18400000 968.93 1828.43 297.047 2797.36 545.152
18500000 981.749 1858.53 301.937 2840.28 544.4
18600000 969.29 1853.45 301.11 2822.74 543.874
18700000 985.394 1847.98 300.223 2833.38 543.743
18800000 972.133 1854.73 301.319 2826.87 543.305
18900000 958.676 1834.89 298.096 2793.57 542.737
19000000 969.129 1841.04 299.095 2810.17 543.083
19100000 950.225 1850.51 300.634 2800.74 543.953
19200000 959.973 1843.77 299.539 2803.75 543.897
19300000 971.351 1854.21 301.235 2825.56 543.315
19400000 963.996 1842.84 299.387 2806.84 543.147
19500000 972.836 1838.31 298.651 2811.15 543.147
19600000 961.194 1860.01 302.177 2821.21 543.107
19700000 952.417 1845.73 299.856 2798.14 544.52
19800000 970.653 1833.67 297.898 2804.32 544.604
19900000 968.648 1871.67 304.072 2840.32 545.4
20000000 971.241 1855.11 301.381 2826.35 545.898
20100000 992.84 1836.08 298.289 2828.92 546.242
20200000 983.637 1834.67 298.059 2818.3 546.354
20300000 971.357 1848.92 300.375 2820.28 546.345
20400000 984.894 1853.85 301.176 2838.75 546.243
20500000 983.287 1831 297.464 2814.29 545.879
20600000 981.504 1846.9 300.047 2828.4 546.227
20700000 997.111 1843.8 299.544 2840.91 547.382
20800000 984.165 1841.21 299.123 2825.38 547.306
20900000 992.999 1831.68 297.575 2824.68 547.528
21000000 972.15 1822.54 296.089 2794.69 548.405
21100000 964.077 1822.66 296.108 2786.73 548.525
21200000 975.608 1825.63 296.591 2801.23 549.081
21300000 974.969 1824.65 296.433 2799.62 549.652
21400000 993.67 1846.48 299.978 2840.15 550.797
21500000 966.843 1851.7 300.827 2818.54 551.253
21600000 980.683 1834.21 297.985 2814.89 551.953
21700000 994.514 1851.56 300.803 2846.07 553.411
21800000 986.747 1839.97 298.92 2826.71 554.525
21900000 992.212 1856.32 301.578 2848.54 554.871
22000000 990.376 1859.54 302.1 2849.91 555.462
22100000 976.485 1816.62 295.128 2793.11 556.577
22200000 977.574 1853.07 301.05 2830.65 556.154
22300000 979.535 1850.75 300.672 2830.28 556.564
22400000 980.152 1863.4 302.728 2843.55 556.964
22500000 968.725 1862.94 302.652 2831.66 558.039
22600000 979.783 1836.47 298.352 2816.25 558.435
22700000 990.53 1847.84 300.2 2838.37 558.966
22800000 991.389 1853.44 301.109 2844.83 560.403
22900000 979.296 1870.39 303.864 2849.69 560.501
23000000 996.539 1843.14 299.436 2839.68 561.435
23100000 985.393 1834.14 297.974 2819.53 560.637
23200000 975.041 1842.84 299.387 2817.88 559.854
23300000 970.522 1841.26 299.13 2811.78 559.884
23400000 979.117 1847.67 300.172 2826.78 559.269
23500000 991.411 1836.33 298.33 2827.74 559.59
23600000 1014.24 1846.63 300.003 2860.87 559.253
23700000 1001.97 1837.3 298.487 2839.27 558.902
23800000 997.784 1849.84 300.524 2847.62 557.819
23900000 977.604 1851.57 300.805 2829.17 556.965
24000000 977.61 1857.45 301.761 2835.06 556.756
24100000 976.982 1843.43 299.483 2820.41 556.03
24200000 976.922 1850.87 300.692 2827.79 555.776
24300000 986.105 1862.25 302.54 2848.35 555.758
24400000 973.961 1867.16 303.338 2841.12 556.542
24500000 989.5 1835.09 298.129 2824.59 557.544
24600000 977.042 1842.82 299.383 2819.86 558.217
24700000 980.378 1840.58 299.02 2820.96 558.732
24800000 977.751 1851.41 300.779 2829.16 559.121
24900000 987.254 1837.28 298.483 2824.53 558.124
25000000 983.89 1849.47 300.465 2833.36 558.026
25100000 978.844 1836.39 298.34 2815.24 559.149
25200000 975.904 1845.81 299.87 2821.71 558.993
25300000 972.302 1843.4 299.479 2815.71 560.044
25400000 984.07 1842.32 299.303 2826.39 561.649
25500000 982.173 1846.53 299.986 2828.7 563.138
25600000 971.302 1851.85 300.85 2823.15 563.169
25700000 963.233 1840.75 299.047 2803.98 562.918
25800000 975.963 1837.15 298.463 2813.11 563.31
25900000 965.7 1833.07 297.801 2798.78 563.351
26000000 978.011 1849.08 300.4 2827.09 563.187
26100000 971.707 1863.85 302.801 2835.56 563.448
26200000 958.894 1843.33 299.467 2802.22 562.915
26300000 968.771 1849.23 300.426 2818 562.722
26400000 961.618 1850.61 300.649 2812.22 563.198
26500000 972.173 1823.99 296.324 2796.16 564.382
26600000 974.505 1865.22 303.023 2839.72 565.656
26700000 987.323 1857.72 301.805 2845.04 565.722
26800000 966.519 1852.81 301.006 2819.33 565.881
26900000 991.097 1826.66 296.758 2817.75 567.162
27000000 963.2 1837.83 298.573 2801.03 567.881
27100000 966.553 1863.83 302.797 2830.38 568.567
27200000 994.28 1849.48 300.465 2843.76 569.959
27300000 1003.16 1863.21 302.697 2866.38 570.493
27400000 962.116 1841.55 299.178 2803.67 570.895
27500000 970.159 1864.18 302.855 2834.34 572.119
27600000 962.555 1849.1 300.404 2811.65 572.817
27700000 986.135 1837.33 298.492 2823.46 573.012
27800000 967.007 1861.23 302.375 2828.24 572.939
27900000 978.11 1863.14 302.686 2841.25 573.092
28000000 975.62 1852.42 300.943 2828.04 574.674
28100000 965.731 1853.71 301.153 2819.44 575.798
28200000 979.19 1843.84 299.55 2823.03 575.361
28300000 983.85 1860.7 302.288 2844.55 575.094
28400000 981.26 1862.53 302.586 2843.79 574.953
28500000 968.114 1840.5 299.007 2808.61 575.766
28600000 974.042 1857.84 301.824 2831.88 575.616
28700000 977.897 1839.82 298.897 2817.72 576.314
28800000 965.636 1858.98 302.009 2824.62 577.585
28900000 974.197 1848.7 300.339 2822.9 578.036
29000000 980.71 1859.34 302.069 2840.05 578.042
29100000 966.324 1845.49 299.818 2811.82 578.643
29200000 966.865 1853.96 301.194 2820.83 579.074
29300000 970.518 1848.05 300.234 2818.57 580.543
29400000 966.429 1848.92 300.375 2815.35 580.913
29500000 968.396 1854.8 301.33 2823.19 581.468
29600000 981.661 1845.69 299.851 2827.35 581.676
29700000 986.283 1835 298.114 2821.28 582.144
29800000 987.137 1840.47 299.003 2827.61 583.522
29900000 985.257 1848.29 300.273 2833.55 585.02
30000000 978.699 1853.66 301.145 2832.36 585.169
30100000 986.62 1836.29 298.322 2822.9 584.583
30200000 979.538 1838.66 298.709 2818.2 583.864
30300000 974.36 1846.74 300.021 2821.1 581.956
30400000 967.455 1822.54 296.089 2790 581.843
30500000 975.815 1831.29 297.51 2807.1 581.3
30600000 967.493 1838.99 298.762 2806.49 581.747
30700000 989.708 1852.94 301.029 2842.65 581.857
30800000 977.899 1848.51 300.309 2826.41 582.168
30900000 975.514 1828.78 297.104 2804.3 583.121
31000000 981.433 1840.84 299.063 2822.28 583.462
31100000 994.884 1863.75 302.785 2858.64 583.912
31200000 984.607 1846.19 299.931 2830.79 584.033
31300000 984.282 1858.05 301.858 2842.33 584.3
31400000 983.434 1825.18 296.518 2808.61 584.56
31500000 978.892 1836.52 298.361 2815.41 585.299
31600000 981.571 1855.69 301.475 2837.26 584.918
31700000 1002.32 1846.61 299.999 2848.93 585.725
31800000 984.551 1845.41 299.804 2829.96 586.57
31900000 985.16 1845.61 299.838 2830.77 586.7
32000000 984.593 1829.16 297.164 2813.75 587.166
32100000 984.06 1847 300.063 2831.06 586.774
32200000 976.68 1841.29 299.135 2817.97 587.614
32300000 996.193 1835.36 298.172 2831.55 588.085
32400000 995.232 1840.38 298.988 2835.62 588.794
32500000 989.714 1846.49 299.98 2836.2 588.477
32600000 979.171 1831.21 297.498 2810.38 588.059
32700000 988.323 1837.74 298.559 2826.06 588.367
32800000 958.631 1847.68 300.173 2806.31 588.191
32900000 987.742 1842.72 299.368 2830.46 587.833
33000000 975.445 1825.52 296.573 2800.96 587.945
33100000 962.452 1833.23 297.826 2795.68 587.048
33200000 970.428 1839.81 298.895 2810.24 588.587
33300000 977.821 1853.78 301.165 2831.6 587.7
33400000 990.654 1843.37 299.474 2834.03 586.944
33500000 972.554 1848.01 300.227 2820.56 587.938
33600000 983.65 1846.27 299.944 2829.92 588.848
33700000 975.663 1839.78 298.891 2815.45 589.439
33800000 980.05 1853.4 301.104 2833.45 588.914
33900000 982.361 1838.74 298.721 2821.1 587.968
34000000 965.143 1865.44 303.058 2830.58 588.428
34100000 981.395 1834.63 298.054 2816.03 588.519
34200000 976.013 1855.35 301.42 2831.37 588.376
34300000 974.296 1833.8 297.919 2808.1 589.215
34400000 963.962 1840.83 299.061 2804.79 590.309
34500000 967.603 1834.05 297.96 2801.66 590.956
34600000 976.028 1848.88 300.369 2824.91 592.351
34700000 978.766 1841.24 299.127 2820.01 593.381
34800000 986.892 1864.65 302.931 2851.55 593.843
34900000 983.275 1849.28 300.434 2832.56 595.265
35000000 968.138 1862.12 302.519 2830.26 595.583
35100000 978.202 1848.28 300.271 2826.48 596.035
35200000 966.785 1831.07 297.475 2797.86 596.602
35300000 977.87 1856.09 301.539 2833.96 596.557
35400000 963.244 1845.38 299.8 2808.63 596.285
35500000 983.075 1840.9 299.072 2823.97 596.061
35600000 976.137 1843.78 299.54 2819.92 595.238
35700000 998.929 1844.92 299.725 2843.85 595.46
35800000 980.183 1849.61 300.486 2829.79 595.792
35900000 979.7 1858.69 301.962 2838.39 596.058
36000000 978.426 1830.79 297.43 2809.22 596.58
36100000 974.156 1844.33 299.629 2818.48 596.315
36200000 971.815 1841.29 299.136 2813.11 596.167
36300000 997.545 1861.26 302.379 2858.8 596.978
36400000 962.981 1835.34 298.17 2798.33 598.286
36500000 986.501 1832.43 297.695 2818.93 598.47
36600000 976.717 1833.09 297.804 2809.81 598.995
36700000 973.981 1860.11 302.192 2834.09 599.805
36800000 975.451 1854.39 301.264 2829.84 600.196
36900000 980.399 1849.15 300.413 2829.55 599.325
37000000 992.041 1864.21 302.859 2856.25 599.834
37100000 981.736 1846.15 299.925 2827.88 600.811
37200000 985.034 1838.99 298.761 2824.02 601.551
37300000 977.135 1849.92 300.538 2827.06 602.32
37400000 982.396 1836.67 298.386 2819.07 602.91
37500000 987.707 1834.84 298.087 2822.54 604.374
37600000 993.949 1851.34 300.768 2845.29 605.592
37700000 984.531 1855.39 301.426 2839.92 606.167
37800000 981.562 1847.68 300.174 2829.24 606.629
37900000 978.558 1842.03 299.255 2820.59 607.457
38000000 977.907 1843.39 299.476 2821.3 607.49
38100000 974.961 1857.31 301.738 2832.27 608.406
38200000 993.004 1851.58 300.806 2844.58 609.154
38300000 965.486 1835.81 298.246 2801.3 610.669
38400000 985.583 1860.41 302.241 2845.99 610.953
38500000 978.378 1854.18 301.229 2832.56 612.852
38600000 977.931 1858.61 301.949 2836.54 613.097
38700000 963.395 1852.18 300.904 2815.57 613.458
38800000 967.861 1838.59 298.697 2806.45 613.585
38900000 962.913 1843.15 299.437 2806.06 612.754
39000000 968.069 1861.12 302.357 2829.19 612.53
39100000 974.967 1832.21 297.661 2807.18 613.093
39200000 974.543 1866.92 303.3 2841.47 614.108
39300000 979.396 1854.08 301.213 2833.48 614.261
39400000 966.842 1852.81 301.007 2819.65 614.632
39500000 952.199 1826.12 296.67 2778.31 615.275
39600000 968.733 1858.09 301.865 2826.83 616.191
39700000 970.735 1859.25 302.054 2829.99 617.256
39800000 951.67 1844.68 299.685 2796.35 616.768
39900000 971.433 1837.87 298.58 2809.3 617.094
40000000 967.837 1854.25 301.241 2822.09 617.546
40100000 989.277 1835.79 298.242 2825.07 617.642
40200000 966.868 1846.01 299.902 2812.87 618.65
40300000 975.074 1846.99 300.062 2822.07 619.182
40400000 978.294 1844.27 299.619 2822.56 619.49
40500000 954.278 1853.69 301.15 2807.97 618.043
40600000 959.129 1853.04 301.045 2812.17 617.643
40700000 948.215 1860.04 302.181 2808.25 617.543
40800000 960.205 1849.23 300.425 2809.44 618.184
40900000 946.364 1853.24 301.077 2799.61 619.223
41000000 954.954 1850.13 300.572 2805.09 620.636
41100000 961.922 1858.09 301.866 2820.02 621.346
41200000 951.619 1833.7 297.902 2785.32 621.25
41300000 956.089 1836.13 298.298 2792.22 620.123
41400000 971.288 1837.83 298.573 2809.11 619.582
41500000 963.106 1839.14 298.785 2802.24 619.285
41600000 965.425 1863.17 302.69 2828.6 619.817
41700000 971.17 1845.83 299.873 2817 620.34
41800000 956.36 1840.2 298.958 2796.56 621.197
41900000 973.22 1868.06 303.484 2841.28 621.347
42000000 954.412 1843.37 299.474 2797.79 620.863
42100000 965.741 1854.24 301.239 2819.98 621.351
42200000 952.253 1837.15 298.463 2789.41 622.971
42300000 954.354 1848.74 300.345 2803.09 623.258
42400000 962.834 1854.82 301.334 2817.66 623.799
42500000 955.73 1847.79 300.191 2803.52 623.279
42600000 956.02 1854.04 301.206 2810.06 623.189
42700000 960.572 1824.46 296.402 2785.03 622.568
42800000 985.215 1852.53 300.961 2837.74 623.269
42900000 968.525 1845.93 299.889 2814.45 624.195
43000000 976.439 1847.32 300.116 2823.76 624.571
43100000 969.86 1841.35 299.145 2811.21 623.885
43200000 966.164 1862.03 302.505 2828.2 623.578
43300000 960.449 1852.04 300.882 2812.49 624.718
43400000 966.441 1851.13 300.734 2817.57 625.513
43500000 958.488 1866.42 303.218 2824.91 625.163
43600000 961.503 1837.79 298.567 2799.3 626.377
43700000 959.403 1838.6 298.698 2798 627.093
43800000 972.636 1831.58 297.558 2804.21 627.329
43900000 964.767 1845.33 299.791 2810.09 626.836
44000000 962.422 1851.7 300.826 2814.12 627.712
44100000 947.038 1848.32 300.278 2795.36 628.33
44200000 972.13 1867.23 303.35 2839.36 629.026
44300000 988.905 1842.92 299.4 2831.82 629.52
44400000 994.445 1847.26 300.105 2841.7 629.438
44500000 972.967 1835.69 298.226 2808.66 629.024
44600000 958.728 1833.69 297.901 2792.42 629.819
44700000 968.658 1828.99 297.138 2797.65 630.815
44800000 979.648 1850.12 300.569 2829.76 631.13
44900000 973.24 1843.53 299.5 2816.77 632.417
45000000 973.385 1844.63 299.678 2818.01 633.528
45100000 978.882 1852.55 300.966 2831.44 634.972
45200000 970.084 1845.21 299.772 2815.29 636.684
45300000 978.702 1855.57 301.456 2834.27 638.056
45400000 970.705 1850.9 300.697 2821.61 638.556
45500000 986.509 1867.55 303.401 2854.06 638.774
45600000 970.791 1858.28 301.895 2829.07 638.81
45700000 971.842 1856.45 301.598 2828.29 638.476
45800000 958.27 1850.67 300.659 2808.94 638.683
45900000 957.44 1843.23 299.451 2800.67 639.16
46000000 970.1 1873.33 304.341 2843.43 639.033
46100000 977.642 1864.4 302.889 2842.04 639.026
46200000 961.792 1837.51 298.521 2799.3 638.545
46300000 953.228 1839.44 298.835 2792.67 639.597
46400000 971.624 1852.96 301.031 2824.58 639.75
46500000 969.741 1843.05 299.422 2812.8 640.206
46600000 980.778 1834.1 297.967 2814.87 639.723
46700000 972.339 1867.15 303.336 2839.49 639.845
46800000 969.418 1830.6 297.398 2800.02 640.625
46900000 967.982 1850.27 300.594 2818.25 640.737
47000000 981.567 1835.53 298.2 2817.1 641.786
47100000 970.297 1830.29 297.348 2800.58 642.074
47200000 974.758 1850.16 300.577 2824.92 642.723
47300000 969.025 1835.34 298.169 2804.37 643.622
47400000 973.995 1848.8 300.355 2822.79 642.468
47500000 991.845 1846.51 299.984 2838.36 641.801
47600000 980.104 1838.1 298.618 2818.21 640.762
47700000 990.345 1853.14 301.06 2843.48 640.373
47800000 989.549 1834.53 298.037 2824.08 640.725
47900000 981.442 1824.17 296.354 2805.61 641.57
48000000 968.874 1841.94 299.24 2810.81 642.319
48100000 974.056 1842.98 299.411 2817.04 643.107
48200000 950.495 1873.47 304.363 2823.96 644.172
48300000 969.779 1832.94 297.778 2802.72 645.419
48400000 974.488 1858.76 301.973 2833.25 646.242
48500000 978.139 1836.77 298.401 2814.91 647.082
48600000 975.33 1850.46 300.625 2825.79 647.971
48700000 977.998 1847.78 300.19 2825.78 647.802
48800000 970.473 1847.99 300.225 2818.47 648.632
48900000 953.39 1833.81 297.92 2787.2 649.512
49000000 953.4 1848.3 300.275 2801.7 649.103
49100000 947.386 1860.28 302.22 2807.66 648.093
49200000 961.261 1858.1 301.866 2819.36 646.602
49300000 964.798 1843.51 299.496 2808.31 644.716
49400000 963.09 1846.78 300.027 2809.87 643.658
49500000 977.181 1828.05 296.985 2805.24 643.268
49600000 963.522 1858.52 301.935 2822.04 643.879
49700000 963.789 1853.58 301.132 2817.37 644.547
49800000 958.74 1848.81 300.357 2807.55 643.731
49900000 965.45 1860.46 302.25 2825.91 644.081
50000000 973.356 1856.4 301.591 2829.76 645.987
50100000 976.403 1860.11 302.193 2836.52 645.821
50200000 962.023 1864.23 302.863 2826.26 645.515
50300000 957.543 1850.78 300.677 2808.32 644.48
50400000 968.464 1854.25 301.241 2822.72 643.224
50500000 969.018 1845.79 299.867 2814.81 644.096
50600000 962.723 1844.13 299.597 2806.85 644.627
50700000 974.586 1848.06 300.235 2822.64 644.837
50800000 977.158 1842.85 299.389 2820.01 645.08
50900000 971.833 1839.25 298.804 2811.08 645.194
51000000 967.736 1864.25 302.865 2831.98 645.221
51100000 967.668 1842.01 299.252 2809.67 645.126
51200000 972.558 1839.46 298.838 2812.02 645.094
51300000 967.881 1836.06 298.285 2803.94 645.086
51400000 966.289 1846.38 299.963 2812.67 645.614
51500000 952.94 1836.56 298.367 2789.5 646.285
51600000 965.988 1850.15 300.575 2816.14 646.341
51700000 949.615 1863.32 302.714 2812.93 648.289
51800000 958.291 1841.93 299.239 2800.22 649.497
51900000 939.882 1863.43 302.732 2803.31 649.715
52000000 971.824 1856.99 301.687 2828.82 649.951
52100000 957.953 1845.47 299.814 2803.42 649.809
52200000 952.049 1846.35 299.958 2798.4 650.619
52300000 959.856 1844.2 299.609 2804.06 650.673
52400000 968.972 1859.49 302.092 2828.46 650.688
52500000 970.444 1856.95 301.68 2827.4 652.309
52600000 957.266 1860.18 302.205 2817.45 652.282
52700000 970.074 1843.41 299.48 2813.49 652.03
52800000 976.596 1841.46 299.163 2818.06 652.165
52900000 981.113 1858.58 301.944 2839.69 652.371
53000000 974.345 1848 300.226 2822.35 652.798
53100000 973.672 1855.52 301.447 2829.19 654.751
53200000 985.495 1841.14 299.111 2826.63 655.837
53300000 979.386 1856.75 301.646 2836.13 655.42
53400000 973.725 1858.36 301.909 2832.09 654.596
53500000 991.407 1840.15 298.951 2831.56 656.827
53600000 975.385 1836.64 298.381 2812.03 657.656
53700000 972.074 1818.77 295.477 2790.84 658.303
53800000 962.507 1852.8 301.005 2815.3 658.716
53900000 967.312 1845.92 299.888 2813.24 659.447
54000000 955.494 1850.34 300.606 2805.83 660.252
54100000 978.321 1819.66 295.622 2797.98 659.426
54200000 957.802 1860.87 302.316 2818.67 660.314
54300000 974.009 1842.36 299.309 2816.37 660.26
54400000 970.781 1825 296.489 2795.78 660.056
54500000 962.499 1841.32 299.14 2803.82 660.604
54600000 960.855 1852.56 300.967 2813.42 661.528
54700000 951.233 1868.44 303.547 2819.67 660.658
54800000 972.922 1828.68 297.087 2801.6 658.963
54900000 965.166 1863.45 302.736 2828.62 659.049
55000000 971.304 1846.43 299.97 2817.73 659.818
55100000 950.263 1853.18 301.066 2803.44 660.102
55200000 958.042 1834.98 298.111 2793.03 660.713
55300000 971.485 1847.28 300.109 2818.77 660.17
55400000 961.446 1830.46 297.376 2791.9 659.889
55500000 961.49 1849.59 300.485 2811.08 659.912
55600000 935.817 1860.36 302.233 2796.18 660.06
55700000 965.391 1829.92 297.289 2795.32 661.632
55800000 962.546 1844.2 299.607 2806.74 662.171
55900000 971.956 1839.34 298.818 2811.29 662.022
56000000 962.454 1847.02 300.067 2809.48 662.496
56100000 985.11 1875.1 304.628 2860.21 663.014
56200000 961.44 1831.82 297.597 2793.26 663.841
56300000 982.458 1848.31 300.275 2830.77 664.063
56400000 958.741 1836.82 298.409 2795.56 663.33
56500000 956.342 1822.6 296.099 2778.94 663.416
56600000 950.31 1853.15 301.062 2803.46 664.146
56700000 946.395 1846.84 300.038 2793.24 664.486
56800000 965.088 1833.46 297.863 2798.55 664.121
56900000 958.339 1854.24 301.24 2812.58 665.439
57000000 970.776 1855.07 301.375 2825.85 665.861
57100000 956.436 1848.6 300.324 2805.04 666.296
57200000 966.562 1839.79 298.892 2806.35 666.839
57300000 962.834 1860.17 302.203 2823.01 668.702
57400000 965.055 1866.13 303.171 2831.19 669.96
57500000 944.545 1844.03 299.581 2788.58 670.92
57600000 980.642 1851.21 300.748 2831.86 670.974
57700000 955.434 1844.28 299.621 2799.71 671.19
57800000 946.468 1863.68 302.773 2810.15 671.619
57900000 953.423 1856.68 301.636 2810.11 672.055
58000000 974.979 1859.01 302.014 2833.99 672.807
58100000 966.181 1851.79 300.842 2817.98 672.438
58200000 982.383 1848.36 300.284 2830.74 673.338
58300000 987.221 1862.53 302.586 2849.75 674.234
58400000 982.977 1832.77 297.752 2815.75 674.388
58500000 980.139 1832.07 297.638 2812.21 674.228
58600000 972.32 1853.23 301.075 2825.55 675.111
58700000 960.458 1841.84 299.225 2802.3 675.511
58800000 974.142 1838.16 298.628 2812.31 673.907
58900000 959.542 1842.28 299.296 2801.82 674.809
59000000 977.044 1862.57 302.592 2839.61 676.073
59100000 980.46 1854.41 301.267 2834.87 675.956
59200000 982.916 1850.99 300.712 2833.91 676.725
59300000 978.373 1849.62 300.489 2827.99 677.901
59400000 972.208 1852.6 300.974 2824.81 679.427
59500000 976.354 1850.71 300.666 2827.06 680.448
59600000 972.338 1844.28 299.622 2816.62 679.835
59700000 981.791 1852.73 300.994 2834.52 680.571
59800000 980.354 1844.49 299.655 2824.84 681.554
59900000 963.802 1836.39 298.339 2800.19 682.967
60000000 974.051 1845.87 299.879 2819.92 684.086
60100000 974.066 1843.45 299.486 2817.52 684.468
60200000 970.43 1864.8 302.955 2835.23 685.569
60300000 977.638 1841.96 299.244 2819.59 685.888
60400000 971.214 1851.18 300.742 2822.39 686.006
60500000 972.056 1866.94 303.302 2838.99 687.319
60600000 971.034 1838.25 298.641 2809.28 687.029
60700000 970.828 1847.44 300.134 2818.27 686.859
60800000 966.133 1843.13 299.434 2809.26 686.505
60900000 971.792 1833.16 297.814 2804.95 686.39
61000000 964.601 1857.88 301.831 2822.49 686.602
61100000 958.934 1850.26 300.593 2809.2 686.723
61200000 967.34 1839.06 298.773 2806.4 687.524
61300000 974.587 1822.46 296.076 2797.04 688.311
61400000 974.607 1818.56 295.442 2793.16 687.793
61500000 983.02 1834.45 298.024 2817.47 687.089
61600000 975.008 1850.49 300.63 2825.5 687.306
61700000 975.664 1839.63 298.866 2815.3 687.597
61800000 969.511 1840.62 299.027 2810.13 687.581
61900000 988.072 1836.74 298.397 2824.81 688.2
62000000 972.178 1853.66 301.145 2825.84 688.989
62100000 977.949 1845.05 299.746 2823 689.353
62200000 976.041 1860.04 302.181 2836.08 689.869
62300000 991.516 1860.44 302.247 2851.96 690.458
62400000 987.782 1825.91 296.636 2813.69 690.538
62500000 994.275 1847.67 300.172 2841.94 689.506
62600000 985.124 1839.72 298.88 2824.84 689.62
62700000 990.567 1823.35 296.22 2813.91 690.827
62800000 963.83 1853.74 301.158 2817.57 692.591
62900000 974.838 1864.02 302.827 2838.85 693.345
63000000 972.228 1854.88 301.343 2827.1 694.229
63100000 967.2 1836.38 298.337 2803.58 695.73
63200000 936.294 1839.21 298.798 2775.51 695.374
63300000 961.574 1846.09 299.914 2807.66 695.31
63400000 967.028 1830.92 297.45 2797.94 695.465
63500000 975.83 1858.6 301.947 2834.43 695.974
63600000 971.913 1849.65 300.493 2821.56 695.847
63700000 959.725 1862.06 302.51 2821.79 696.552
63800000 970.159 1840.7 299.04 2810.86 697.834
63900000 971.867 1861.42 302.406 2833.29 698.645
64000000 971.747 1840.9 299.072 2812.64 699.624
64100000 966.505 1844.26 299.618 2810.76 700.677
64200000 974.313 1839.88 298.906 2814.19 701.674
64300000 954.784 1854.54 301.288 2809.32 702.443
64400000 962.734 1846.3 299.95 2809.04 703.901
64500000 967.62 1851.97 300.871 2819.59 705.405
64600000 943.633 1854.94 301.353 2798.57 705.405
64700000 957.074 1834.89 298.095 2791.96 705.314
64800000 977.304 1833.29 297.837 2810.6 704.948
64900000 963.699 1853.53 301.124 2817.23 703.834
65000000 958.294 1851.19 300.743 2809.48 704.265
65100000 952.782 1867.29 303.359 2820.07 705.639
65200000 962.923 1847.3 300.112 2810.23 706.276
65300000 976.176 1851.05 300.721 2827.23 706.896
65400000 975.891 1828.56 297.067 2804.45 708.563
65500000 965.438 1861.69 302.45 2827.13 708.885
65600000 984.084 1864.85 302.963 2848.94 709.441
65700000 963.838 1860.84 302.312 2824.68 709.569
65800000 966.384 1853.98 301.198 2820.37 709.821
65900000 954.753 1850.84 300.687 2805.59 709.772
66000000 980.774 1846.49 299.98 2827.26 709.506
66100000 980.149 1854.71 301.316 2834.86 709.515
66200000 982.109 1858.33 301.904 2840.44 710.826
66300000 958.51 1854.18 301.23 2812.69 711.692
66400000 994.634 1851.9 300.858 2846.53 712.013
66500000 979.522 1860.85 302.313 2840.37 712.464
66600000 984.571 1833.94 297.942 2818.52 712.877
66700000 973.022 1832.12 297.645 2805.14 713.925
66800000 966.598 1849.01 300.389 2815.6 715.199
66900000 976.736 1847.38 300.125 2824.12 716.839
67000000 982.477 1841.23 299.125 2823.7 717.083
67100000 968.746 1837.69 298.551 2806.44 717.556
67200000 970.072 1831.96 297.62 2802.03 718.005
67300000 987.178 1841.21 299.123 2828.39 718.549
67400000 978.376 1846.35 299.957 2824.73 718.244
67500000 968.05 1851.97 300.87 2820.02 718.477
67600000 956.015 1846.26 299.943 2802.27 719.193
67700000 973.127 1852.67 300.985 2825.8 719.018
67800000 976.028 1846.45 299.973 2822.48 719.117
67900000 996.832 1828.97 297.134 2825.8 719.915
68000000 971.662 1819.73 295.633 2791.39 720.225
68100000 980.381 1851.36 300.771 2831.74 721.264
68200000 959.288 1833.63 297.891 2792.92 722.663
68300000 966.92 1871.37 304.022 2838.29 724.646
68400000 959.228 1848.54 300.314 2807.77 724.83
68500000 956.572 1858.27 301.894 2814.84 724.877
68600000 961.52 1860.61 302.274 2822.13 724.835
68700000 959.392 1854.53 301.287 2813.92 725.606
68800000 966.659 1844.97 299.733 2811.63 726.04
68900000 960.63 1846.33 299.954 2806.96 726.875
69000000 963.752 1847.76 300.186 2811.51 726.923
69100000 967.396 1849.55 300.477 2816.95 727.294
69200000 949.212 1840.02 298.93 2789.24 726.388
69300000 966.555 1845.58 299.832 2812.13 726.875
69400000 986.523 1868.16 303.501 2854.69 728.158
69500000 980.393 1852.92 301.025 2833.32 729.266
69600000 958.041 1840.69 299.038 2798.73 728.853
69700000 976.863 1855.08 301.376 2831.95 729.413
69800000 968.737 1849.2 300.42 2817.94 729.474
69900000 960.635 1848.37 300.286 2809.01 730.175
70000000 950.916 1856.7 301.64 2807.62 731.154
70100000 979.324 1831.87 297.605 2811.19 731.65
70200000 969.252 1837.28 298.484 2806.53 730.478
70300000 946.065 1836.34 298.331 2782.4 730.268
70400000 953.908 1842.19 299.282 2796.1 730.203
70500000 972.935 1855.94 301.515 2828.87 730.908
70600000 966.633 1841.21 299.122 2807.84 729.959
70700000 952.995 1869.63 303.739 2822.62 730.319
70800000 978.272 1846.91 300.049 2825.18 730.58
70900000 951.786 1862.09 302.514 2813.87 731.119
71000000 956.887 1843.88 299.556 2800.76 731.556
71100000 972.821 1834.14 297.973 2806.96 732.057
71200000 940.744 1852.47 300.951 2793.21 732.079
71300000 965.518 1856.02 301.528 2821.54 733.029
71400000 961.324 1856.57 301.618 2817.9 733.798
71500000 964.579 1835.08 298.127 2799.66 734.809
71600000 959.172 1837.1 298.455 2796.27 736.153
71700000 983.278 1843.24 299.452 2826.52 737.423
71800000 966.335 1837.89 298.583 2804.23 737.614
71900000 954.989 1863.75 302.784 2818.74 738.741
72000000 955.668 1839.58 298.857 2795.24 740.126
72100000 965.566 1842.02 299.254 2807.59 740.736
72200000 968.76 1853.35 301.094 2822.11 740.71
72300000 966.158 1840.78 299.052 2806.93 741.317
72400000 954.736 1829.01 297.14 2783.75 741.775
72500000 973.83 1857.97 301.845 2831.8 742.635
72600000 969.42 1852.35 300.933 2821.77 742.813
72700000 949.259 1831.21 297.498 2780.47 743.303
72800000 975.853 1837.27 298.482 2813.12 742.472
72900000 958.928 1857.38 301.749 2816.3 741.523
73000000 977.341 1851.48 300.791 2828.82 742.597
73100000 951.575 1845.22 299.774 2796.8 742.416
73200000 959.568 1846.31 299.952 2805.88 741.42
73300000 961.54 1832.41 297.693 2793.95 741.306
73400000 964.865 1849.34 300.443 2814.21 739.967
73500000 960.175 1848 300.226 2808.18 739.96
73600000 979.859 1836.89 298.421 2816.75 741.025
73700000 951.532 1849.41 300.455 2800.94 740.927
73800000 947.824 1844.67 299.684 2792.49 741.382
73900000 978.057 1852.25 300.915 2830.3 740.249
74000000 990.145 1862.19 302.532 2852.34 740.679
74100000 966.873 1859.99 302.174 2826.87 740.154
74200000 953.165 1839.1 298.779 2792.26 740.239
74300000 957.07 1837.33 298.492 2794.4 741.033
74400000 968.276 1836.61 298.374 2804.88 742.207
74500000 979.672 1843.89 299.557 2823.56 743.081
74600000 966.673 1871.61 304.062 2838.29 744.111
74700000 966.379 1837.29 298.485 2803.67 744.422
74800000 961.868 1837.09 298.453 2798.95 744.58
74900000 960.968 1832.76 297.75 2793.73 746.586
75000000 973.722 1857.65 301.793 2831.37 747.949
75100000 959.673 1854.17 301.228 2813.84 747.535
75200000 945.432 1833.41 297.855 2778.84 746.96
75300000 967.485 1851.02 300.717 2818.51 747.168
75400000 960.879 1839.46 298.837 2800.33 747.54
75500000 960.977 1841.56 299.179 2802.53 747.363
75600000 962.851 1849.33 300.441 2812.18 746.599
75700000 955.591 1838.74 298.722 2794.33 746.732
75800000 972.058 1830.59 297.398 2802.65 746.721
75900000 947.191 1844 299.576 2791.19 745.875
76000000 946.187 1868.47 303.551 2814.65 746.585
76100000 956.963 1846.61 299.999 2803.57 747.938
76200000 964.36 1855.53 301.45 2819.9 747.918
76300000 971.355 1851.2 300.745 2822.55 747.827
76400000 959.635 1849.51 300.471 2809.15 747.639
76500000 967.052 1860.67 302.284 2827.72 748.89
76600000 954.377 1841.95 299.242 2796.33 748.292
76700000 973.957 1846.02 299.903 2819.97 749.38
76800000 970.615 1838.81 298.733 2809.43 749.558
76900000 955.896 1843.9 299.559 2799.79 750.474
77000000 963.436 1849.6 300.486 2813.04 751.837
77100000 971.756 1830.84 297.438 2802.6 754.021
77200000 972.607 1824.32 296.379 2796.93 754.786
77300000 966.762 1836.52 298.36 2803.28 755.111
77400000 953.254 1856.66 301.632 2809.91 755.478
77500000 965.762 1847.85 300.201 2813.61 755.742
77600000 958.15 1834.72 298.067 2792.87 756.259
77700000 966.19 1865.67 303.096 2831.86 755.183
77800000 952.796 1829.51 297.222 2782.31 754.644
77900000 958.847 1836.58 298.371 2795.43 753.58
78000000 948.064 1847.78 300.19 2795.85 753.584
78100000 963.2 1853.33 301.091 2816.53 754.778
78200000 964.749 1846.62 300.001 2811.37 754.691
78300000 957 1856.93 301.676 2813.93 753.68
78400000 955.749 1862.19 302.53 2817.94 753.494
78500000 960.135 1849.98 300.548 2810.12 754.627
78600000 963.596 1843.04 299.42 2806.64 755.103
78700000 950.438 1844.4 299.641 2794.84 755.481
78800000 940.559 1853.67 301.146 2794.23 756.496
78900000 952.419 1854.23 301.237 2806.64 756.143
79000000 962.383 1863.11 302.68 2825.49 757.41
79100000 966.775 1847.3 300.113 2814.08 758.602
79200000 961.237 1841.99 299.25 2803.23 757.493
79300000 973.542 1854.73 301.32 2828.28 757.757
79400000 968.386 1847.6 300.161 2815.99 757.475
79500000 972.776 1845.05 299.747 2817.83 757.463
79600000 968.753 1851.43 300.782 2820.18 756.974
79700000 938.777 1851.28 300.758 2790.05 756.81
79800000 951.06 1840.17 298.954 2791.24 757.192
79900000 959.582 1834.83 298.085 2794.41 757.692
80000000 955.381 1844.55 299.665 2799.93 758.082
80100000 951.565 1853.22 301.074 2804.79 759.058
80200000 970.006 1848.63 300.328 2818.64 759.519
80300000 957.914 1841.71 299.204 2799.62 760.105
80400000 956.859 1834.33 298.004 2791.19 761.611
80500000 957.428 1830.3 297.349 2787.72 761.845
80600000 947.599 1851.73 300.832 2799.33 761.726
80700000 965.989 1849.75 300.509 2815.74 761.844
80800000 959.973 1831.25 297.505 2791.23 761.186
80900000 952.943 1829.3 297.188 2782.24 761.197
81000000 949.198 1841.29 299.135 2790.49 760.684
81100000 964.784 1838.6 298.698 2803.38 760.998
81200000 968.995 1858.43 301.92 2827.42 760.968
81300000 969.58 1839.27 298.808 2808.85 761.916
81400000 957.88 1845.18 299.768 2803.06 761.523
81500000 969.013 1836.83 298.41 2805.84 761.663
81600000 964.711 1823.05 296.172 2787.76 762.32
81700000 957.291 1829.79 297.267 2787.08 762.513
81800000 956.063 1845.43 299.808 2801.49 762.996
81900000 964.014 1849.14 300.41 2813.15 762.444
82000000 971.18 1857.21 301.722 2828.39 762.423
82100000 960.547 1849.96 300.544 2810.51 761.913
82200000 965.833 1838.96 298.757 2804.79 762.03
82300000 946.194 1829.8 297.269 2776 762.414
82400000 948.598 1827.72 296.931 2776.32 762.722
82500000 967.403 1834.87 298.092 2802.27 762.075
82600000 970.423 1845.31 299.789 2815.74 762.422
82700000 973.134 1846.7 300.015 2819.84 763.665
82800000 957.774 1845.72 299.855 2803.49 764.501
82900000 959.081 1859.37 302.072 2818.45 764.706
83000000 964.02 1846.35 299.957 2810.37 763.954
83100000 965.387 1839 298.763 2804.38 764.2
83200000 959.651 1850.54 300.638 2810.19 765.685
83300000 955.483 1846 299.9 2801.48 766.644
83400000 965.695 1864.47 302.901 2830.16 766.814
83500000 968.213 1831.69 297.575 2799.9 766.266
83600000 974.175 1857.28 301.733 2831.45 766.154
83700000 968.344 1849.59 300.483 2817.93 766.086
83800000 962.727 1850.16 300.576 2812.88 767.352
83900000 952.32 1854.41 301.267 2806.73 769.1
84000000 949.534 1846.84 300.036 2796.37 769.325
84100000 970.364 1847.43 300.133 2817.79 769.179
84200000 955.917 1842.68 299.361 2798.6 770.226
84300000 948.21 1843.29 299.46 2791.5 770.593
84400000 961.92 1839.24 298.802 2801.16 771.732
84500000 968.052 1851.35 300.77 2819.4 771.456
84600000 972.75 1848.97 300.384 2821.72 771.459
84700000 948.793 1843.5 299.494 2792.29 771.863
84800000 946.898 1848.03 300.23 2794.93 772.839
84900000 937.188 1862.97 302.658 2800.16 773.651
85000000 962.956 1849.8 300.518 2812.76 775.318
85100000 964.233 1829.21 297.173 2793.45 775.055
85200000 951.542 1839.35 298.82 2790.89 775.421
85300000 959.305 1839.07 298.774 2798.37 776.37
85400000 952.536 1821.66 295.946 2774.2 776.835
85500000 962.077 1846.58 299.995 2808.66 778.814
85600000 970.977 1840.61 299.026 2811.59 778.961
85700000 966.028 1847.4 300.127 2813.42 779.558
85800000 959.32 1838.9 298.747 2798.22 779.344
85900000 974.646 1832.09 297.641 2806.73 779.554
86000000 967.634 1847.16 300.089 2814.8 779.298
86100000 984.307 1842.61 299.349 2826.91 778.723
86200000 993.426 1857.57 301.78 2850.99 778.824
86300000 973.094 1832.39 297.689 2805.48 779.858
86400000 996.032 1846.8 300.03 2842.83 780.932
86500000 984.679 1861.8 302.467 2846.48 780.262
86600000 989.159 1859.56 302.103 2848.71 779.659
86700000 1004.62 1852.84 301.012 2857.47 781.623
86800000 975.211 1840.57 299.019 2815.78 782.497
86900000 971.077 1850.43 300.62 2821.51 782.556
87000000 1002.51 1840.05 298.935 2842.56 783.635
87100000 987.718 1843.9 299.559 2831.62 784.771
87200000 984.448 1855.64 301.466 2840.08 785.162
87300000 990.874 1847.39 300.126 2838.26 785.609
87400000 983.883 1853.2 301.07 2837.08 785.93
87500000 975.877 1844.44 299.647 2820.32 786.405
87600000 977.607 1846.79 300.029 2824.4 786.522
87700000 981.305 1836.25 298.317 2817.56 786.232
87800000 975.555 1850.78 300.677 2826.33 787.025
87900000 977.597 1847.72 300.181 2825.32 787.619
88000000 989.631 1848.75 300.348 2838.38 787.613
88100000 986.936 1828.07 296.988 2815.01 787.286
88200000 983.372 1837.71 298.554 2821.08 786.981
88300000 978.222 1815.62 294.965 2793.84 786.711
88400000 982.131 1865.99 303.148 2848.12 787.699
88500000 965.08 1851.76 300.836 2816.84 787.439
88600000 979.83 1871.7 304.076 2851.53 787.456
88700000 982.828 1850.99 300.711 2833.82 786.699
88800000 965.216 1837.41 298.505 2802.63 786.27
88900000 967.098 1847.34 300.118 2814.44 785.379
89000000 970.944 1836.97 298.433 2807.91 785.681
89100000 947.382 1838.6 298.698 2785.98 786.636
89200000 935.26 1864.12 302.844 2799.38 786.86
89300000 971.434 1831.07 297.476 2802.51 786.744
89400000 965.015 1858.83 301.985 2823.84 785.805
89500000 981.814 1847.88 300.206 2829.7 785.162
89600000 954.867 1838 298.601 2792.87 785.736
89700000 962.667 1840.25 298.967 2802.92 786.627
89800000 969.055 1850.59 300.646 2819.64 786.618
89900000 953.104 1842.72 299.368 2795.82 786.364
90000000 957.419 1845.78 299.865 2803.2 786.388
90100000 977.859 1838.51 298.683 2816.36 787.973
90200000 970.071 1838.6 298.698 2808.67 787.63
90300000 971.536 1837.58 298.532 2809.11 787.133
90400000 955.558 1853.35 301.095 2808.91 786.56
90500000 965.072 1858.91 301.998 2823.98 785.994
90600000 961.859 1842.61 299.35 2804.47 785.673
90700000 947.527 1852.17 300.902 2799.69 786.4
90800000 964.095 1856.58 301.62 2820.68 786.239
90900000 960.566 1823.22 296.199 2783.78 785.987
91000000 980.411 1851.22 300.748 2831.63 786.166
91100000 961.437 1852.87 301.017 2814.31 786.606
91200000 954.313 1855.88 301.506 2810.19 786.724
91300000 959.181 1845.32 299.79 2804.5 786.457
91400000 963.778 1860.57 302.268 2824.35 785.307
91500000 979.405 1848.88 300.368 2828.28 785.208
91600000 969.114 1835.91 298.261 2805.02 785.63
91700000 967.801 1827.23 296.851 2795.03 785.44
91800000 954.111 1845.19 299.768 2799.3 786.055
91900000 955.769 1839.15 298.788 2794.92 787.124
92000000 952.529 1847.67 300.172 2800.2 786.969
92100000 968.26 1838.35 298.657 2806.61 788.132
92200000 973.896 1853.58 301.131 2827.47 789.462
92300000 982.795 1840.92 299.076 2823.72 789.821
92400000 981.549 1849.88 300.53 2831.43 790.461
92500000 950.476 1828.21 297.011 2778.69 790.843
92600000 987.635 1846.71 300.016 2834.34 791.146
92700000 959.693 1839.83 298.898 2799.52 790.015
92800000 974.77 1831.35 297.521 2806.12 790.013
92900000 980.117 1851.01 300.714 2831.13 789.941
93000000 967.518 1853.81 301.17 2821.33 789.517
93100000 978.647 1833.53 297.875 2812.18 789.949
93200000 977.785 1839.68 298.873 2817.46 790.513
93300000 966.41 1848.37 300.286 2814.78 790.823
93400000 987.036 1852.04 300.882 2839.08 790.267
93500000 945.232 1864.61 302.923 2809.84 789.958
93600000 972.448 1851.15 300.738 2823.6 789.923
93700000 982.236 1856.34 301.58 2838.58 789.546
93800000 966.477 1850.91 300.698 2817.38 788.647
93900000 959.934 1840.97 299.084 2800.91 789.602
94000000 976.745 1860.75 302.297 2837.5 790.256
94100000 960.605 1867.53 303.398 2828.13 790.469
94200000 968.764 1836.29 298.323 2805.05 790.1
94300000 968.131 1844.5 299.657 2812.63 790.461
94400000 966.911 1848.74 300.345 2815.65 792.713
94500000 978.989 1851.12 300.733 2830.11 793.278
94600000 994.091 1838.25 298.641 2832.34 793.895
94700000 986.235 1855.73 301.481 2841.96 793.775
94800000 962.818 1854.22 301.236 2817.04 793.817
94900000 966.96 1842.98 299.411 2809.94 794.394
95000000 973.541 1852.9 301.021 2826.44 794.198
95100000 964.815 1836.14 298.298 2800.95 794.973
95200000 968.596 1848.07 300.238 2816.67 794.963
95300000 969.653 1869.11 303.654 2838.76 794.808
95400000 956.621 1842.27 299.294 2798.89 794.898
95500000 960.766 1856.98 301.684 2817.74 794.954
95600000 968.352 1861.47 302.413 2829.82 795.155
95700000 963.934 1835.91 298.261 2799.84 796.599
95800000 968.603 1818.97 295.51 2787.58 796.554
95900000 967.512 1839.18 298.792 2806.69 797.309
96000000 967.39 1855.11 301.38 2822.5 798.085
96100000 993.509 1830.28 297.347 2823.79 798.834
96200000 977.674 1834.6 298.049 2812.28 798.603
96300000 974.371 1849.09 300.402 2823.46 799.312
96400000 963.155 1843.34 299.468 2806.49 798.45
96500000 960.064 1818.31 295.402 2778.37 798.963
96600000 988.838 1827.11 296.832 2815.95 798.607
96700000 976.019 1858.52 301.935 2834.54 798.599
96800000 976.925 1848.32 300.278 2825.25 798.493
96900000 983.628 1858.97 302.007 2842.59 798.563
97000000 964.665 1853.29 301.085 2817.96 799.405
97100000 963.161 1851.65 300.818 2814.81 798.95
97200000 962.159 1847.14 300.085 2809.3 798.241
97300000 963.756 1865.14 303.011 2828.9 798.672
97400000 958.653 1840.16 298.952 2798.82 798.791
97500000 949.275 1860.33 302.228 2809.6 799.921
97600000 979.536 1865.09 303.001 2844.62 800.843
97700000 967.35 1835.11 298.131 2802.46 801.273
97800000 963.963 1827.84 296.95 2791.8 800.035
97900000 968.778 1835.52 298.198 2804.3 799.496
98000000 978.617 1852.34 300.93 2830.96 799.377
98100000 977.331 1850.3 300.599 2827.63 799.3
98200000 976.936 1843.19 299.444 2820.12 799.983
98300000 976.888 1848.17 300.252 2825.05 801.801
98400000 973.61 1842.56 299.342 2816.17 802.416
98500000 973.057 1848.99 300.387 2822.05 803.492
98600000 978.022 1863.13 302.683 2841.15 804.617
98700000 966.809 1837.95 298.592 2804.76 804.9
98800000 986.18 1852.84 301.013 2839.02 805.337
98900000 967.207 1844.67 299.685 2811.88 804.355
99000000 972.891 1860.03 302.18 2832.92 804.848
99100000 970.179 1839.53 298.85 2809.71 805.753
99200000 965.565 1811.29 294.262 2776.85 805.818
99300000 990.244 1849.54 300.476 2839.79 806.671
99400000 969.485 1849.32 300.44 2818.8 807.393
99500000 966.028 1858.67 301.959 2824.7 808.001
99600000 981.963 1860.36 302.234 2842.33 807.623
99700000 981.228 1840.04 298.932 2821.27 807.649
99800000 986.614 1857.22 301.723 2843.83 806.715
99900000 974.691 1854.52 301.285 2829.22 805.522
100000000 983.419 1853.59 301.133 2837.01 804.596
100100000 971.824 1845.95 299.893 2817.78 804.734
100200000 973.481 1843.42 299.482 2816.91 805.39
100300000 972.437 1837.84 298.576 2810.28 805.189
100400000 968.323 1843.29 299.46 2811.61 804.983
100500000 977.48 1834.88 298.094 2812.36 805.286
100600000 999.557 1881.2 305.619 2880.75 804.747
100700000 980.073 1842.63 299.353 2822.7 804.539
100800000 975.969 1850.05 300.559 2826.02 804.209
100900000 979.206 1841.64 299.193 2820.85 804.951
101000000 974.621 1851.43 300.783 2826.05 804.805
101100000 963.784 1847.74 300.183 2811.52 805.55
101200000 969.522 1845.81 299.869 2815.33 805.402
101300000 984.181 1839.7 298.877 2823.88 804.699
101400000 976.74 1836.32 298.328 2813.06 805.975
101500000 969.826 1842.19 299.282 2812.02 807.432
101600000 983.699 1836.95 298.43 2820.65 808.837
101700000 978.146 1837.43 298.508 2815.58 809.535
101800000 966.755 1837.89 298.584 2804.65 809.652
101900000 972.938 1839.04 298.769 2811.97 809.745
102000000 971.259 1841.7 299.203 2812.96 810.538
102100000 969.467 1851.83 300.847 2821.29 811.417
102200000 952.045 1841.83 299.223 2793.87 811.948
102300000 971.932 1859.06 302.022 2830.99 812.623
102400000 974.331 1834.44 298.022 2808.77 813.057
102500000 977.495 1851.86 300.853 2829.36 813.878
102600000 984.078 1852.8 301.005 2836.87 814.063
102700000 977.673 1833.77 297.913 2811.44 814.88
102800000 974.311 1853.75 301.16 2828.06 814.363
102900000 973.913 1831.37 297.525 2805.29 813.191
103000000 971.279 1841.83 299.224 2813.11 813.263
103100000 985.663 1851.31 300.764 2836.98 814.522
103200000 981.537 1849.43 300.458 2830.97 815.562
103300000 958.25 1848.05 300.234 2806.3 816.026
103400000 939.377 1848.14 300.249 2787.52 816.742
103500000 981.198 1836.34 298.332 2817.54 817.709
103600000 959.296 1844.8 299.706 2804.1 818.57
103700000 975.378 1852.93 301.026 2828.31 818.632
103800000 951.664 1861.1 302.353 2812.76 819.607
103900000 981.949 1841.25 299.129 2823.2 820.401
104000000 977.543 1850.79 300.678 2828.33 821.333
104100000 975.322 1831.06 297.474 2806.39 821.258
104200000 959.188 1851.24 300.752 2810.43 821.581
104300000 966.435 1848.7 300.339 2815.13 822.59
104400000 960.345 1850.8 300.681 2811.15 822.704
104500000 967.995 1860.03 302.18 2828.02 824.05
104600000 973.694 1840.09 298.94 2813.78 824.899
104700000 961.892 1845.43 299.808 2807.32 825.299
104800000 974.385 1851.14 300.736 2825.53 825.839
104900000 950.26 1854.75 301.322 2805.01 826.017
105000000 960.077 1821.17 295.867 2781.25 826.272
