# Time-averaged data for fix favg
# TimeStep v_vpe v_vke v_vT v_vE v_vRg
5100000 -7.27655 99.722 290.91 92.4455 89.5414
5200000 -3.03677 102.371 298.639 99.3346 86.8771
5300000 -9.29915 107.378 313.245 98.079 86.7935
5400000 -6.68028 102.131 297.937 95.4504 91.1515
5500000 -0.613664 106.211 309.841 105.598 97.0225
5600000 -2.36442 102.541 299.133 100.176 103.318
5700000 -9.23394 103.948 303.237 94.7138 103.08
5800000 -9.04272 106.411 310.424 97.3686 99.2039
5900000 -10.8625 107.321 313.077 96.4581 100.528
6000000 -12.4263 101.85 297.117 89.4233 101.444
6100000 -3.97238 102.421 298.784 98.4489 95.9567
6200000 -6.8925 99.4047 289.984 92.5122 99.6316
6300000 2.73719 103.466 301.832 106.203 103.178
6400000 2.97883 100.693 293.744 103.672 100.95
6500000 3.29164 99.8376 291.247 103.129 100.582
6600000 3.23885 99.612 290.589 102.851 98.899
6700000 0.336626 102.13 297.934 102.466 98.1793
6800000 -3.40594 96.3188 280.982 92.9128 97.802
6900000 -4.10901 104.705 305.447 100.596 101.377
7000000 -1.34725 103.986 303.349 102.639 103.694
7100000 -13.3931 106.618 311.026 93.2247 100.723
7200000 -2.79739 104.799 305.721 102.002 101.196
7300000 -6.72497 99.2701 289.592 92.5451 110.389
7400000 -1.81969 100.105 292.028 98.2855 110.261
7500000 -7.94426 109.849 320.454 101.905 107.766
7600000 -7.31297 99.4683 290.17 92.1553 108.889
7700000 -7.95019 106.883 311.801 98.9331 112.622
7800000 5.75007 104.294 304.248 110.044 115.222
7900000 12.205 100.055 291.88 112.26 112.852
8000000 6.21353 105.62 308.114 111.833 112.608
8100000 0.282281 101.656 296.552 101.938 111.971
8200000 -9.32611 103.205 301.071 93.8788 106.334
8300000 -12.519 101.359 295.686 88.8402 104.982
8400000 -14.8217 103.319 301.403 88.4972 112.019
8500000 -14.236 100.568 293.379 86.3322 117.266
8600000 -16.3044 103.901 303.1 87.5961 116.667
8700000 -21.7249 100.874 294.271 79.1492 116.481
8800000 -21.5692 104.604 305.152 83.0347 110.123
8900000 -17.321 105.097 306.59 87.7761 105.77
9000000 -18.9431 102.994 300.456 84.0511 102.403
9100000 -6.7579 97.8913 285.569 91.1334 102.351
9200000 2.13151 106.964 312.036 109.095 101.755
9300000 11.7719 103.484 301.884 115.256 105.519
9400000 17.4941 103.277 301.282 120.771 108.004
9500000 17.0362 103.094 300.747 120.13 108.273
9600000 15.2652 107.228 312.806 122.493 111.694
9700000 11.4928 102.048 297.697 113.541 112.267
9800000 15.2651 100.656 293.635 115.921 114.276
9900000 14.6987 102.344 298.559 117.043 113.927
10000000 14.7173 104.502 304.855 119.219 116.295
10100000 15.6001 103.039 300.585 118.639 117.639
10200000 14.6142 99.8601 291.313 114.474 120.214
10300000 13.1457 103.973 303.31 117.118 117.838
10400000 6.51506 98.6843 287.883 105.199 122.545
10500000 12.852 104.77 305.637 117.622 126.392
10600000 5.51869 102.889 300.149 108.408 133.05
10700000 11.969 103.97 303.303 115.939 136.684
10800000 5.70675 105.781 308.585 111.488 136.334
10900000 5.67992 103.941 303.217 109.621 135.393
11000000 7.4684 104.213 304.01 111.681 136.034
11100000 9.05287 105.106 306.617 114.159 140.943
11200000 14.3588 105.872 308.852 120.231 145.716
11300000 14.2035 108.089 315.319 122.293 145.409
11400000 14.8737 100.505 293.195 115.379 144.933
11500000 29.8323 100.959 294.518 130.791 147.085
11600000 14.9074 102.583 299.256 117.49 148.26
11700000 5.58811 100.746 293.898 106.334 144.068
11800000 12.4123 103.881 303.043 116.293 141.69
11900000 11.3802 100.644 293.601 112.025 138.458
12000000 2.85161 103.035 300.575 105.887 139.422
12100000 2.95445 105.395 307.459 108.349 141.83
12200000 -5.09424 101.443 295.93 96.3484 143.832
12300000 -4.51514 101.151 295.08 96.6362 142.435
12400000 -5.07137 102.225 298.211 97.1533 139.46
12500000 -10.6797 101.558 296.265 90.878 136.769
12600000 -18.5214 105.004 306.319 86.4828 134.457
12700000 -10.8648 106.793 311.539 95.9286 134.306
12800000 -2.46666 101.809 296.999 99.3426 138.194
12900000 -10.6177 100.417 292.936 89.7989 142.685
13000000 -6.30966 105.516 307.812 99.2061 137.639
13100000 -8.07456 97.0255 283.044 88.9509 134.075
13200000 -8.14352 103.023 300.539 94.8793 134.315
13300000 -0.753684 104.646 305.273 103.892 137.722
13400000 -2.92727 100.73 293.85 97.8025 140.037
13500000 -6.53133 103.421 301.7 96.8894 143.237
13600000 -3.09264 102.028 297.637 98.9353 142.551
13700000 -4.08108 101.395 295.792 97.3144 145.84
13800000 -10.2204 100.91 294.375 90.6894 150.021
13900000 -5.2131 103.577 302.157 98.3642 147.902
14000000 -10.991 101.111 294.961 90.1195 144.602
14100000 -7.23752 101.987 297.519 94.7499 143.278
14200000 -3.19592 99.4511 290.12 96.2552 144.595
14300000 -4.88 102.813 299.928 97.9334 147.543
14400000 -9.32475 99.6023 290.561 90.2776 150.806
14500000 -6.68673 101.926 297.34 95.2393 155.32
14600000 -12.3008 102.483 298.966 90.1827 157.346
14700000 -5.01079 98.4123 287.089 93.4015 154.636
14800000 -5.52498 105.062 306.488 99.5369 157.849
14900000 -1.33461 102.761 299.775 101.426 155.092
15000000 4.01836 100.89 294.317 104.908 154.435
15100000 -4.09609 102.721 299.66 98.6253 157.481
15200000 -7.69644 102.046 297.69 94.3498 155.783
15300000 -7.54566 102.454 298.881 94.9086 157.727
15400000 1.81364 103.791 302.779 105.604 154.696
15500000 4.833 101.768 296.878 106.601 150.471
15600000 -5.87733 106.958 312.02 101.081 152.313
15700000 -6.86635 99.4175 290.022 92.5512 154.025
15800000 -4.81585 99.1617 289.276 94.3459 155.627
15900000 -1.22754 100.183 292.255 98.9555 157.019
16000000 2.55606 105.108 306.622 107.664 153.612
16100000 7.41835 99.0331 288.9 106.451 159.594
16200000 0.726056 102.509 299.041 103.235 160.144
16300000 10.1949 103.895 303.085 114.09 163.799
16400000 7.09912 102.897 300.172 109.996 162.917
16500000 11.245 102.089 297.815 113.334 166.451
16600000 9.29478 107.267 312.921 116.562 165.716
16700000 -2.16604 103.465 301.829 101.299 162.465
16800000 -7.80107 101.659 296.56 93.8576 160.084
16900000 -14.1647 102.087 297.81 87.9224 163.491
17000000 -7.01862 108.065 315.247 101.046 163.479
17100000 -3.80784 101.7 296.68 97.8919 159.694
17200000 -7.82934 101.241 295.341 93.4115 158.724
17300000 -11.1006 99.5529 290.417 88.4523 157.756
17400000 -0.233547 100.969 294.548 100.736 161.949
17500000 -6.18057 104.969 306.217 98.7886 167.06
17600000 -7.17325 103.276 301.279 96.1032 167.84
17700000 -11.9129 102.458 298.891 90.545 168.501
17800000 -11.8172 106.724 311.337 94.907 169.477
17900000 -8.00814 99.7169 290.895 91.7088 167.787
18000000 1.19541 99.7667 291.04 100.962 169.297
18100000 -2.65914 101.714 296.72 99.0546 171.519
18200000 -6.34659 101.083 294.881 94.7367 167.118
18300000 -8.3656 102.751 299.746 94.3852 166.154
18400000 2.25299 104.925 306.088 107.178 166.758
18500000 -6.25427 102.68 299.539 96.4256 164.542
18600000 -8.18995 103.239 301.169 95.0486 165.87
18700000 -1.3435 97.1711 283.469 95.8276 167.163
18800000 12.282 108.769 317.301 121.051 164.849
18900000 4.92827 103.525 302.005 108.454 168.783
19000000 3.52043 102.665 299.494 106.185 171.084
19100000 -8.2086 101.968 297.463 93.7596 177.877
19200000 -16.7106 105.477 307.697 88.7659 176.904
19300000 -9.45409 101.827 297.051 92.3729 179.757
19400000 -12.8811 99.8092 291.165 86.9281 178.168
19500000 -12.7882 105.302 307.187 92.5133 176.275
19600000 -11.0005 104.692 305.409 93.6917 175.063
19700000 -4.68579 100.95 294.491 96.2638 176.685
19800000 -21.4308 104.282 304.214 82.8515 176.539
19900000 -15.8469 106.218 309.86 90.371 175.495
20000000 -16.6046 101.901 297.266 85.2963 173.022
20100000 -13.508 103.005 300.488 89.4972 171.772
20200000 -6.33677 107.66 314.068 101.323 171.697
20300000 -1.48542 106.081 309.462 104.596 168.549
20400000 0.0974095 103.053 300.628 103.151 163.219
20500000 -5.66514 100.113 292.051 94.4479 167.656
20600000 -4.77851 102.234 298.237 97.4552 168.224
20700000 -7.4071 103.387 301.602 95.98 168.717
20800000 -7.08314 100.04 291.837 92.9565 173.465
20900000 -9.82741 103.956 303.263 94.129 174.284
21000000 -7.28443 103.217 301.105 95.9322 175.764
21100000 -0.837799 100.599 293.469 99.7615 175.593
21200000 -6.21955 103.235 301.157 97.015 174.264
21300000 -3.48378 104.163 303.865 100.679 177.637
21400000 -2.28617 103.228 301.137 100.941 176.549
21500000 2.10045 105.306 307.2 107.406 180.197
21600000 -0.771649 104.87 305.927 104.098 184.767
21700000 -3.24689 99.743 290.971 96.4961 187.076
21800000 -5.55665 102.591 299.278 97.0339 182.717
21900000 0.935835 101.329 295.597 102.264 182.456
22000000 -2.35814 105.396 307.461 103.038 182.384
22100000 2.44662 95.9771 279.986 98.4238 181.1
22200000 -3.45444 103.015 300.516 99.5603 177.89
22300000 -3.73757 105.155 306.76 101.418 179.015
22400000 -1.58106 101.811 297.005 100.23 184.715
22500000 -3.92575 104.51 304.879 100.585 186.094
22600000 -3.0216 101.415 295.85 98.3936 185.976
22700000 -1.2537 103.615 302.268 102.362 187.169
22800000 4.70941 104.713 305.471 109.423 186.775
22900000 7.65657 104.369 304.467 112.026 187.943
23000000 2.15436 106.132 309.611 108.287 196.02
23100000 6.8265 106.704 311.279 113.531 194.72
23200000 -2.02614 105.239 307.005 103.213 193.447
23300000 1.73978 102.398 298.716 104.138 192.012
23400000 6.83939 98.3874 287.017 105.227 195.482
23500000 1.60887 101.63 296.475 103.238 192.626
23600000 -4.62311 103.399 301.637 98.7761 192.586
23700000 -3.75037 105.428 307.554 101.677 197.669
23800000 9.35089 108.579 316.749 117.93 205.589
23900000 5.53047 102.925 300.254 108.455 213.447
24000000 -1.17074 104.877 305.947 103.706 214.464
24100000 -4.38111 98.8108 288.252 94.4297 216.739
24200000 -2.02621 101.111 294.961 99.0845 222.227
24300000 -4.08822 102.363 298.616 98.2752 223.045
24400000 -5.73275 102.98 300.415 97.2476 221.592
24500000 -0.0768613 97.7125 285.048 97.6357 219.697
24600000 1.96071 105.12 306.657 107.08 217.35
24700000 -1.3395 102.354 298.588 101.015 218.075
24800000 2.75401 100.828 294.137 103.582 220.429
24900000 2.6595 104.338 304.375 106.997 220.493
25000000 -4.3084 99.4586 290.142 95.1502 223.888
25100000 -6.55309 107.158 312.602 100.605 227.088
25200000 -21.2623 103.278 301.285 82.0159 226.309
25300000 -8.37504 104.315 304.308 95.9398 223.45
25400000 -5.60335 101.488 296.063 95.8849 224.137
25500000 -5.93068 106.142 309.638 100.211 225.289
25600000 -11.7411 103.793 302.785 92.0516 224.678
25700000 -10.7615 103.761 302.694 92.9998 224.408
25800000 -12.3056 107.712 314.218 95.4063 222.6
25900000 -14.9409 109.56 319.61 94.6194 222.998
26000000 -6.94223 102.207 298.158 95.2644 217.399
26100000 -10.1173 104.918 306.067 94.8003 219.064
26200000 -4.78645 101.314 295.553 96.5272 217.626
26300000 -4.2481 101.405 295.82 97.1571 206.609
26400000 -10.1914 102.761 299.775 92.5694 202.8
26500000 -17.9775 98.2811 286.707 80.3035 201.608
26600000 -15.954 101.322 295.578 85.3681 200.502
26700000 -11.9346 102.666 299.498 90.7313 203.511
26800000 -14.0508 102.577 299.239 88.5264 212.561
26900000 -7.56691 104.597 305.131 97.0297 214.057
27000000 -6.55363 101.384 295.759 94.8305 213.218
27100000 -11.5651 102.275 298.359 90.7103 212.718
27200000 -9.45381 106.234 309.908 96.7805 218.029
27300000 -8.77041 104.992 306.282 96.2211 217.664
27400000 -14.578 103.675 302.443 89.0974 220.89
27500000 -11.7108 100.149 292.157 88.4386 220.902
27600000 -10.1842 101.571 296.304 91.3868 223.084
27700000 -8.65022 103.713 302.553 95.063 226.454
27800000 -3.26359 101.375 295.732 98.1115 227.197
27900000 -12.7782 100.828 294.137 88.0498 227.493
28000000 -7.68024 103.816 302.852 96.1354 224.129
28100000 -6.26302 103.261 301.233 96.9975 225.008
28200000 -3.75399 103.771 302.723 100.017 225.083
28300000 -6.6088 104.488 304.815 97.8797 227.474
28400000 1.14055 101.939 297.378 103.08 229.558
28500000 2.49938 99.1917 289.363 101.691 229.486
28600000 6.62996 100.495 293.166 107.125 232.508
28700000 -5.06372 99.6565 290.719 94.5928 233.619
28800000 3.73952 103.884 303.051 107.623 236.848
28900000 -2.56856 102.289 298.398 99.7202 236.556
29000000 1.89244 102.802 299.896 104.695 237.841
29100000 -2.8968 100.241 292.424 97.344 236.149
29200000 -1.58704 105.549 307.909 103.962 238.096
29300000 -0.392788 105.577 307.991 105.184 240.453
29400000 -1.69732 102.708 299.622 101.011 239.327
29500000 -1.4629 101.292 295.49 99.8292 239.045
29600000 10.6621 102.354 298.588 113.016 239.647
29700000 3.38478 104.462 304.736 107.846 243.815
29800000 -3.96543 101.416 295.853 97.4508 243.229
29900000 -2.97386 106.34 310.216 103.366 242.574
30000000 -1.4983 102 297.554 100.501 246.125
30100000 -8.50132 102.781 299.833 94.2793 246.139
30200000 -7.42888 103.17 300.968 95.741 242.184
30300000 -6.8231 101.761 296.857 94.9374 240.886
30400000 -1.78366 100.141 292.131 98.357 242.514
30500000 0.358916 104.895 306 105.254 242.063
30600000 9.58872 102.165 298.036 111.753 235.795
30700000 12.4546 107.373 313.23 119.828 234.001
30800000 9.71177 102.501 299.017 112.213 238.451
30900000 -5.11781 98.5418 287.467 93.424 237.024
31000000 -3.7339 99.631 290.645 95.8971 235.222
31100000 5.02313 100.52 293.239 105.543 235.51
31200000 3.18003 100.648 293.612 103.828 230.601
31300000 5.91009 101.451 295.955 107.361 228.754
31400000 -7.47465 103.018 300.525 95.5434 231.231
31500000 2.50119 100.33 292.682 102.831 234.02
31600000 2.52595 102.579 299.245 105.105 239.529
31700000 6.87284 99.7487 290.988 106.622 242.501
31800000 2.1969 103.484 301.884 105.681 236.648
31900000 -0.63931 103.042 300.596 102.403 236.795
32000000 -8.37635 100.497 293.171 92.1208 234.239
32100000 -6.31481 103.233 301.153 96.9185 232.278
32200000 -0.223626 101.514 296.139 101.291 236.387
32300000 9.7239 93.6361 273.156 103.36 243.119
32400000 3.39626 101.201 295.226 104.598 248.02
32500000 -1.65125 100.961 294.526 99.3101 244.74
32600000 6.6524 103.179 300.994 109.831 240.116
32700000 4.0867 103.233 301.153 107.32 237.96
32800000 8.17206 99.3018 289.684 107.474 236.304
32900000 6.93873 99.1431 289.221 106.082 231.65
33000000 13.3837 109.168 318.467 122.552 236.701
33100000 9.42186 103.511 301.963 112.933 234.628
33200000 -1.28093 98.2038 286.481 96.9228 232.096
33300000 5.35783 101.981 297.501 107.339 231.163
33400000 2.0345 104.838 305.834 106.872 232.475
33500000 3.51836 106.023 309.292 109.541 237.687
33600000 -8.59082 103.655 302.383 95.0641 241.796
33700000 -15.1165 100.364 292.783 85.2476 241.245
33800000 -21.8529 102.218 298.191 80.3649 237.915
33900000 -14.3669 102.073 297.767 87.7056 235.88
34000000 -6.50012 104.856 305.886 98.3555 232.447
34100000 -5.00077 106.552 310.836 101.552 237.953
34200000 -7.56102 102.154 298.006 94.5934 243.151
34300000 -15.0604 99.5804 290.497 84.52 241.87
34400000 -12.4406 104.716 305.479 92.2756 243.158
34500000 -14.1649 101.815 297.017 87.6504 242.165
34600000 -20.7179 101.567 296.292 80.8488 241.802
34700000 -16.8088 105.167 306.793 88.3577 243.405
34800000 -17.0282 101.05 294.785 84.022 239.558
34900000 -11.7714 102.351 298.579 90.5795 235.069
35000000 -18.7666 106.157 309.683 87.3904 234.825
35100000 -9.41539 98.4141 287.095 88.9987 238.232
35200000 -7.18881 102.276 298.36 95.087 238.41
35300000 -11.2376 104.362 304.447 93.1249 235.607
35400000 -7.94512 103.65 302.368 95.7047 233.227
35500000 -6.69101 103.206 301.074 96.515 232.944
35600000 -4.02875 102.435 298.825 98.4063 233.419
35700000 -2.87143 99.4129 290.008 96.5414 236.944
35800000 -9.31587 108.779 317.331 99.463 238.895
35900000 5.58977 104.607 305.162 110.197 241.823
36000000 1.93563 103.69 302.485 105.626 244.486
36100000 -3.74023 106.707 311.286 102.967 247.487
36200000 9.073 101.504 296.11 110.577 246.588
36300000 6.30417 104.705 305.448 111.01 245.082
36400000 2.33343 101.681 296.625 104.014 241.796
36500000 -9.29127 101.824 297.041 92.5323 242.438
36600000 -7.38391 103.485 301.888 96.1011 241.924
36700000 11.4367 105.227 306.971 116.664 241.497
36800000 -1.26747 101.722 296.744 100.454 242.784
36900000 -9.76668 105.77 308.554 96.0036 245.407
37000000 -4.77443 105.967 309.128 101.193 248.222
37100000 1.91774 99.2015 289.392 101.119 247.617
37200000 8.66772 104.164 303.868 112.832 241.07
37300000 -0.318235 102.378 298.659 102.06 236.214
37400000 3.55043 107.736 314.287 111.286 238.451
37500000 5.49318 101.281 295.459 106.775 237.669
37600000 8.68314 100.816 294.103 109.5 235.092
37700000 3.61498 100.984 294.593 104.599 237.862
37800000 0.102972 102.543 299.139 102.646 240.096
37900000 0.555817 99.8532 291.293 100.409 240.599
38000000 -5.60488 104.924 306.084 99.3187 239.873
38100000 -2.12637 102.346 298.566 100.22 237.401
38200000 1.4826 98.987 288.766 100.47 240.62
38300000 2.08631 100.999 294.636 103.086 246.991
38400000 -2.97523 105.134 306.697 102.158 251.07
38500000 -7.75407 105.584 308.01 97.8295 253.032
38600000 -7.72689 102.12 297.905 94.3927 252.09
38700000 -5.91612 100.275 292.525 94.3593 256.986
38800000 -11.9368 110.151 321.334 98.2143 257.584
38900000 -11.8269 101.783 296.922 89.956 264.201
39000000 -9.89065 101.847 297.11 91.9565 265.018
39100000 -10.2157 99.6075 290.576 89.3918 266.423
39200000 -11.139 104.867 305.92 93.7283 276.756
39300000 -5.27076 104.824 305.794 99.5534 273.987
39400000 -3.92537 99.9667 291.624 96.0413 275.368
39500000 -2.44758 98.634 287.736 96.1864 281.937
39600000 -5.09013 105.054 306.464 99.9635 284.398
39700000 -9.25481 101.955 297.424 92.7001 288.697
39800000 -10.4954 99.564 290.449 89.0686 288.566
39900000 -8.07772 107.891 314.742 99.8138 289.15
40000000 -8.87174 101.881 297.209 93.0095 284.687
40100000 0.376133 106.718 311.318 107.094 286.802
40200000 -8.48469 102.492 298.99 94.007 289.444
40300000 6.87693 102.532 299.108 109.409 292.799
40400000 -1.89612 104.198 303.969 102.302 290.729
40500000 11.4286 102.598 299.299 114.026 293.134
40600000 0.303007 99.7562 291.01 100.059 293.205
40700000 1.82409 107.864 314.662 109.688 291.541
40800000 2.61308 97.7294 285.097 100.342 287.882
40900000 -6.34105 106.324 310.17 99.9832 293.126
41000000 -4.35312 103.08 300.707 98.7273 295.868
41100000 1.6882 107.09 312.403 108.778 298.377
41200000 -2.11113 102.25 298.284 100.139 299.028
41300000 6.22965 105.359 307.355 111.589 297.584
41400000 6.68101 98.0813 286.124 104.762 296.186
41500000 1.45061 105.467 307.67 106.918 294.246
41600000 3.66293 100.949 294.49 104.612 294.533
41700000 7.64992 101.317 295.562 108.967 296.362
41800000 6.04299 104.953 306.17 110.996 295.026
41900000 7.29152 102.918 300.235 110.21 297.553
42000000 0.579344 101.952 297.416 102.531 298.893
42100000 -0.729842 102.243 298.264 101.513 298.649
42200000 5.6572 100.93 294.433 106.587 294.481
42300000 3.97428 102.473 298.937 106.448 292.876
42400000 9.52173 103.685 302.472 113.207 294.328
42500000 5.2238 104.602 305.145 109.826 295.931
42600000 3.81635 102.706 299.616 106.523 297.079
42700000 6.56976 99.8991 291.427 106.469 298.016
42800000 9.69411 99.8265 291.215 109.521 301.716
42900000 8.82711 100.372 292.805 109.199 302.069
43000000 7.77326 98.8361 288.326 106.609 303.914
43100000 7.79154 103.81 302.835 111.601 303.236
43200000 -5.60027 101.623 296.456 96.023 303.373
43300000 -7.55053 100.498 293.173 92.947 308.803
43400000 -7.25022 102.699 299.595 95.4487 314.659
43500000 -9.17622 106.805 311.572 97.6285 309.823
43600000 -10.0067 100.663 293.656 90.6566 301.565
43700000 -11.8591 105.165 306.789 93.3061 295.147
43800000 -9.82591 99.0372 288.913 89.2113 291.142
43900000 -10.5356 104.793 305.703 94.2573 286.501
44000000 -11.1737 105.027 306.385 93.8531 284.968
44100000 -1.91218 100.761 293.94 98.8485 289.211
44200000 -6.80965 106.526 310.758 99.716 288.592
44300000 -3.69254 104.056 303.554 100.364 287.559
44400000 -10.3929 100.132 292.107 89.7393 283.649
44500000 -8.94373 102.649 299.449 93.7053 286.265
44600000 -11.1216 100.314 292.639 89.1928 280.04
44700000 -4.05872 101.602 296.396 97.5437 277.356
44800000 -1.18812 101.683 296.629 100.494 280.107
44900000 -5.93193 102.198 298.134 96.2664 280.056
45000000 -2.82165 104.402 304.562 101.58 283.052
45100000 -10.2977 103.217 301.106 92.9194 283.779
45200000 -6.36867 103.069 300.673 96.6999 286.557
45300000 -9.04132 101.313 295.551 92.2716 288.838
45400000 -7.4612 97.9245 285.666 90.4633 290.783
45500000 -11.1336 103.678 302.45 92.5441 296.804
45600000 -7.52506 96.3146 280.97 88.7896 298.193
45700000 -3.17833 104.083 303.632 100.905 297.482
45800000 -11.3106 100.283 292.546 88.9721 299.8
45900000 1.01561 102.717 299.646 103.732 300.76
46000000 -8.99615 98.116 286.225 89.1198 301.067
46100000 -6.02691 101.3 295.513 95.273 302.662
46200000 -1.08468 99.2042 289.4 98.1195 306.157
46300000 3.18958 103.538 302.043 106.728 308.631
46400000 0.190358 104.918 306.067 105.108 314.803
46500000 1.15387 105.603 308.067 106.757 317.628
46600000 -0.339318 101.687 296.642 101.348 316.81
46700000 -4.03691 102.415 298.765 98.3778 316.947
46800000 0.0859497 102.449 298.865 102.535 319.901
46900000 -0.223253 101.878 297.201 101.655 322.593
47000000 -0.00231076 100.396 292.878 100.394 323.396
47100000 4.58601 104.105 303.696 108.691 321.426
47200000 -8.71285 102.973 300.394 94.26 323.871
47300000 -4.66123 104.316 304.313 99.655 324.972
47400000 -4.77263 104.137 303.791 99.3649 327.698
47500000 -4.95413 108.535 316.62 103.581 325.415
47600000 -0.251492 99.905 291.444 99.6535 320.134
47700000 -0.517066 104.106 303.699 103.589 316.671
47800000 5.74695 103.792 302.785 109.539 317.31
47900000 4.739 106.321 310.161 111.06 315.191
48000000 1.4767 105.297 307.174 106.774 312.379
48100000 4.33499 102.826 299.966 107.161 311.022
48200000 9.58517 103.215 301.1 112.8 311.323
48300000 12.9057 98.2887 286.729 111.194 311.357
48400000 1.86796 101.219 295.278 103.087 312.027
48500000 4.69562 100.884 294.3 105.58 311.378
48600000 2.57686 106.159 309.687 108.735 309.447
48700000 0.576166 100.893 294.326 101.469 306.873
48800000 8.03085 101.179 295.16 109.21 303.418
48900000 12.4855 100.894 294.329 113.379 303.294
49000000 5.40552 103.264 301.244 108.67 309.404
49100000 -0.179771 102.167 298.041 101.987 310.902
49200000 -3.33641 101.474 296.021 98.1376 308.83
49300000 -1.49675 102.578 299.242 101.081 308.544
49400000 5.11182 102.167 298.043 107.279 306.044
49500000 0.149561 101.056 294.801 101.205 304.166
49600000 0.343077 103.332 301.442 103.675 299.445
49700000 1.65589 103.968 303.298 105.624 297.399
49800000 0.0621374 100.768 293.963 100.831 290.784
49900000 4.43948 102.799 299.885 107.238 293.874
50000000 3.18585 101.321 295.574 104.506 294.109
50100000 -5.55066 106.216 309.854 100.665 291.003
50200000 5.30972 101.854 297.13 107.164 292.545
50300000 5.20738 100.793 294.033 106 290.196
50400000 -2.28607 99.7682 291.045 97.4821 287.136
50500000 -4.1149 102.656 299.469 98.541 289.52
50600000 5.11121 104.048 303.529 109.159 293.882
50700000 -0.676831 100.329 292.681 99.6521 297.477
50800000 -0.449947 99.9231 291.497 99.4732 299.557
50900000 -5.44705 104.71 305.46 99.2625 306.229
51000000 -5.87387 103.779 302.745 97.9051 305.866
51100000 -3.90796 102.622 299.37 98.7141 309.542
51200000 -6.42532 101.845 297.103 95.4194 312.743
51300000 -3.43936 105.814 308.682 102.375 311.855
51400000 -0.422342 101.892 297.239 101.469 308.945
51500000 -4.77989 104.835 305.825 100.055 305.857
51600000 -4.69321 102.63 299.393 97.9367 307.4
51700000 0.946088 102.77 299.802 103.716 309.011
51800000 1.01626 102.6 299.306 103.616 312.498
51900000 2.84988 104.86 305.9 107.71 312.201
52000000 -4.60067 106.535 310.784 101.934 310.346
52100000 -2.35875 103.502 301.936 101.143 311.884
52200000 1.13242 109.062 318.157 110.194 311.702
52300000 1.0831 101.623 296.457 102.707 315.274
52400000 8.42307 106.637 311.084 115.06 312.899
52500000 4.9336 104.648 305.281 109.582 314.519
52600000 3.88459 104.166 303.874 108.051 318.681
52700000 0.581704 103.695 302.501 104.277 315.716
52800000 -0.75323 103.318 301.402 102.565 316.426
52900000 -1.80264 103.293 301.328 101.49 313.017
53000000 -2.8969 99.5567 290.428 96.6598 310.124
53100000 -4.45313 102.355 298.59 97.9014 308.981
53200000 -1.42758 102.065 297.744 100.637 312.741
53300000 -7.5666 102.935 300.284 95.3687 319.213
53400000 -9.36293 102.697 299.588 93.3338 323.074
53500000 -7.46963 100.335 292.699 92.8657 323.31
53600000 -11.0339 107.831 314.566 96.7973 327.017
53700000 -11.184 103.73 302.602 92.5458 328.415
53800000 -12.8011 103.003 300.483 90.2023 327.355
53900000 -8.58548 103.05 300.617 94.4641 322.957
54000000 -20.5304 104.946 306.15 84.4156 317.104
54100000 -18.9177 102.424 298.791 83.506 313.705
54200000 -9.66109 103.7 302.515 94.0389 314.481
54300000 -3.91861 104.459 304.728 100.54 316.162
54400000 -8.9202 104.582 305.088 95.6619 321.974
54500000 0.641792 101.374 295.729 102.016 323.867
54600000 0.447884 103.672 302.433 104.12 325.149
54700000 -1.74547 106.348 310.24 104.603 322.652
54800000 -5.53932 104.611 305.173 99.0719 318.508
54900000 -14.7981 101.427 295.883 86.6285 320.266
55000000 -18.9259 107.859 314.647 88.933 321.905
55100000 -14.96 101.425 295.877 86.4645 323.526
55200000 -9.99646 102.655 299.466 92.6583 324.15
55300000 -15.9515 100.891 294.319 84.9392 325.57
55400000 -20.1959 101.81 297.003 81.6145 322.869
55500000 -14.8319 104.057 303.555 89.2247 329.749
55600000 -7.19024 102.713 299.636 95.5231 332.725
55700000 -2.17073 102.89 300.151 100.719 338.287
55800000 6.66715 101.44 295.923 108.107 342.575
55900000 -10.2191 104.911 306.049 94.6922 342.814
56000000 -9.79929 104.843 305.848 95.0433 340.378
56100000 -6.42588 103.701 302.517 97.2748 343.487
56200000 -0.663177 103.18 300.999 102.517 340.822
56300000 -6.56014 101.013 294.677 94.4532 338.42
56400000 -1.43457 103.088 300.73 101.654 337.856
56500000 -10.0548 102.502 299.019 92.4469 338.458
56600000 -11.5672 101.118 294.984 89.5513 338.946
56700000 -10.9322 99.9261 291.505 88.9938 338.935
56800000 -5.73163 102.576 299.237 96.8447 338.545
56900000 -15.6346 101.967 297.458 86.3321 336.63
57000000 -12.0218 101.048 294.779 89.0265 337.666
57100000 -14.4869 99.7693 291.048 85.2824 338.397
57200000 -6.86989 106.294 310.083 99.4244 337.256
57300000 -4.92324 103.62 302.281 98.6965 337.568
57400000 -3.41847 98.3652 286.952 94.9467 335.058
57500000 -1.00593 99.7566 291.011 98.7506 335.033
57600000 -2.61773 102.572 299.224 99.9543 333.81
57700000 1.84486 103.169 300.966 105.014 326.606
57800000 6.7534 104.12 303.741 110.874 328.081
57900000 0.432386 106.41 310.42 106.842 332.507
58000000 -10.1065 99.801 291.141 89.6945 336.183
58100000 -10.0704 99.0202 288.863 88.9498 335.986
58200000 -3.86502 104.558 305.017 100.693 336.638
58300000 2.99144 99.7537 291.003 102.745 338.486
58400000 -3.99092 102.167 298.044 98.1764 342.02
58500000 -8.42283 102.571 299.221 94.148 339.323
58600000 -5.57453 103.5 301.931 97.9254 335.273
58700000 -6.0172 100.374 292.812 94.3568 333.061
58800000 -11.586 106.208 309.83 94.6217 330.212
58900000 -4.5457 101.432 295.898 96.8862 331.52
59000000 -0.759832 101.637 296.496 100.877 332.704
59100000 3.28208 98.6985 287.924 101.981 332.243
59200000 -3.72433 98.8466 288.356 95.1223 336.019
59300000 -7.9995 101.836 297.076 93.8363 338.383
59400000 -7.07174 102.738 299.708 95.666 341.625
59500000 -4.37126 104.332 304.357 99.9603 342.784
59600000 -7.14006 98.4287 287.137 91.2887 342.4
59700000 -12.4434 102.275 298.358 89.8317 343.438
59800000 -5.68856 105.076 306.529 99.3874 335.146
59900000 -3.94931 107.15 312.58 103.201 334.846
60000000 -1.52602 104.143 303.806 102.616 338.95
60100000 -1.07359 103.409 301.667 102.336 338.559
60200000 -6.75009 100.935 294.449 94.1849 337.835
60300000 3.20281 106.712 311.3 109.914 336.516
60400000 -5.62807 105.5 307.766 99.872 331.493
60500000 -7.90797 105.014 306.348 97.1061 323.458
60600000 -0.6336 101.012 294.673 100.378 319.51
60700000 2.92604 104.046 303.524 106.972 320.042
60800000 -11.7438 98.4098 287.082 86.666 323.047
60900000 -8.57054 103.034 300.571 94.4632 319.397
61000000 -7.01914 104.434 304.655 97.4144 319.204
61100000 -6.67902 108.383 316.175 101.704 321.852
61200000 -12.7534 106.173 309.73 93.4198 321.49
61300000 -6.49889 101.259 295.393 94.7599 320.03
61400000 -6.94377 95.1226 277.493 88.1788 318.194
61500000 8.41477 99.3814 289.916 107.796 319.092
61600000 4.4902 104.42 304.616 108.91 316.542
61700000 10.8351 101.605 296.402 112.44 320.787
61800000 5.51871 99.4911 290.236 105.01 320.425
61900000 1.62953 102.398 298.717 104.028 319.74
62000000 -0.430831 100.633 293.569 100.203 320.288
62100000 -4.86182 101.109 294.955 96.2467 326.434
62200000 -2.12725 100.826 294.131 98.6988 329.023
62300000 1.14335 105.754 308.505 106.897 330.273
62400000 -10.5217 106.806 311.576 96.2843 329.671
62500000 -5.05214 106.577 310.909 101.525 329.379
62600000 -5.27768 103.6 302.223 98.3223 328.259
62700000 -10.8509 100.943 294.471 90.0917 327.464
62800000 -9.89329 102.712 299.631 92.8183 332.237
62900000 -6.82523 100.976 294.569 94.1509 333.614
63000000 2.60698 102.582 299.253 105.189 331.694
63100000 5.93124 100.551 293.328 106.482 327.737
63200000 9.10017 98.7021 287.935 107.802 324.349
63300000 21.0778 108.935 317.787 130.013 320.059
63400000 13.3704 103.288 301.312 116.658 317.272
63500000 11.7439 100.142 292.136 111.886 310.814
63600000 19.2734 106.3 310.099 125.573 311.77
63700000 5.41851 107.373 313.229 112.791 310.596
63800000 2.25328 103.138 300.876 105.391 305.209
63900000 -2.97734 97.9748 285.813 94.9975 303.438
64000000 2.99313 101.87 297.176 104.863 300.945
64100000 -1.63695 100.168 292.211 98.5309 301.015
64200000 2.5878 103.767 302.711 106.355 306.647
64300000 11.1508 99.9493 291.573 111.1 308.623
64400000 14.0172 100.865 294.246 114.883 310.354
64500000 15.3914 101.817 297.022 117.208 309.396
64600000 11.1984 102.422 298.787 113.62 310.85
64700000 -1.61533 100.326 292.673 98.7111 314.855
64800000 -6.34602 102.609 299.332 96.263 316.335
64900000 -8.05925 107.031 312.231 98.9714 317.68
65000000 -0.599721 104.027 303.468 103.427 320.895
65100000 -1.05569 101.188 295.188 100.133 318.102
65200000 2.28497 102.991 300.446 105.276 314.38
65300000 2.30553 103.059 300.644 105.364 309.795
65400000 -6.9386 105.095 306.585 98.1568 310.859
65500000 1.03299 97.4808 284.372 98.5138 313.952
65600000 -1.10038 101.753 296.834 100.652 322.825
65700000 -0.242714 102.024 297.626 101.781 323.956
65800000 -3.88715 94.7055 276.276 90.8183 324.171
65900000 2.53945 106.24 309.923 108.779 326.532
66000000 3.5104 103.393 301.62 106.904 328.652
66100000 -3.39987 105.433 307.571 102.033 327.244
66200000 -4.4292 100.779 293.992 96.3494 324.341
66300000 7.75861 104.419 304.612 112.177 320.786
66400000 3.21312 101.701 296.683 104.914 318.964
66500000 3.13361 102.03 297.644 105.164 320.87
66600000 3.83224 99.265 289.577 103.097 324.919
66700000 1.48556 99.4479 290.111 100.933 324.529
66800000 3.64317 105.511 307.798 109.154 321.373
66900000 4.69191 105.393 307.455 110.085 324.776
67000000 -3.05953 102.471 298.929 99.4113 332.894
67100000 0.942918 105.123 306.667 106.066 340.626
67200000 7.10722 105.142 306.721 112.249 343.273
67300000 3.93254 101.278 295.449 105.21 348.253
67400000 0.806908 102.393 298.702 103.2 345.696
67500000 4.1164 100.757 293.929 104.873 346.316
67600000 10.2732 102.931 300.272 113.204 347.64
67700000 4.29063 105.299 307.18 109.59 348.441
67800000 14.4632 105.294 307.164 119.757 351.552
67900000 0.899532 102.491 298.989 103.391 353.173
68000000 0.989685 96.8993 282.676 97.889 354.188
68100000 5.95228 100.644 293.599 106.596 357.27
68200000 0.880795 100.432 292.98 101.312 356.474
68300000 -3.73205 102.764 299.785 99.0321 356.187
68400000 -1.3245 109.016 318.022 107.691 350.369
68500000 -0.894394 103.886 303.058 102.992 351.593
68600000 -1.29215 102.278 298.367 100.986 358.983
68700000 2.90803 100.926 294.424 103.834 359.248
68800000 -4.34689 100.653 293.627 96.3066 357.857
68900000 -5.63399 99.9655 291.621 94.3315 357.082
69000000 -3.84764 103.573 302.144 99.7251 362.081
69100000 -15.0158 101.273 295.434 86.2568 363.347
69200000 -9.78553 103.134 300.863 93.3482 363.16
69300000 -12.0354 103.023 300.54 90.9878 360.055
69400000 -12.8917 111.031 323.901 98.1392 359.407
69500000 0.893358 103.274 301.271 104.167 363.704
69600000 -1.6346 107.383 313.258 105.748 357.323
69700000 -4.78906 107.913 314.804 103.124 353.306
69800000 -1.90282 106.227 309.887 104.324 354.077
69900000 -7.71135 102.64 299.422 94.9285 354.124
70000000 -3.22501 106.269 310.011 103.044 351.355
70100000 -3.88402 101.464 295.993 97.5803 351.65
70200000 0.612945 103.656 302.385 104.269 351.262
70300000 2.7363 102.803 299.898 105.539 348.955
70400000 2.68324 101.963 297.448 104.646 346.676
70500000 -1.31812 103.279 301.287 101.961 346.478
70600000 5.50514 100.622 293.535 106.127 348.979
70700000 7.57788 102.025 297.627 109.602 346.793
70800000 -2.55692 105.293 307.162 102.736 343.909
70900000 -4.46343 102.28 298.372 97.8165 341.559
71000000 -5.87237 108.241 315.761 102.368 338.91
71100000 -0.0406284 102.925 300.253 102.884 336.814
71200000 2.41668 103.232 301.15 105.649 336.689
71300000 -0.978894 103.59 302.195 102.611 335.51
71400000 7.59821 104.982 306.254 112.58 338.036
71500000 -1.00521 102.91 300.209 101.905 337.863
71600000 0.204708 100.364 292.783 100.569 336.421
71700000 -3.20385 101.307 295.534 98.103 340.155
71800000 -6.89465 99.682 290.794 92.7874 343.478
71900000 -4.50685 100.89 294.318 96.3832 339.156
72000000 -7.89267 101.813 297.011 93.9205 338.507
72100000 3.28858 102.524 299.083 105.812 342.164
72200000 2.02825 98.9328 288.608 100.961 343.785
72300000 6.64059 102.95 300.327 109.591 344.851
72400000 -0.972962 106.504 310.694 105.531 340.56
72500000 5.34334 100.749 293.905 106.092 340.513
72600000 -1.2552 103.069 300.673 101.814 342.955
72700000 -2.96772 103.23 301.145 100.263 351.007
72800000 -2.89772 101.681 296.624 98.7831 360.174
72900000 2.54588 103.482 301.878 106.028 363.485
73000000 5.24447 97.7774 285.237 103.022 365.349
73100000 12.3745 104.208 303.996 116.582 367.39
73200000 0.570223 102.877 300.114 103.447 366.537
73300000 4.75254 100.404 292.9 105.157 365.936
73400000 6.12677 101.074 294.854 107.201 366.92
73500000 -2.12994 100.795 294.042 98.6655 365.569
73600000 -0.520122 100.481 293.124 99.9609 366.338
73700000 -0.0314914 103.3 301.347 103.268 364.195
73800000 -8.28118 99.7714 291.054 91.4902 369.521
73900000 6.04392 102.433 298.82 108.477 371.012
74000000 8.86102 102.405 298.737 111.266 372.758
74100000 15.2184 101.193 295.201 116.411 371.699
74200000 18.308 103.012 300.509 121.32 375.937
74300000 -1.17646 103.511 301.964 102.335 379.765
74400000 -0.148089 102.543 299.139 102.395 381.115
74500000 2.74322 105.524 307.835 108.267 383.58
74600000 0.775233 105.943 309.058 106.718 381.445
74700000 -0.511967 106.034 309.322 105.522 384.887
74800000 1.84775 102.269 298.34 104.117 386.411
74900000 1.18474 99.8545 291.297 101.039 385.748
75000000 -4.16014 102.079 297.785 97.9185 387.803
75100000 -5.0456 99.5932 290.534 94.5476 389.007
75200000 5.65467 103.304 301.358 108.958 385.333
75300000 -0.49443 100.251 292.453 99.7564 387.539
75400000 -0.511623 100.823 294.123 100.312 384.998
75500000 -4.89569 106.347 310.237 101.451 382.565
75600000 1.58556 106.775 311.487 108.361 387.373
75700000 -1.03802 102.953 300.337 101.915 388.743
75800000 0.741664 107.717 314.235 108.459 392.881
75900000 -2.4143 101.573 296.311 99.1591 391.283
76000000 -0.888189 104.767 305.628 103.879 384.855
76100000 -2.54215 96.5594 281.684 94.0172 383.704
76200000 0.999783 100.313 292.633 101.313 391.93
76300000 -3.28058 101.639 296.503 98.3588 394.053
76400000 -2.8814 103.956 303.26 101.074 389.789
76500000 1.03093 103.293 301.327 104.324 388.048
76600000 -3.51113 98.9687 288.712 95.4575 384.267
76700000 1.13816 97.269 283.754 98.4072 382.689
76800000 0.680632 101.12 294.99 101.801 381.206
76900000 -2.79562 99.0179 288.856 96.2223 376.037
77000000 1.21547 100.074 291.938 101.29 376.897
77100000 1.57448 108.019 315.114 109.593 377.931
77200000 13.9778 102.634 299.405 116.612 377.497
77300000 -0.447927 104.029 303.474 103.581 378.554
77400000 -0.92939 103.316 301.394 102.386 383.013
77500000 -9.16068 98.9094 288.54 89.7488 383.545
77600000 -4.79677 105.058 306.477 100.261 390.397
77700000 -1.13408 103.925 303.17 102.791 388.691
77800000 0.177376 103.186 301.014 103.363 390.472
77900000 2.8804 100.88 294.288 103.76 389.735
78000000 -7.42257 103.02 300.531 95.5973 390.455
78100000 3.61678 105.334 307.281 108.951 386.492
78200000 3.90245 107.467 313.504 111.369 387.805
78300000 5.37206 101.271 295.429 106.643 390.274
78400000 2.55907 105.476 307.696 108.035 389.897
78500000 -7.20375 103.868 303.006 96.6647 386.985
78600000 -4.15703 102.642 299.429 98.4852 385.76
78700000 -0.583903 100.116 292.061 99.5324 382.67
78800000 -5.65019 106.489 310.651 100.839 385.897
78900000 -2.37647 104.355 304.426 101.979 383.438
79000000 -3.39191 102.865 300.079 99.4732 379.115
79100000 -0.304759 104.83 305.812 104.526 379.48
79200000 0.190157 105.672 308.267 105.862 376.177
79300000 2.53298 107.307 313.037 109.84 375.448
79400000 -2.58949 97.5896 284.69 95.0002 377.569
79500000 -0.732442 102.382 298.669 101.649 380.393
79600000 -5.65363 104.171 303.89 98.5176 381.261
79700000 -1.63327 99.3119 289.714 97.6787 381.725
79800000 -4.32445 101.856 297.135 97.5315 379.173
79900000 -3.70107 101.836 297.078 98.1352 380.194
80000000 -2.55165 103.423 301.708 100.872 382.57
80100000 -3.62079 106.337 310.207 102.716 381.415
80200000 4.23673 100.44 293.005 104.677 381.461
80300000 -1.16778 101.527 296.175 100.359 377.081
80400000 0.306227 98.1709 286.385 98.4771 381.64
80500000 2.67261 102.933 300.276 105.605 383.944
80600000 4.00128 102.736 299.703 106.737 383.202
80700000 12.3416 98.6742 287.853 111.016 384.128
80800000 15.9089 102.473 298.935 118.382 382.054
80900000 6.2307 100.232 292.398 106.463 381.057
81000000 -2.55748 104.859 305.895 102.301 383.44
81100000 6.04729 106.739 311.381 112.787 388.546
81200000 10.0896 101.648 296.528 111.737 389.528
81300000 3.13473 98.802 288.226 101.937 391.276
81400000 3.82851 105.037 306.414 108.865 392.115
81500000 16.3739 105.851 308.79 122.225 389.454
81600000 4.00309 103.887 303.06 107.89 390.755
81700000 5.01903 100.754 293.922 105.773 389.591
81800000 2.82425 102.297 298.421 105.121 389.259
81900000 1.57447 105.158 306.768 106.732 393.255
82000000 -4.77013 103.577 302.156 98.807 394.231
82100000 -3.42414 105.131 306.689 101.707 395.891
82200000 2.48223 102.897 300.173 105.379 401.075
82300000 7.04434 100.494 293.162 107.538 401.938
82400000 13.3824 100.856 294.219 114.239 400.683
82500000 5.51443 104.599 305.138 110.114 396.921
82600000 5.80377 108.296 315.922 114.1 394.219
82700000 5.42696 97.5257 284.503 102.953 391.06
82800000 1.41085 101.274 295.438 102.685 389.708
82900000 4.06683 105.511 307.799 109.578 391.388
83000000 -4.30017 99.5986 290.55 95.2985 393.293
83100000 7.42418 102.556 299.178 109.98 396.809
83200000 11.9205 104.771 305.638 116.691 398.899
83300000 0.540937 102.36 298.605 102.901 399.807
83400000 -0.675664 105.661 308.236 104.985 401.02
83500000 -0.00823996 103.62 302.282 103.612 397.557
83600000 6.22904 102.452 298.875 108.681 390.706
83700000 7.06776 99.2425 289.511 106.31 390.367
83800000 2.3055 103.555 302.091 105.86 391.208
83900000 -7.92949 103.823 302.873 95.8932 395.589
84000000 -6.28626 97.9083 285.619 91.622 394.565
84100000 -3.85879 101.604 296.4 97.7451 396.463
84200000 -3.56085 101.775 296.901 98.2146 393.887
84300000 3.0312 100.441 293.007 103.472 393.185
84400000 0.498584 103.692 302.491 104.19 396.375
84500000 1.36151 108.847 317.529 110.208 399.127
84600000 11.0456 102.876 300.11 113.921 395.493
84700000 6.47891 98.8389 288.334 105.318 398.854
84800000 7.20451 100.129 292.098 107.334 394.932
84900000 1.60502 106.955 312.009 108.56 399.166
85000000 0.680142 97.4452 284.268 98.1253 400.654
85100000 -2.85011 106.094 309.5 103.244 399.374
85200000 -1.53659 101.611 296.421 100.075 399.588
85300000 -6.17131 101.643 296.514 95.4715 397.325
85400000 4.94765 102.615 299.349 107.562 392.384
85500000 10.4876 102.167 298.041 112.654 390.055
85600000 6.08076 102.717 299.648 108.798 387.995
85700000 -1.02525 102.772 299.808 101.747 389.581
85800000 7.87665 104.659 305.313 112.536 395.068
85900000 7.92515 101.231 295.311 109.156 394.039
86000000 15.0822 107.35 313.162 122.432 393.55
86100000 7.71538 104.24 304.091 111.956 398.162
86200000 11.0482 101.968 297.463 113.016 400.976
86300000 8.99111 106.83 311.645 115.821 403.088
86400000 4.54761 104.857 305.889 109.404 401.549
86500000 1.77663 108.904 317.696 110.681 397.132
86600000 2.57766 103.174 300.979 105.751 397.228
86700000 1.34506 103.772 302.726 105.117 401.553
86800000 3.23791 105.904 308.943 109.142 400.986
86900000 7.00099 103.713 302.553 110.714 403.035
87000000 10.3305 102.943 300.306 113.273 401.35
87100000 11.926 102.237 298.247 114.163 399.639
87200000 12.0062 103.065 300.662 115.071 400.793
87300000 11.6932 99.821 291.199 111.514 402.803
87400000 5.1653 106.371 310.306 111.536 408.62
87500000 13.6199 99.0339 288.903 112.654 413.017
87600000 6.82655 99.5294 290.348 106.356 412.248
87700000 2.69735 99.8615 291.317 102.559 416
87800000 0.358834 102 297.555 102.359 414.723
87900000 -3.58345 105.362 307.364 101.779 412.876
88000000 2.29481 103.18 300.997 105.475 410.782
88100000 8.8619 105.775 308.569 114.637 413.972
88200000 -6.36044 104.568 305.047 98.2074 411.063
88300000 6.80247 100.364 292.782 107.166 410.186
88400000 6.05739 96.6446 281.933 102.702 411.348
88500000 -7.4112 102.371 298.637 94.9594 412.574
88600000 -9.58191 102.437 298.832 92.8556 406.856
88700000 -6.67425 100.294 292.579 93.62 406.581
88800000 3.73872 104.298 304.259 108.037 407.972
88900000 7.73795 102.137 297.956 109.875 410.532
89000000 -0.65394 100.924 294.417 100.27 413.745
89100000 2.88771 107.632 313.986 110.52 413.837
89200000 2.76692 103.271 301.263 106.038 414.712
89300000 7.91418 102.678 299.534 110.593 412.708
89400000 -2.03423 103.117 300.814 101.083 410.244
89500000 2.89894 101.078 294.867 103.977 407.299
89600000 0.610794 101.908 297.287 102.519 406.71
89700000 0.849979 103.47 301.843 104.32 404.659
89800000 3.91161 101.369 295.715 105.281 401.517
89900000 0.571283 102.266 298.333 102.838 400.191
90000000 1.86856 107.68 314.124 109.548 402.28
90100000 -2.50089 103.403 301.649 100.902 401.528
90200000 3.52039 104.374 304.482 107.895 402.176
90300000 6.42253 102.856 300.052 109.278 399.933
90400000 -1.15188 105.204 306.903 104.052 398.179
90500000 2.01988 107.188 312.69 109.208 402.772
90600000 0.298713 104.16 303.858 104.459 398.249
90700000 4.43843 101.287 295.475 105.725 397.356
90800000 3.85928 99.4592 290.143 103.318 396.454
90900000 5.52433 102.791 299.863 108.315 396.722
91000000 8.379 105.308 307.205 113.687 397.58
91100000 5.40103 102.485 298.97 107.886 398.918
91200000 7.64683 106.12 309.573 113.766 401.446
91300000 5.9816 105.562 307.948 111.544 401.407
91400000 2.88969 104.085 303.639 106.975 401.664
91500000 -4.97222 104.591 305.114 99.6186 399.031
91600000 -1.5047 100.867 294.251 99.3626 398.182
91700000 -8.05393 104.915 306.06 96.8613 397.458
91800000 -7.33129 104.056 303.554 96.7248 394.452
91900000 -6.44124 105.557 307.932 99.1158 396.849
92000000 4.21543 98.7247 288.001 102.94 398.002
92100000 7.81182 107.624 313.963 115.436 402.181
92200000 -0.0243411 104.968 306.213 104.943 404.3
92300000 3.10262 101.733 296.776 104.835 411.315
92400000 -1.96164 100.794 294.038 98.8326 416.359
92500000 -2.02919 106.056 309.388 104.027 419.243
92600000 -0.0547785 104.837 305.833 104.783 425.936
92700000 0.720949 103.401 301.642 104.122 431.231
92800000 2.15697 102.716 299.644 104.873 432.491
92900000 2.50345 103.389 301.606 105.892 433.788
93000000 4.18277 103.456 301.803 107.639 430.9
93100000 0.363816 100.326 292.672 100.69 433.848
93200000 -2.02155 107.461 313.486 105.439 435.635
93300000 0.22799 97.6503 284.867 97.8783 439.103
93400000 4.54013 99.5998 290.554 104.14 440.499
93500000 3.96499 101.693 296.66 105.658 444.995
93600000 4.41428 100.441 293.008 104.856 447.499
93700000 1.46232 99.5181 290.315 100.98 448.02
93800000 0.804815 102.28 298.372 103.085 451.599
93900000 2.60407 100.336 292.701 102.94 447.167
94000000 -0.148054 104.601 305.144 104.453 440.752
94100000 12.0184 102.817 299.939 114.835 442.584
94200000 6.58146 103.023 300.54 109.605 444.032
94300000 7.29156 99.7391 290.96 107.031 446.84
94400000 11.8043 104.541 304.969 116.346 449.516
94500000 6.86359 102.644 299.434 109.508 452.533
94600000 9.38031 105.153 306.753 114.533 453.595
94700000 13.2666 104.605 305.154 117.871 453.913
94800000 14.129 104.85 305.868 118.979 454.211
94900000 8.56479 102.328 298.512 110.893 453.546
95000000 1.35305 103.859 302.98 105.212 453.588
95100000 -3.20768 102.835 299.992 99.6274 454.881
95200000 -0.38647 105.893 308.912 105.507 454.814
95300000 5.92284 105.306 307.201 111.229 457.692
95400000 1.46353 104.257 304.14 105.721 461.37
95500000 -0.788079 103.966 303.29 103.178 461.477
95600000 0.339665 101.753 296.834 102.092 466.725
95700000 -0.573961 100.699 293.759 100.125 468.994
95800000 -3.9523 99.2 289.387 95.2477 470.293
95900000 -9.31792 106.778 311.494 97.4603 465.471
96000000 -1.87453 104.472 304.766 102.597 461.556
96100000 -8.48116 98.9861 288.763 90.5049 461.224
96200000 -3.95184 103.453 301.793 99.5007 460.271
96300000 5.54436 101.566 296.291 107.111 465.523
96400000 2.38426 100.443 293.012 102.827 461.718
96500000 1.46964 104.897 306.007 106.367 461.24
96600000 -2.92101 100.556 293.342 97.6347 459.919
96700000 -5.19836 102.102 297.854 96.9039 454.811
96800000 -4.82214 102.259 298.31 97.4365 456.725
96900000 -5.1535 102.898 300.174 97.7441 455.279
97000000 -6.29403 101.048 294.778 94.7537 454.962
97100000 6.10508 104.763 305.616 110.868 456.381
97200000 -2.12737 105.093 306.579 102.966 458.65
97300000 -0.083142 102.056 297.719 101.973 458.312
97400000 7.54434 104.902 306.021 112.446 457.381
97500000 5.21126 103.467 301.834 108.678 459.108
97600000 11.3073 101.608 296.411 112.915 457.403
97700000 11.7001 103.336 301.452 115.036 457.063
97800000 10.9909 101.527 296.177 112.518 455.882
97900000 15.409 106.716 311.313 122.125 449.552
98000000 13.3953 100.935 294.448 114.33 444.533
98100000 19.6654 103.451 301.788 123.116 442.399
98200000 21.7842 108.241 315.763 130.025 439.411
98300000 16.3782 102.947 300.319 119.325 438.82
98400000 13.1511 102.093 297.826 115.244 437.823
98500000 14.567 105.84 308.758 120.407 435.841
98600000 7.12676 104.231 304.064 111.358 430.879
98700000 15.7643 105.472 307.685 121.237 432.356
98800000 4.58077 105.264 307.078 109.845 433.122
98900000 5.33924 103.097 300.755 108.436 434.985
99000000 9.24709 103.621 302.284 112.868 433.415
99100000 1.10523 100.637 293.58 101.743 436.417
99200000 0.3511 102.46 298.898 102.811 438.28
99300000 3.99498 105.954 309.091 109.949 437.845
99400000 2.52858 103.464 301.826 105.992 441.033
99500000 2.07086 101.072 294.849 103.143 442.234
99600000 -0.0261012 100.144 292.142 100.118 440.932
99700000 -2.8517 98.4934 287.326 95.6417 440.881
99800000 -2.12626 103.454 301.797 101.328 447.139
99900000 5.61518 104.127 303.759 109.742 448.652
100000000 8.74701 103.818 302.859 112.565 449.146
100100000 -0.192998 104.31 304.294 104.117 453.403
100200000 10.9632 103.896 303.087 114.859 457.79
100300000 1.39557 105.517 307.814 106.912 458.835
100400000 1.63261 105.412 307.51 107.045 462.115
100500000 6.61769 102.075 297.775 108.693 464.798
100600000 1.82009 99.9458 291.563 101.766 465.549
100700000 -6.90102 101.222 295.286 94.3211 461.298
100800000 8.36005 104.067 303.587 112.427 458.33
100900000 0.331099 103.787 302.77 104.119 454.852
101000000 -11.5002 100.514 293.221 89.014 451.892
101100000 0.441244 108.021 315.12 108.462 450.629
101200000 -10.6123 101.523 296.164 90.9108 448.653
101300000 -20.0453 102.455 298.884 82.4102 448.039
101400000 -11.2053 108.33 316.02 97.1243 451.791
101500000 -7.38 102.948 300.322 95.5683 451.994
101600000 -7.6318 103.104 300.777 95.4724 453.179
101700000 -9.9666 99.1816 289.334 89.215 451.58
101800000 -6.06647 103.077 300.697 97.0103 450.883
101900000 2.4457 105.247 307.027 107.692 453.252
102000000 -2.78129 103.853 302.961 101.072 448.79
102100000 -0.616751 105.271 307.097 104.654 448.493
102200000 5.98399 104.194 303.956 110.178 449.146
102300000 11.804 102.528 299.097 114.332 447.465
102400000 4.16056 101.135 295.032 105.295 447.492
102500000 3.38993 102.513 299.051 105.903 447.872
102600000 5.61745 96.371 281.135 101.988 452.65
102700000 11.4179 106.467 310.586 117.885 453.841
102800000 11.4417 105.895 308.917 117.336 454.59
102900000 8.62693 101.917 297.312 110.544 453.196
103000000 10.714 100.716 293.811 111.43 458.005
103100000 0.570729 103.444 301.767 104.014 457.921
103200000 -8.98779 102.07 297.76 93.0824 457.002
103300000 -5.23108 106.627 311.052 101.395 457.396
103400000 0.962307 101.837 297.08 102.799 454.623
103500000 5.61835 99.7265 290.923 105.345 451.568
103600000 -6.54952 106.358 310.27 99.809 452.438
103700000 -2.09335 104.809 305.749 102.715 453.85
103800000 -0.588281 100.866 294.248 100.278 457.045
103900000 16.326 105.278 307.118 121.604 456.61
104000000 10.7696 106.981 312.085 117.75 452.867
104100000 -6.22326 100.896 294.334 94.6723 451.859
104200000 -2.30121 100.896 294.335 98.5947 453.866
104300000 -4.59482 104.213 304.011 99.6181 457.182
104400000 8.41449 101.982 297.503 110.396 457.066
104500000 -0.984759 104.145 303.813 103.16 455.902
104600000 0.916595 105.372 307.392 106.288 454.318
104700000 1.79441 101.712 296.714 103.506 457.578
104800000 -2.37085 106.297 310.092 103.927 462.9
104900000 -7.41775 102.404 298.735 94.9866 469.132
105000000 1.41089 101.714 296.721 103.125 468.459
