# Time-averaged data for fix favg
# TimeStep v_vpe v_vke v_vT v_vE v_vRg
5100000 225.599 497.583 295.449 723.182 308.485
5200000 218.379 506.057 300.481 724.436 310.458
5300000 220.844 508.307 301.817 729.151 310.573
5400000 212.462 507.819 301.527 720.281 312.909
5500000 203.615 504.35 299.467 707.965 312.444
5600000 214.899 516.305 306.566 731.204 312.266
5700000 218.12 509.684 302.634 727.804 313.826
5800000 203.772 501.23 297.614 705.001 313.4
5900000 213.271 506.62 300.815 719.891 315.236
6000000 209.96 500.795 297.356 710.755 315.679
6100000 222.284 506.529 300.761 728.813 313.477
6200000 217.703 507.098 301.099 724.801 312.339
6300000 219.635 502.709 298.493 722.344 312.646
6400000 220.644 507.854 301.548 728.499 313.746
6500000 228.374 511.139 303.498 739.513 314.773
6600000 222.577 516.923 306.933 739.501 316.318
6700000 223.804 504.603 299.617 728.407 316.49
6800000 228.799 502.06 298.107 730.859 318.461
6900000 228.483 504.571 299.599 733.054 318.973
7000000 231.607 499.238 296.432 730.844 318.785
7100000 227.149 506.79 300.916 733.94 321.445
7200000 228.758 500.83 297.377 729.588 322.84
7300000 225.029 508.315 301.821 733.344 322.604
7400000 228.865 501.398 297.715 730.263 322.739
7500000 229.821 513.177 304.709 742.999 324.148
7600000 228.409 509.021 302.241 737.43 324.951
7700000 222.895 511.069 303.457 733.964 326.776
7800000 231.848 506.81 300.928 738.658 328.303
7900000 239.454 504.439 299.52 743.893 327.947
8000000 231.916 499.072 296.333 730.987 328.232
8100000 234.548 502.301 298.251 736.85 327.625
8200000 227.842 505.353 300.062 733.195 327.957
8300000 218.8 507.818 301.526 726.618 328.08
8400000 218.922 505.302 300.032 724.224 330.782
8500000 221.348 513.081 304.652 734.429 329.803
8600000 214.019 510.65 303.208 724.669 331.575
8700000 217.776 508.936 302.19 726.712 331.83
8800000 231.755 506.503 300.746 738.259 333.806
8900000 238.353 502.509 298.374 740.862 336.17
9000000 230.131 504.511 299.563 734.642 338.909
9100000 225.606 513.686 305.011 739.292 338.231
9200000 228.578 501.934 298.033 730.512 338.192
9300000 224.863 497.706 295.522 722.57 340.218
9400000 220.767 509.267 302.387 730.034 340.092
9500000 218.786 503.337 298.866 722.123 340.719
9600000 236.429 501.616 297.844 738.045 340.181
9700000 217.736 506.3 300.625 724.037 339.442
9800000 227.962 502.172 298.174 730.134 341.3
9900000 222.64 509.71 302.65 732.35 345.083
10000000 216.471 505.668 300.25 722.139 344.223
10100000 228.189 525.51 312.031 753.699 343.394
10200000 234.664 501.857 297.987 736.521 346.431
10300000 232.758 509.913 302.771 742.671 345.534
10400000 241.135 497.797 295.576 738.932 345.663
10500000 248.774 505.428 300.107 754.201 344.631
10600000 253.354 506.029 300.464 759.383 344.655
10700000 246.852 508.156 301.727 755.009 344.997
10800000 247.11 503.285 298.835 750.396 344.866
10900000 224.774 500.16 296.979 724.934 344.729
11000000 211.351 504.828 299.751 716.179 345.039
11100000 216.952 493.808 293.208 710.761 345.314
11200000 207.67 518.373 307.794 726.043 345.092
11300000 208.141 509.673 302.628 717.813 344.308
11400000 205.152 502.199 298.19 707.351 343.887
11500000 211.232 497.197 295.22 708.429 344.046
11600000 215.873 510.676 303.224 726.55 343.838
11700000 208.128 508.406 301.876 716.534 344.72
11800000 216.675 503.435 298.924 720.11 347.677
11900000 215.812 508.898 302.168 724.711 349.17
12000000 215.962 505.558 300.184 721.52 349.444
12100000 215.331 502.087 298.123 717.418 351.102
12200000 207.074 505.211 299.978 712.285 351.628
12300000 206.601 515.308 305.974 721.909 350.49
12400000 208.545 501.381 297.704 709.926 353.337
12500000 210.961 508.965 302.207 719.926 356.252
12600000 211.729 493.946 293.29 705.675 355.848
12700000 214.543 504.132 299.338 718.675 355.682
12800000 214.707 505.611 300.216 720.317 356.42
12900000 213.094 512.495 304.303 725.589 358.184
13000000 221.218 508.338 301.835 729.556 358.609
13100000 212.389 514.233 305.336 726.622 358.478
13200000 214.146 507.271 301.202 721.417 358.998
13300000 214.505 513.875 305.123 728.38 359.242
13400000 216.904 512.779 304.472 729.682 359.763
13500000 208.087 489.911 290.894 697.999 359.591
13600000 211.181 509.598 302.584 720.78 360.778
13700000 203.762 513.703 305.021 717.464 362.658
13800000 212.31 507.249 301.188 719.558 362.708
13900000 216.529 507.18 301.148 723.709 363.888
14000000 210.184 509.662 302.621 719.846 363.786
14100000 215.458 504.991 299.848 720.449 364.499
14200000 212.962 499.604 296.649 712.566 368.946
14300000 216.285 502.505 298.372 718.79 370.901
14400000 210.823 511.937 303.972 722.76 371.001
14500000 209.89 498.897 296.229 708.787 370.531
14600000 222.597 509.36 302.442 731.957 369.662
14700000 209.318 504.827 299.75 714.145 368.574
14800000 198.293 512.619 304.377 710.912 369.416
14900000 204.526 498.126 295.772 702.652 372.332
15000000 215.742 504.423 299.511 720.165 373.371
15100000 225.111 505.708 300.273 730.818 375.243
15200000 230.187 501.603 297.836 731.789 376.979
15300000 221.29 504.286 299.429 725.576 377.622
15400000 215.476 504.836 299.756 720.312 378.125
15500000 214.276 509.674 302.628 723.949 379.701
15600000 229.377 523.42 310.79 752.796 379.885
15700000 215.035 507.618 301.408 722.654 378.737
15800000 222.355 505.546 300.177 727.901 377.421
15900000 217.928 500.297 297.061 718.225 379.654
16000000 217.488 503.845 299.168 721.333 381.321
16100000 219.031 505.406 300.094 724.438 381.053
16200000 235.853 501.056 297.511 736.908 383.058
16300000 214.865 500.028 296.901 714.893 383.384
16400000 228.53 499.483 296.577 728.013 383.276
16500000 218.365 513.287 304.774 731.652 385.348
16600000 221.408 515.691 306.201 737.099 386.402
16700000 214.37 507.502 301.339 721.872 387.162
16800000 222.496 509.096 302.285 731.592 388.542
16900000 216.494 507.657 301.431 724.151 386.339
17000000 214.889 502.727 298.503 717.616 387.464
17100000 216.025 504.096 299.316 720.121 388.052
17200000 226.043 504.367 299.478 730.41 389.962
17300000 230.562 496.607 294.87 727.169 389.514
17400000 225.322 500.482 297.171 725.805 391.582
17500000 215.836 491.114 291.608 706.95 393.843
17600000 215.555 500.102 296.945 715.657 394.121
17700000 222.766 494.297 293.498 717.063 394.065
17800000 219.474 498.58 296.041 718.054 393.357
17900000 209.31 501.897 298.011 711.208 393.786
18000000 220.955 501.868 297.994 722.823 393.483
18100000 221.308 505.39 300.085 726.698 394.188
18200000 224.152 505.276 300.017 729.428 393.856
18300000 209.875 499.852 296.796 709.727 393.902
18400000 222.511 498.722 296.126 721.233 394.291
18500000 218.099 491.193 291.655 709.292 395.368
18600000 205.226 513.95 305.167 719.175 394.89
18700000 221.754 498.785 296.163 720.539 396.264
18800000 226.509 497.223 295.235 723.732 397.749
18900000 221.9 497.485 295.391 719.385 399.269
19000000 227.954 505.074 299.897 733.028 397.882
19100000 229.174 495.684 294.322 724.858 395.881
19200000 224.832 503.099 298.725 727.931 395.602
19300000 234.184 502.77 298.529 736.954 394.892
19400000 223.719 504.318 299.448 728.036 394.337
19500000 231.35 509.27 302.389 740.62 391.782
19600000 226.395 512.091 304.064 738.486 393.118
19700000 230.71 506.198 300.564 736.908 395.231
19800000 225.143 509.047 302.256 734.19 396.639
19900000 225.504 502.084 298.122 727.588 396.184
20000000 228.563 499.396 296.526 727.959 398.093
20100000 230.648 498.518 296.004 729.166 399.7
20200000 220.068 500.99 297.472 721.057 400.275
20300000 223.495 508.451 301.902 731.947 400.312
20400000 228.516 511.611 303.779 740.128 399.438
20500000 222.027 506.074 300.491 728.101 398.649
20600000 217.832 499.395 296.525 717.227 398.327
20700000 217.478 509.368 302.447 726.846 399.16
20800000 217.063 501.122 297.551 718.186 401.717
20900000 223.959 507.319 301.23 731.278 405.012
21000000 217.745 511.636 303.794 729.381 405.582
21100000 217.916 504.103 299.321 722.019 405.094
21200000 216.746 502.559 298.404 719.305 405.937
21300000 224.154 509.673 302.628 733.827 405.414
21400000 210.824 500.806 297.363 711.63 406.124
21500000 220.485 513.411 304.847 733.895 407.152
21600000 227.069 503.717 299.091 730.786 409.967
21700000 219.232 502.103 298.133 721.335 410.099
21800000 218.911 505.119 299.924 724.029 410.139
21900000 224.079 506.797 300.92 730.877 409.745
22000000 214.046 500.983 297.468 715.029 409.441
22100000 222.139 516.475 306.667 738.614 409.601
22200000 223.76 501.926 298.028 725.686 409.384
22300000 216.41 502.614 298.436 719.023 408.628
22400000 226.562 508.814 302.118 735.375 407.127
22500000 211.953 501.923 298.026 713.876 407.575
22600000 221.007 506.846 300.949 727.854 407.483
22700000 222.501 506.792 300.917 729.293 407.191
22800000 228.915 503.716 299.091 732.631 409.61
22900000 224.66 498.132 295.775 722.793 411.012
23000000 218.824 502.925 298.621 721.749 409.636
23100000 215.082 501.705 297.897 716.787 407.238
23200000 225.738 507.437 301.3 733.174 408.421
23300000 228.967 522.873 310.466 751.84 412.937
23400000 213.107 506.315 300.634 719.422 413.333
23500000 214.267 505.244 299.998 719.511 413.314
23600000 217.77 514.823 305.686 732.593 413.451
23700000 219.942 504.877 299.78 724.819 417.385
23800000 220.025 496.277 294.674 716.303 418.138
23900000 222.852 500.869 297.401 723.722 418.023
24000000 228.232 494.068 293.362 722.3 418.618
24100000 231.542 509.413 302.473 740.955 419.672
24200000 210.845 512.775 304.47 723.62 419.854
24300000 221.011 507.549 301.366 728.559 419.976
24400000 222.472 504.662 299.653 727.135 420.473
24500000 220.78 505.036 299.875 725.816 420.196
24600000 219.358 508.101 301.695 727.459 421.484
24700000 224.088 507.87 301.557 731.958 420.049
24800000 220.157 496.907 295.048 717.064 421.511
24900000 226.627 503.513 298.97 730.141 421.537
25000000 219.855 500.628 297.257 720.483 422.948
25100000 225.895 497.982 295.686 723.877 425.175
25200000 232.493 503.867 299.18 736.359 424.922
25300000 228.757 515.917 306.335 744.673 425.225
25400000 221.818 502.607 298.433 724.426 425.374
25500000 233.903 496.44 294.771 730.343 424.083
25600000 211.451 505.229 299.989 716.68 426.253
25700000 220.862 504.116 299.329 724.978 427.407
25800000 222.113 511.856 303.924 733.969 429.139
25900000 229.788 505.834 300.348 735.622 431.412
26000000 221.464 509.066 302.267 730.529 435.29
26100000 221.538 491.976 292.12 713.514 437.239
26200000 221.985 510.644 303.204 732.628 435.881
26300000 223.325 497.731 295.537 721.056 434.239
26400000 208.194 507.11 301.106 715.304 435.248
26500000 213.581 518.035 307.593 731.616 435.91
26600000 226.241 511.874 303.935 738.115 436.353
26700000 218.8 511.438 303.676 730.238 436.903
26800000 236.518 505.029 299.871 741.548 436.223
26900000 223.976 502.817 298.557 726.792 437.686
27000000 221.781 499.656 296.68 721.437 438.712
27100000 225.335 501.317 297.666 726.652 441.204
27200000 219.324 496.22 294.64 715.544 443.302
27300000 219.212 497.935 295.658 717.147 445.141
27400000 217.346 509.057 302.262 726.402 444.627
27500000 219.729 515.232 305.929 734.961 446.024
27600000 216.289 507.277 301.205 723.565 446.198
27700000 227.239 520.628 309.133 747.867 445.732
27800000 214.88 502.024 298.086 716.904 445.329
27900000 216.268 506.346 300.652 722.614 445.314
28000000 226.526 507.405 301.281 733.931 446.8
28100000 226.761 507.681 301.445 734.442 448.327
28200000 232.517 501.391 297.71 733.908 449.331
28300000 230.342 510.546 303.146 740.888 449.066
28400000 232.516 505.772 300.312 738.288 450.638
28500000 232.614 500.047 296.913 732.662 450.612
28600000 226.371 505.183 299.962 731.554 452.167
28700000 229.693 500.914 297.427 730.607 454.366
28800000 234.466 511.317 303.604 745.783 455.856
28900000 224.281 499.577 296.633 723.858 455.936
29000000 234.745 500.991 297.473 735.736 456.431
29100000 237.646 495.271 294.076 732.917 456.496
29200000 231.726 501.926 298.028 733.652 456.536
29300000 239.411 509.236 302.368 748.647 459.388
29400000 237.682 503.742 299.106 741.424 458.484
29500000 234.43 503.67 299.063 738.1 457.66
29600000 226.101 499.828 296.782 725.929 457.823
29700000 232.416 511.285 303.585 743.701 460.252
29800000 226.244 505.022 299.866 731.267 461.716
29900000 222.341 511.66 303.808 734.001 462.3
30000000 218.945 509.349 302.436 728.294 463.701
30100000 232.6 510.098 302.88 742.698 463.272
30200000 222.672 506.682 300.852 729.354 463.641
30300000 229.308 501.823 297.967 731.131 463.006
30400000 240.052 509.094 302.284 749.146 463.218
30500000 230.119 515.472 306.071 745.591 464.877
30600000 236.835 506.903 300.983 743.738 468.067
30700000 230.586 516.301 306.563 746.886 469.47
30800000 228.45 497.386 295.332 725.836 470.201
30900000 222.405 498.759 296.147 721.163 470.971
31000000 224.374 506.249 300.595 730.623 470.879
31100000 233.275 507.242 301.185 740.517 468.568
31200000 234.284 512.689 304.419 746.973 469.613
31300000 225.764 502.784 298.537 728.548 468.416
31400000 227.282 500.463 297.159 727.744 468.761
31500000 227.791 502.596 298.426 730.387 470.778
31600000 235.313 506.397 300.682 741.71 471.447
31700000 225.12 499.866 296.805 724.986 472.386
31800000 229.325 510.535 303.14 739.86 472.478
31900000 233.392 502.859 298.582 736.252 471.475
32000000 242.573 512.765 304.464 755.338 471.751
32100000 233.247 500.249 297.032 733.496 471.344
32200000 231.118 502.297 298.248 733.414 471.426
32300000 242.878 504.876 299.779 747.753 470.573
32400000 231.824 511.908 303.955 743.732 469.292
32500000 239.551 502.837 298.569 742.388 468.737
32600000 234.331 504.288 299.431 738.619 469.22
32700000 230.569 498.137 295.778 728.707 467.716
32800000 229.742 502.611 298.434 732.353 467.67
32900000 242.893 504.29 299.432 747.183 470.226
33000000 229.943 502.35 298.279 732.293 472.733
33100000 233.973 503.45 298.933 737.423 473.896
33200000 228.631 499.158 296.384 727.789 475.294
33300000 226.238 512.092 304.064 738.329 473.245
33400000 222.033 509.75 302.673 731.782 473.493
33500000 221.366 502.152 298.162 723.518 473.669
33600000 218.242 510.206 302.945 728.449 477.187
33700000 228.604 504.559 299.591 733.163 478.811
33800000 215.429 505.328 300.048 720.757 479.215
33900000 224.24 509.956 302.796 734.196 480.806
34000000 219.113 515.384 306.019 734.497 479.145
34100000 223.727 511.897 303.948 735.623 478.847
34200000 207.682 509.865 302.742 717.547 479.695
34300000 220.929 504.269 299.419 725.198 478.777
34400000 219.865 515.937 306.347 735.802 478.375
34500000 217.26 509.997 302.821 727.257 478.584
34600000 223.249 504.843 299.76 728.093 478.558
34700000 214.323 504.259 299.413 718.582 479.61
34800000 214.774 504.839 299.757 719.613 481.533
34900000 219.354 502.068 298.112 721.422 479.934
35000000 224.268 509.873 302.746 734.14 478.804
35100000 230.016 500.64 297.264 730.656 477.278
35200000 231.413 507.262 301.196 738.675 476.022
35300000 219.135 511.955 303.983 731.09 476.722
35400000 221.262 507.77 301.498 729.032 476.163
35500000 222.013 509.255 302.38 731.269 479.261
35600000 230.31 501.837 297.975 732.148 481.53
35700000 217.749 505.28 300.019 723.028 485.387
35800000 226.46 497.219 295.233 723.679 487.085
35900000 224.609 493.401 292.966 718.01 488.943
36000000 215.061 505.425 300.106 720.486 490.824
36100000 226.301 497.751 295.549 724.052 489.82
36200000 231.226 504.669 299.657 735.895 491.388
36300000 218.789 509.452 302.496 728.241 492.679
36400000 220.351 504.151 299.349 724.502 492.494
36500000 223.342 512.236 304.15 735.578 490.111
36600000 225.065 498.034 295.717 723.099 488.968
36700000 231.892 504.44 299.521 736.332 489.283
36800000 219.96 505.323 300.045 725.283 489.874
36900000 224.732 508.475 301.916 733.206 490.998
37000000 223.687 496.369 294.728 720.056 492.205
37100000 223.264 510.379 303.047 733.643 494.378
37200000 217.661 505.237 299.994 722.898 493.717
37300000 226.27 506.053 300.478 732.323 493.55
37400000 215.86 502.737 298.509 718.596 494.198
37500000 224.942 494.936 293.878 719.878 495.381
37600000 224.295 507.312 301.226 731.607 498.098
37700000 223.729 510.267 302.981 733.997 500.339
37800000 217.759 508.009 301.64 725.768 500.216
37900000 225.097 505.508 300.155 730.605 501.609
38000000 217.977 504.275 299.422 722.251 504.212
38100000 233.053 510.492 303.114 743.545 506.016
38200000 226.485 496.645 294.892 723.13 505.456
38300000 216.965 500.947 297.446 717.911 505.894
38400000 219.969 518.573 307.913 738.542 508.437
38500000 219.505 509.494 302.521 728.999 510.233
38600000 218.699 502.52 298.381 721.219 510.464
38700000 226.023 500.38 297.11 726.404 512.065
38800000 223.238 514.224 305.33 737.462 515.09
38900000 223.192 499.039 296.313 722.231 515.121
39000000 222.762 504.67 299.657 727.432 516.588
39100000 211.043 510.816 303.306 721.859 515.466
39200000 219.887 519.845 308.668 739.733 515.698
39300000 215.41 500.357 297.096 715.767 515.014
39400000 193.367 510.13 302.899 703.497 515.53
39500000 208.576 499.613 296.655 708.19 516.767
39600000 200.47 514.62 305.565 715.09 518.59
39700000 218.045 500.624 297.255 718.669 518.468
39800000 224.909 511.489 303.706 736.397 518.762
39900000 224.703 503.688 299.074 728.391 520.072
40000000 223.42 502.617 298.438 726.037 522.207
40100000 217.654 504.419 299.508 722.074 522.121
40200000 228.624 515.904 306.328 744.528 525.114
40300000 225.074 503.649 299.051 728.723 525.706
40400000 221.388 500.667 297.281 722.055 527.219
40500000 223.977 488.79 290.228 712.767 526.85
40600000 225.383 499.266 296.449 724.649 525.869
40700000 214.98 508.214 301.762 723.194 524.435
40800000 234.526 489.652 290.74 724.178 523.608
40900000 225.693 507.745 301.483 733.438 524.009
41000000 230.639 500.662 297.277 731.301 523.312
41100000 228.865 502.791 298.542 731.657 525.115
41200000 225.409 515.639 306.17 741.048 524.969
41300000 232.826 497.26 295.257 730.085 526.827
41400000 240.994 501.839 297.976 742.833 526.596
41500000 235.932 510.211 302.947 746.143 524.615
41600000 225.128 513.938 305.16 739.067 526.323
41700000 229.159 502.443 298.335 731.602 527.096
41800000 225.149 505.773 300.312 730.923 529.805
41900000 228.899 508.91 302.175 737.808 530.894
42000000 231.554 504.789 299.728 736.342 530.956
42100000 241.002 501.808 297.958 742.81 532.778
42200000 220.656 508.27 301.795 728.926 529.447
42300000 228.42 493.197 292.845 721.617 528.634
42400000 224.487 514.729 305.63 739.216 529.332
42500000 229.985 509.099 302.287 739.084 530.106
42600000 211.336 508.982 302.218 720.318 530.453
42700000 221.934 512.702 304.426 734.635 530.365
42800000 208.218 504.209 299.384 712.428 531.948
42900000 220.227 507.402 301.279 727.629 532.843
43000000 224.69 503.27 298.826 727.96 532.426
43100000 230.611 503.831 299.159 734.442 534.744
43200000 220.23 507.219 301.171 727.449 532.886
43300000 227.047 505.71 300.274 732.757 529.401
43400000 225.223 504.853 299.766 730.076 529.475
43500000 231.624 505.632 300.229 737.257 531.204
43600000 232.649 505.06 299.889 737.709 530.996
43700000 227.459 496.258 294.663 723.717 531.328
43800000 226.243 507.812 301.523 734.055 533.815
43900000 224.114 516.671 306.783 740.785 536.737
44000000 224.315 506.158 300.541 730.473 538.804
44100000 227.731 504.051 299.289 731.782 537.774
44200000 234.617 513.481 304.889 748.097 537.284
44300000 231.371 514.077 305.243 745.448 537.903
44400000 234.692 510.703 303.239 745.395 538.047
44500000 226.445 511.304 303.596 737.749 538.855
44600000 227.418 513.067 304.643 740.485 539.159
44700000 220.772 510.754 303.27 731.526 538.97
44800000 230.963 507.849 301.545 738.812 537.034
44900000 235.302 507.207 301.163 742.509 535.828
45000000 230.78 506.994 301.037 737.775 537.055
45100000 234.242 496.099 294.568 730.341 538.781
45200000 231.816 503.032 298.685 734.848 540.939
45300000 233.118 507.465 301.317 740.583 540.04
45400000 237.432 501.514 297.783 738.946 541.577
45500000 229.485 498.829 296.189 728.314 541.961
45600000 236.288 501.982 298.061 738.269 542.282
45700000 234.307 503.243 298.81 737.55 542.109
45800000 239.621 502.56 298.404 742.181 542.596
45900000 230.927 503.311 298.851 734.239 543.692
46000000 224.042 499.889 296.818 723.931 544.429
46100000 217.434 508.853 302.141 726.287 546.633
46200000 222.561 510.124 302.896 732.686 543.605
46300000 219.434 511.593 303.768 731.027 541.773
46400000 215.244 508.699 302.05 723.943 540.979
46500000 226.372 507.532 301.356 733.904 542.167
46600000 212.643 512.47 304.288 725.112 540.528
46700000 217.323 500.883 297.409 718.206 540.293
46800000 227.468 510.773 303.281 738.241 539.484
46900000 226.76 505.762 300.305 732.521 538.613
47000000 227.604 509.622 302.598 737.226 538.994
47100000 226.468 502.276 298.236 728.744 540.337
47200000 229.757 505.116 299.922 734.873 541.88
47300000 222.872 501.597 297.832 724.469 542.604
47400000 222.57 506.031 300.465 728.601 543.466
47500000 214.207 506.3 300.625 720.507 543.426
47600000 212.334 511.87 303.932 724.205 544.335
47700000 219.797 487.521 289.475 707.318 546.425
47800000 232.096 501.156 297.571 733.252 546.986
47900000 235.118 499.244 296.436 734.362 544.078
48000000 230.445 506.971 301.024 737.417 544.676
48100000 229.14 501.859 297.988 730.999 545.352
48200000 226.408 503.885 299.191 730.293 546.167
48300000 224.301 505.267 300.012 729.568 548.917
48400000 223.708 506.877 300.968 730.584 549.389
48500000 231.518 494.305 293.503 725.823 550.283
48600000 231.956 492.465 292.41 724.421 551.387
48700000 222.771 502.1 298.131 724.871 550.894
48800000 226.33 511.045 303.442 737.375 550.231
48900000 220.495 510.43 303.077 730.925 548.5
49000000 216.768 505.251 300.002 722.02 550.572
49100000 227.572 497.684 295.509 725.256 549.907
49200000 229.613 504.229 299.395 733.842 548.583
49300000 221.45 502.469 298.35 723.919 548.326
49400000 220.657 504.16 299.354 724.817 547.899
49500000 214.93 501.904 298.015 716.834 548.219
49600000 222.611 505.509 300.155 728.12 549.619
49700000 222.416 505.942 300.412 728.358 551.35
49800000 220.58 508.244 301.779 728.825 552.062
49900000 227.355 511.512 303.72 738.867 552.327
50000000 220.732 513.108 304.667 733.84 550.839
50100000 221.002 512.382 304.236 733.383 551.7
50200000 204.97 502.372 298.293 707.343 552.881
50300000 203.357 511.33 303.612 714.687 551.777
50400000 206.221 502.521 298.381 708.742 551.003
50500000 207.853 506.85 300.952 714.703 551.828
50600000 205.862 499.235 296.43 705.096 552.816
50700000 213.362 497.611 295.466 710.973 549.943
50800000 208.839 500.772 297.343 709.611 551.124
50900000 217.042 498.3 295.875 715.342 551.485
51000000 222.593 506.608 300.808 729.201 554.511
51100000 225.937 503.939 299.223 729.876 556.582
51200000 235.664 500.147 296.972 735.812 558.27
51300000 222.717 507.958 301.61 730.675 558.837
51400000 230.196 505.731 300.287 735.928 558.591
51500000 226.187 508.727 302.066 734.913 559.167
51600000 233.873 502.58 298.416 736.453 558.314
51700000 223.278 508.602 301.992 731.881 557.792
51800000 230.595 508.511 301.938 739.106 557.529
51900000 226.213 496.678 294.912 722.891 557.236
52000000 238.687 505.326 300.047 744.013 554.517
52100000 229.119 499.857 296.799 728.976 554.339
52200000 228.12 501.606 297.838 729.727 554.555
52300000 222.494 494.456 293.593 716.951 553.623
52400000 230.11 504.162 299.355 734.271 553.426
52500000 227.225 505.708 300.273 732.932 555.61
52600000 229.194 501.077 297.524 730.272 553.997
52700000 227.367 506.826 300.937 734.193 552.481
52800000 230.34 503.291 298.839 733.631 554.67
52900000 230.301 505.939 300.411 736.24 554.085
53000000 235.055 507.28 301.207 742.335 553.474
53100000 227.726 505.732 300.288 733.458 552.867
53200000 221.766 503.655 299.055 725.421 551.368
53300000 224.24 504.225 299.393 728.465 549.384
53400000 234.951 505.918 300.398 740.869 548.651
53500000 230.943 503.049 298.695 733.991 547.876
53600000 228.19 495.74 294.355 723.931 547.778
53700000 212.971 511.509 303.718 724.48 549.951
53800000 215.916 501.201 297.597 717.117 550.106
53900000 214.475 512.847 304.513 727.322 547.729
54000000 214.991 486.266 288.73 701.258 549.126
54100000 220.44 510.504 303.121 730.943 552.14
54200000 216.459 504.047 299.288 720.506 553.689
54300000 218.47 497.689 295.512 716.159 553.282
54400000 219.861 506.007 300.451 725.868 552.475
54500000 219.628 510.029 302.839 729.657 551.638
54600000 222.13 510.894 303.353 733.024 553.941
54700000 213.162 506.817 300.932 719.979 553.535
54800000 218.47 498.804 296.174 717.274 554.304
54900000 220.145 499.381 296.517 719.526 554.94
55000000 222.495 504.671 299.658 727.166 555.57
55100000 213.451 513.272 304.765 726.723 553.345
55200000 215.389 505.128 299.929 720.518 553.487
55300000 214.583 499.402 296.529 713.985 553.674
55400000 208.927 507.076 301.086 716.003 553.877
55500000 213.407 498.82 296.184 712.227 553.312
55600000 213.186 502.144 298.157 715.33 553.373
55700000 213.084 509.081 302.277 722.166 552.933
55800000 211.042 491.505 291.84 702.547 551.938
55900000 215.013 493.176 292.832 708.189 551.799
56000000 211.15 509.32 302.418 720.47 550.513
56100000 204.13 505.281 300.02 709.41 549.369
56200000 210.523 506.499 300.743 717.022 549.013
56300000 197.687 503.395 298.9 701.082 547.247
56400000 209.618 503.712 299.089 713.33 545.416
56500000 220.165 504.544 299.583 724.71 546.369
56600000 219.532 505.659 300.244 725.191 545.815
56700000 216.87 505.139 299.936 722.009 545.624
56800000 214.197 507.928 301.592 722.125 545.064
56900000 215.207 507.912 301.582 723.119 545.965
57000000 210.608 498.412 295.941 709.02 545.839
57100000 222.971 502.118 298.142 725.089 546.066
57200000 215.608 503.443 298.929 719.051 543.736
57300000 206.511 504.429 299.514 710.94 542.614
57400000 211.24 499.138 296.372 710.377 544.294
57500000 211.778 507.275 301.204 719.053 544.579
57600000 231.886 499.082 296.339 730.968 545.56
57700000 217.185 512.466 304.286 729.651 543.894
57800000 219.877 503.869 299.181 723.746 543.417
57900000 214.37 510.745 303.264 725.115 544.769
58000000 217.169 507.152 301.131 724.32 548.059
58100000 210.346 505.514 300.158 715.86 548.303
58200000 212.34 508.047 301.663 720.387 547.583
58300000 216.101 502.992 298.661 719.094 545.377
58400000 223.253 510.19 302.935 733.444 544.905
58500000 225.187 503.886 299.192 729.073 543.823
58600000 219.632 509.675 302.629 729.307 543.025
58700000 225.59 496.084 294.559 721.675 543.741
58800000 224.848 512.584 304.357 737.433 544.231
58900000 225.932 500.462 297.159 726.394 545.631
59000000 245.645 509.444 302.492 755.089 546.728
59100000 242.594 497.322 295.294 739.916 548.214
59200000 216.116 513.791 305.073 729.907 546.299
59300000 220.143 508.206 301.757 728.35 547.348
59400000 210.017 500.08 296.932 710.096 548.199
59500000 223.537 508.462 301.909 731.999 548.713
59600000 225.07 499.832 296.785 724.902 550.076
59700000 229.269 499.184 296.4 728.452 551.424
59800000 212.664 513.73 305.037 726.394 552.896
59900000 229.668 497.029 295.12 726.697 553.973
60000000 224.752 500.987 297.47 725.739 553.267
60100000 219.984 511.94 303.974 731.924 552.962
60200000 221.826 505.769 300.31 727.595 553.509
60300000 231.358 508.267 301.793 739.625 553.066
60400000 236.702 502.248 298.219 738.95 553.562
60500000 235.595 516.026 306.4 751.621 554.06
60600000 224.941 511.072 303.458 736.012 553.588
60700000 232.77 502.446 298.337 735.216 553.29
60800000 235.152 496.343 294.713 731.495 552.083
60900000 235.95 511.941 303.974 747.891 550.395
61000000 233.397 510.099 302.88 743.495 548.483
61100000 236.247 498.682 296.102 734.929 549.233
61200000 228.527 510.463 303.097 738.99 551.03
61300000 224.805 504.351 299.468 729.155 551.776
61400000 221.362 505.896 300.385 727.258 553.134
61500000 229.53 507.075 301.085 736.605 555.286
61600000 223.529 505.224 299.986 728.753 555.397
61700000 230.381 503.856 299.174 734.237 556.415
61800000 229.45 506.904 300.983 736.353 556.292
61900000 231.011 501.255 297.63 732.266 556.621
62000000 227.035 508.324 301.827 735.36 555.866
62100000 236.66 506.454 300.717 743.114 554.889
62200000 235.701 507.518 301.348 743.22 555.873
62300000 238.252 508.173 301.737 746.426 557.139
62400000 232.29 511.226 303.55 743.516 556.689
62500000 222.09 496.816 294.994 718.906 557.925
62600000 226.291 507.281 301.208 733.573 560.212
62700000 220.681 498.018 295.707 718.699 561.623
62800000 218.676 500.019 296.896 718.695 563.055
62900000 224.311 497.501 295.4 721.812 562.137
63000000 228.483 501.483 297.765 729.966 560.235
63100000 222.392 498.08 295.744 720.472 561.159
63200000 221.393 517.045 307.005 738.438 562.031
63300000 227.941 504.817 299.744 732.758 563.47
63400000 230.082 515.579 306.135 745.662 565.352
63500000 232.051 503.54 298.986 735.591 566.482
63600000 224.099 510.256 302.974 734.355 567.457
63700000 221.855 498.093 295.752 719.948 566.435
63800000 218.736 502.35 298.279 721.086 566.94
63900000 234.995 500.898 297.417 735.893 566.402
64000000 234.035 501.97 298.054 736.006 566.387
64100000 227.388 509.589 302.578 736.977 567.795
64200000 233.984 500.727 297.316 734.711 566.95
64300000 231.416 502.701 298.488 734.116 565.157
64400000 238.753 505.995 300.444 744.748 563.514
64500000 232.619 501.36 297.692 733.979 565.228
64600000 235.387 508.401 301.873 743.788 566.008
64700000 224.154 507.779 301.503 731.933 567.336
64800000 232.407 500.538 297.204 732.945 567.489
64900000 228.872 513.121 304.675 741.993 566.565
65000000 237.315 508.759 302.085 746.075 565.753
65100000 230.472 502.066 298.111 732.538 565.508
65200000 220.857 494.117 293.391 714.974 566.3
65300000 226.718 505.263 300.009 731.981 565.667
65400000 223.622 507.466 301.317 731.087 568.003
65500000 231.429 497.67 295.501 729.099 568.976
65600000 238.618 501.291 297.651 739.909 569.556
65700000 228.688 495.609 294.277 724.297 570.426
65800000 230.589 499.794 296.762 730.383 572.672
65900000 231.847 495.245 294.061 727.092 574.982
66000000 230.732 509.89 302.757 740.622 572.846
66100000 235.099 505.796 300.326 740.895 571.633
66200000 238.57 506.769 300.903 745.339 570.476
66300000 233.557 502.792 298.542 736.35 573.253
66400000 229.655 504.416 299.506 734.071 573.596
66500000 232.982 514.734 305.633 747.717 574.808
66600000 225.481 507.895 301.572 733.375 576.654
66700000 232.054 507.373 301.262 739.428 575.368
66800000 224.769 509.657 302.618 734.425 575.964
66900000 233.098 502.037 298.094 735.135 576.84
67000000 214.784 505.404 300.093 720.188 578.686
67100000 227.433 503.842 299.166 731.275 579.792
67200000 227.989 510.164 302.919 738.153 580.581
67300000 222.547 488.853 290.266 711.4 581.477
67400000 231.842 506.05 300.476 737.891 584.23
67500000 234.708 507.83 301.533 742.538 585.885
67600000 218.882 512.518 304.317 731.399 586.123
67700000 227.351 497.863 295.615 725.213 586.497
67800000 219.296 508.168 301.734 727.464 586.312
67900000 228.403 501.853 297.984 730.256 586.392
68000000 228.111 508.533 301.951 736.644 586.931
68100000 228.141 515.679 306.194 743.82 587.92
68200000 235.073 504.611 299.622 739.684 586.188
68300000 220.481 504.394 299.493 724.875 587.027
68400000 231.933 516.71 306.806 748.643 587.599
68500000 228.509 500.219 297.015 728.728 588.495
68600000 226.092 511.111 303.482 737.203 589.271
68700000 221.054 498.431 295.952 719.484 589.812
68800000 220.799 505.23 299.99 726.03 589.775
68900000 221.815 510.77 303.279 732.586 590.8
69000000 227.21 503.587 299.014 730.797 592.363
69100000 216.397 502.242 298.216 718.639 592.711
69200000 223.498 505.669 300.251 729.168 592.305
69300000 228.671 506.328 300.641 734.998 592.197
69400000 217.248 501.513 297.783 718.762 591.408
69500000 236.152 494.906 293.86 731.058 592.796
69600000 235.977 519.471 308.446 755.448 595.496
69700000 236.539 505.841 300.352 742.38 599.647
69800000 228.531 501.857 297.987 730.388 601.683
69900000 217.003 504.948 299.823 721.951 602.343
70000000 232.353 500.975 297.463 733.328 602.423
70100000 228.414 507.859 301.551 736.273 604.916
70200000 230.242 504.426 299.512 734.668 606.951
70300000 236.572 499.961 296.861 736.533 606.846
70400000 222.029 513.245 304.749 735.274 605.778
70500000 211.655 513.391 304.835 725.046 604.141
70600000 222.303 501.384 297.706 723.687 603.636
70700000 220.94 501.488 297.768 722.428 602.13
70800000 216.198 512.883 304.534 729.081 601.33
70900000 220.358 514.166 305.296 734.524 601.251
71000000 217.398 511.23 303.553 728.628 599.531
71100000 231.508 517.434 307.236 748.942 600.303
71200000 226.65 506.269 300.607 732.919 600.127
71300000 232.209 503.657 299.056 735.867 599.293
71400000 221.792 495.508 294.217 717.299 600.383
71500000 223.325 497.644 295.485 720.969 600.665
71600000 227.945 510.564 303.157 738.508 601.542
71700000 217.084 503.576 299.007 720.66 602.541
71800000 218.268 505.311 300.038 723.579 602.092
71900000 221.428 503.84 299.165 725.269 602.965
72000000 220.594 508.066 301.674 728.66 604.447
72100000 200.918 502.829 298.564 703.747 604.608
72200000 214.031 507.833 301.535 721.864 605.854
72300000 221.008 509.506 302.529 730.514 606.467
72400000 204.775 505.929 300.405 710.704 608.152
72500000 208.65 510.921 303.369 719.572 608.5
72600000 223.405 498.153 295.788 721.559 611.27
72700000 230.035 506.607 300.808 736.642 612.708
72800000 217.755 503.466 298.942 721.22 614.068
72900000 219.607 503.708 299.086 723.314 615.533
73000000 217.532 503.003 298.667 720.535 615.266
73100000 216.36 506.29 300.619 722.651 616.885
73200000 216.849 509.363 302.444 726.213 617.455
73300000 218.253 498.926 296.246 717.178 618.511
73400000 222.37 514.247 305.344 736.617 617.408
73500000 217.054 498.489 295.987 715.543 616.311
73600000 224.418 509.695 302.641 734.113 616.276
73700000 223.465 509.55 302.555 733.015 617.72
73800000 218.984 498.227 295.832 717.211 620.087
73900000 226.443 506.987 301.033 733.43 623.44
74000000 228.73 494.55 293.648 723.28 622.562
74100000 225.303 511.969 303.991 737.273 622.191
74200000 222.372 499.35 296.498 721.722 623.161
74300000 229.792 503.77 299.123 733.562 623.938
74400000 215.976 501.887 298.005 717.863 622.28
74500000 215.88 496.476 294.792 712.356 622.951
74600000 219.853 514.443 305.46 734.296 623.037
74700000 222.606 513.275 304.766 735.88 621.373
74800000 221.009 506.558 300.778 727.567 623.335
74900000 218.92 506.698 300.862 725.618 624.805
75000000 227.266 505.843 300.354 733.109 626.018
75100000 219.408 510.015 302.831 729.423 625.094
75200000 226.555 497.219 295.233 723.775 626.002
75300000 220.564 511.626 303.788 732.19 627.705
75400000 227.152 501.766 297.933 728.918 629.893
75500000 222.557 504.218 299.389 726.776 631.182
75600000 230.762 504.624 299.63 735.387 631.985
75700000 219.29 505.351 300.061 724.641 630.988
75800000 226.341 503.175 298.769 729.516 631.545
75900000 232.732 499.638 296.669 732.37 633.411
76000000 221.985 496.57 294.848 718.555 634.916
76100000 221.746 504.876 299.78 726.623 633.283
76200000 228.138 509.744 302.67 737.882 631.428
76300000 217.724 494.373 293.543 712.097 632.409
76400000 228.568 497.829 295.595 726.397 634.643
76500000 224.714 493.103 292.789 717.818 634.189
76600000 225.695 505.102 299.914 730.796 633.837
76700000 236.434 502.601 298.429 739.035 634.978
76800000 223.104 512.366 304.227 735.471 636.668
76900000 227.845 509.016 302.238 736.862 638.167
77000000 225.714 506.023 300.461 731.738 636.829
77100000 234.262 501.424 297.73 735.686 637.368
77200000 232.11 493.949 293.291 726.059 637.408
77300000 228.458 514.215 305.325 742.673 637.182
77400000 218.2 511.057 303.449 729.256 637.298
77500000 231.939 509.588 302.577 741.527 638.494
77600000 224.626 497.711 295.525 722.337 640.318
77700000 234.316 503.316 298.853 737.632 642.871
77800000 247.862 497.897 295.636 745.759 644.965
77900000 246.153 509.085 302.279 755.238 645.297
78000000 242.346 504.957 299.828 747.303 644.625
78100000 238.931 504.793 299.73 743.724 644.806
78200000 244.139 510.774 303.281 754.913 643.778
78300000 234.783 501.316 297.666 736.099 644.084
78400000 240.794 505.473 300.134 746.267 643.2
78500000 241.642 493.525 293.04 735.167 643.017
78600000 225.092 505.642 300.234 730.734 643.95
78700000 225.311 510.928 303.373 736.24 645.381
78800000 223.992 504.794 299.731 728.786 645.363
78900000 229.503 492.5 292.431 722.003 645.794
79000000 223.82 502.949 298.635 726.769 647.036
79100000 226.255 506.708 300.867 732.963 646.652
79200000 231.457 496.734 294.945 728.191 646.773
79300000 233.192 505.548 300.179 738.74 646.951
79400000 227.039 504.952 299.824 731.99 648.457
79500000 222.814 512.717 304.436 735.532 651.565
79600000 220.466 508.91 302.175 729.377 650.793
79700000 220.389 509.679 302.631 730.068 650.265
79800000 213.11 498.259 295.851 711.369 650.179
79900000 207.289 506.488 300.737 713.776 650.079
80000000 219.334 505.053 299.885 724.387 649.547
80100000 217.26 515.983 306.375 733.243 649.416
80200000 225.474 501.026 297.494 726.5 647.728
80300000 217.78 509.034 302.248 726.813 649.578
80400000 221.894 506.761 300.899 728.655 650.5
80500000 220.936 506.085 300.497 727.02 648.28
80600000 217.931 513.545 304.927 731.476 646.537
80700000 228.253 511.726 303.847 739.979 647.569
80800000 217.332 511.955 303.983 729.287 646.722
80900000 224.461 489.882 290.877 714.344 645.64
81000000 224.548 507.863 301.553 732.411 644.573
81100000 240.516 500.272 297.046 740.788 646.612
81200000 232.329 506.715 300.871 739.044 646.343
81300000 226.538 510.393 303.056 736.932 645.044
81400000 224.682 500.136 296.965 724.818 646.434
81500000 228.254 508.16 301.73 736.414 648.317
81600000 225.982 495.622 294.285 721.605 652.225
81700000 222.49 508.689 302.043 731.179 652.683
81800000 214.767 500.564 297.219 715.331 652.578
81900000 226.176 510.818 303.307 736.993 652.261
82000000 233.682 504.883 299.784 738.565 653.817
82100000 227.068 503.548 298.991 730.616 655.168
82200000 230.843 506.283 300.615 737.127 655.482
82300000 228.123 502.309 298.255 730.432 656.401
82400000 223.095 502.163 298.169 725.258 657.83
82500000 220.408 505.104 299.915 725.512 657.354
82600000 231.088 507.208 301.164 738.296 660.107
82700000 223.975 514.142 305.282 738.117 662.485
82800000 227.553 497.846 295.605 725.399 662.632
82900000 226.755 505.904 300.39 732.659 659.702
83000000 230.566 495.084 293.965 725.65 658.865
83100000 221.31 511.144 303.501 732.454 656.745
83200000 233.002 492.746 292.577 725.748 656.267
83300000 232.581 488.887 290.286 721.468 658.992
83400000 223.676 510.672 303.221 734.348 658.658
83500000 221.49 503.375 298.888 724.865 660.349
83600000 220.348 494.84 293.821 715.188 661.435
83700000 224.426 504.637 299.637 729.062 664.393
83800000 214.382 506.059 300.482 720.44 664.913
83900000 232.064 505.327 300.047 737.391 665.57
84000000 224.59 507.483 301.328 732.073 663.481
84100000 234.494 513.39 304.835 747.883 662.29
84200000 226.528 505.26 300.008 731.788 661.767
84300000 217.238 502.269 298.231 719.507 662.119
84400000 220.681 503.928 299.217 724.61 662.468
84500000 218.675 508.532 301.95 727.207 664.977
84600000 220.359 501.855 297.986 722.214 665.546
84700000 231.447 504.013 299.267 735.461 666.354
84800000 226.674 503.503 298.964 730.177 666.786
84900000 227.293 502.641 298.453 729.934 664.25
85000000 223.005 515.121 305.863 738.126 662.198
85100000 225.11 504.23 299.396 729.34 664.304
85200000 226.417 500.716 297.31 727.133 665.392
85300000 224.533 501.15 297.567 725.683 667.81
85400000 215.435 509.161 302.324 724.596 667.845
85500000 219.262 503.747 299.109 723.008 668.062
85600000 235.555 500.822 297.372 736.376 669.876
85700000 227.802 509.245 302.374 737.048 670.676
85800000 224.345 501.999 298.071 726.344 670.769
85900000 210.063 494.918 293.867 704.981 671.156
86000000 230.148 506.975 301.026 737.123 671.39
86100000 224.292 510.452 303.091 734.745 670.83
86200000 221.27 504.885 299.785 726.155 671.954
86300000 219.004 502.302 298.251 721.307 672.045
86400000 225.59 506.415 300.693 732.005 672.905
86500000 223.109 504.586 299.607 727.695 672.72
86600000 224.495 508.998 302.227 733.493 670.105
86700000 215.647 502.537 298.391 718.185 668.189
86800000 212.696 502.125 298.146 714.822 667.987
86900000 226.326 506.58 300.791 732.906 668.515
87000000 221.365 499.255 296.442 720.62 668.998
87100000 217.381 509.854 302.735 727.235 668.172
87200000 218.628 506.273 300.609 724.901 668.283
87300000 225.167 504.87 299.776 730.037 668.495
87400000 218.619 499.742 296.731 718.36 666.016
87500000 224.527 494.159 293.416 718.686 667.064
87600000 211.251 510.529 303.136 721.781 665.919
87700000 227.507 506.608 300.808 734.115 666.381
87800000 231.031 499.123 296.363 730.153 667.972
87900000 221.885 504.356 299.471 726.242 672.476
88000000 223.492 504.553 299.588 728.045 674.726
88100000 226.265 499.025 296.305 725.29 674.954
88200000 220.799 503.497 298.96 724.295 673.767
88300000 214.428 508.49 301.925 722.918 672.655
88400000 229.04 498.168 295.796 727.208 673.371
88500000 213.066 508.144 301.72 721.21 672.095
88600000 213.722 505.472 300.134 719.194 673.143
88700000 225.816 495.338 294.116 721.154 673.933
88800000 220.006 506.913 300.989 726.919 673.027
88900000 223.153 511.129 303.492 734.282 672.158
89000000 227.663 504.026 299.275 731.689 671.148
89100000 216.23 504.287 299.43 720.518 670.175
89200000 226.407 508.989 302.222 735.396 670.48
89300000 222.003 502.528 298.385 724.531 669.961
89400000 223.254 503.665 299.061 726.919 669.409
89500000 231.993 506.877 300.968 738.871 668.006
89600000 229.145 510.672 303.221 739.817 669.336
89700000 222.035 503.734 299.102 725.769 669.958
89800000 221.761 515.933 306.345 737.693 671.53
89900000 216.366 516.328 306.58 732.694 671.897
90000000 221.8 514.306 305.379 736.105 672.992
90100000 227.252 500.685 297.291 727.937 671.879
90200000 221.133 506.123 300.52 727.257 673.916
90300000 216.593 511.135 303.496 727.728 673.753
90400000 221.204 502.661 298.464 723.865 674.017
90500000 220.316 503.702 299.082 724.017 674.031
90600000 225.059 513.732 305.038 738.791 674.079
90700000 222.786 502.481 298.358 725.267 672.946
90800000 229.68 491.315 291.728 720.996 671.53
90900000 225.277 496.679 294.912 721.956 669.054
91000000 232.321 500.644 297.267 732.965 668.108
91100000 235.595 501.72 297.906 737.315 667.677
91200000 234.841 513.239 304.745 748.08 669.997
91300000 243.395 512.805 304.488 756.2 670.104
91400000 243.572 505.225 299.987 748.797 669.861
91500000 220.686 499.125 296.365 719.811 670.069
91600000 224.404 508.927 302.185 733.331 671.194
91700000 227.612 501.757 297.928 729.369 671.394
91800000 220.343 506.732 300.881 727.075 669.446
91900000 221.269 500.364 297.1 721.633 667.838
92000000 224.261 506.166 300.546 730.427 667.231
92100000 223.469 498.913 296.239 722.382 667.096
92200000 219.446 503.007 298.67 722.453 665.168
92300000 214.842 511.117 303.485 725.959 662.832
92400000 217.748 516.184 306.494 733.932 664.31
92500000 216.873 494.934 293.876 711.807 661.974
92600000 217.411 508.29 301.807 725.701 662.919
92700000 228.228 499.683 296.696 727.911 664.155
92800000 229.191 510.042 302.847 739.234 663.915
92900000 229.546 506.225 300.581 735.771 664.362
93000000 234.839 496.96 295.079 731.799 664.405
93100000 230.181 513.426 304.856 743.608 664.605
93200000 213.873 494.789 293.79 708.662 664.488
93300000 211.519 508.2 301.753 719.719 663.8
93400000 217.073 513.155 304.695 730.228 664.126
93500000 217.653 495.791 294.385 713.443 666.24
93600000 213.709 499.988 296.877 713.697 665.966
93700000 218.736 500.472 297.164 719.208 665.953
93800000 229.961 506.93 300.999 736.891 666.224
93900000 217.69 500.692 297.295 718.382 665.327
94000000 224.374 509.792 302.698 734.165 663.658
94100000 221.03 506.656 300.836 727.686 663.973
94200000 231.079 510.156 302.914 741.235 663.88
94300000 234.107 498.742 296.137 732.849 663.32
94400000 227.367 508.392 301.867 735.759 663.402
94500000 220.701 496.573 294.85 717.274 662.615
94600000 214.786 501.559 297.81 716.344 661.964
94700000 217.845 500.475 297.166 718.32 663.32
94800000 211.57 501.67 297.876 713.241 665.022
94900000 208.656 502.712 298.495 711.368 665.917
95000000 201.44 503.892 299.195 705.332 667.24
95100000 211.338 509.799 302.702 721.137 666.479
95200000 218.016 501.711 297.9 719.726 665.44
95300000 215.625 510.653 303.21 726.278 665.982
95400000 214.084 506.982 301.03 721.066 668.863
95500000 208.224 498.821 296.184 707.045 670.689
95600000 221.326 504.884 299.784 726.21 670.815
95700000 224.622 501.56 297.81 726.182 669.13
95800000 216.098 508.545 301.958 724.642 670.323
95900000 222.952 504.267 299.418 727.22 669.93
96000000 224.629 490.457 291.218 715.086 670.073
96100000 227.455 502.607 298.433 730.062 670.284
96200000 214.913 498.42 295.946 713.333 671.139
96300000 224.235 510.529 303.136 734.763 672.67
96400000 223.302 499.446 296.555 722.748 672.721
96500000 227.201 504.76 299.711 731.961 673.064
96600000 226.896 514.534 305.514 741.43 671.75
96700000 229.24 521.174 309.457 750.414 669.494
96800000 228.649 500.011 296.891 728.66 669.025
96900000 219.743 508.105 301.697 727.848 668.562
97000000 223.72 506.574 300.788 730.294 671.832
97100000 224.15 500.624 297.255 724.773 673.67
97200000 219.697 503.736 299.102 723.433 674.051
97300000 219.713 504.351 299.468 724.064 676.865
97400000 228.706 502.845 298.574 731.551 678.987
97500000 224.877 502.085 298.122 726.962 679.727
97600000 213.377 506.155 300.539 719.532 681.298
97700000 216.973 505.461 300.127 722.434 681.763
97800000 213.214 505.317 300.041 718.531 682.068
97900000 220.04 509.447 302.494 729.487 683.151
98000000 221.461 499.266 296.449 720.727 682.566
98100000 224.295 511.14 303.499 735.435 683.138
98200000 223.191 501.797 297.952 724.988 683.122
98300000 220.463 504.647 299.644 725.11 683.648
98400000 225.205 509.675 302.629 734.88 685.222
98500000 217.999 496.408 294.752 714.407 685.721
98600000 227.023 502.168 298.172 729.191 686.45
98700000 221.761 508.79 302.104 730.551 685.591
98800000 216.046 505.597 300.208 721.643 687.152
98900000 223.839 505.018 299.864 728.857 687.134
99000000 227.457 507.711 301.463 735.169 686.188
99100000 240.196 507.183 301.149 747.379 687.308
99200000 239.15 503.396 298.901 742.547 687.752
99300000 229.408 519.007 308.17 748.416 688.374
99400000 222.967 507.054 301.073 730.021 686.451
99500000 234.558 507.552 301.369 742.111 686.601
99600000 229.012 495.135 293.995 724.146 684.858
99700000 223.796 498.62 296.065 722.416 684.957
99800000 219.575 507.445 301.305 727.02 685.153
99900000 217.435 507.692 301.452 725.127 685.802
100000000 214.677 516.234 306.524 730.911 688.299
100100000 228.923 498.469 295.975 727.392 689.376
100200000 232.016 499.941 296.849 731.957 687.656
100300000 229.362 504.4 299.497 733.762 688.126
100400000 210.282 506.769 300.903 717.051 687.698
100500000 218.526 493.796 293.201 712.322 686.48
100600000 210.607 509.517 302.535 720.124 685.422
100700000 216.543 509.327 302.422 725.87 684.45
100800000 205.47 509.812 302.711 715.282 686.802
100900000 212.031 499.976 296.87 712.007 687.067
101000000 216.716 505.467 300.131 722.183 685.246
101100000 219.375 504.319 299.449 723.694 685.529
101200000 205.434 515.317 305.979 720.751 684.633
101300000 212.614 496.365 294.726 708.979 686.048
101400000 218.445 497.789 295.572 716.234 688.68
101500000 226.538 502.12 298.143 728.657 689.133
101600000 231.818 501.493 297.771 733.311 689.126
101700000 222.426 508.359 301.847 730.784 690.3
101800000 221.267 497.504 295.402 718.771 689.663
101900000 222.43 502.301 298.251 724.731 688.312
102000000 225.963 504.772 299.718 730.735 689.277
102100000 225.495 509.626 302.6 735.121 689.311
102200000 227.301 500.338 297.085 727.639 689.627
102300000 219.821 501.552 297.806 721.373 687.731
102400000 230.335 500.676 297.286 731.011 685.725
102500000 224.204 494.91 293.862 719.114 685.173
102600000 225.236 509.561 302.561 734.797 684.737
102700000 222.321 507.999 301.634 730.32 683.205
102800000 237.613 499.905 296.828 737.518 683.023
102900000 221.293 510.194 302.937 731.487 682.594
103000000 233.203 492.621 292.503 725.824 683.272
103100000 237.85 509.648 302.613 747.498 682.459
103200000 225.741 514.626 305.569 740.367 680.272
103300000 211.629 507.201 301.16 718.83 680.705
103400000 230.966 512.552 304.337 743.518 680.527
103500000 222.104 504.683 299.665 726.787 681.749
103600000 228.762 505.526 300.165 734.288 681.411
103700000 230.031 506.406 300.688 736.437 680.875
103800000 230.145 512.323 304.202 742.468 680.694
103900000 232.172 507.138 301.122 739.31 683.745
104000000 229.407 509.174 302.332 738.581 683.311
104100000 228.314 509.845 302.73 738.159 685.373
104200000 232.305 505.911 300.394 738.216 687.164
104300000 232.34 508.578 301.978 740.918 685.539
104400000 227.813 503.402 298.904 731.215 686.284
104500000 224.137 500.747 297.328 724.885 689.134
104600000 229.163 513.005 304.606 742.168 687.955
104700000 224.816 510.156 302.915 734.972 687.477
104800000 232.089 511.165 303.514 743.254 686.874
104900000 231.95 510.434 303.08 742.384 687.875
105000000 233.067 498.717 296.123 731.785 689.658
