# Time-averaged data for fix favg
# TimeStep v_vpe v_vke v_vT v_vE v_vRg
5100000 -16.3447 68.3418 305.697 51.9971 72.4707
5200000 -19.0581 67.5347 302.087 48.4766 77.5843
5300000 -15.2113 65.9782 295.124 50.7669 81.724
5400000 -24.049 70.2421 314.197 46.193 84.1964
5500000 -17.0063 66.8243 298.909 49.8181 80.8667
5600000 -18.7392 65.109 291.236 46.3698 77.0812
5700000 -19.6875 64.7561 289.658 45.0686 79.273
5800000 -15.5089 69.4946 310.853 53.9857 77.8705
5900000 -18.4621 65.5809 293.347 47.1188 77.841
6000000 -22.0159 68.2755 305.4 46.2596 78.3203
6100000 -20.2904 71.3162 319.001 51.0258 82.6411
6200000 -14.9934 68.0344 304.322 53.041 81.1943
6300000 -19.0837 69.2971 309.97 50.2134 79.0492
6400000 -19.6216 71.2226 318.583 51.6009 77.1332
6500000 -17.4938 66.5183 297.54 49.0245 71.9569
6600000 -24.809 67.0547 299.94 42.2458 69.9427
6700000 -19.9269 70.704 316.263 50.7771 72.2658
6800000 -10.0369 66.5441 297.655 56.5072 78.5738
6900000 -11.757 67.9955 304.148 56.2385 83.1751
7000000 -13.8809 67.4755 301.822 53.5946 87.7291
7100000 -20.5594 66.7361 298.515 46.1767 88.1354
7200000 -14.9637 69.9852 313.048 55.0215 90.0331
7300000 -15.7933 68.6928 307.267 52.8995 86.6194
7400000 -18.5474 66.0885 295.618 47.5411 84.7022
7500000 -28.1586 64.5686 288.819 36.41 88.3804
7600000 -36.385 65.4466 292.746 29.0615 88.8544
7700000 -29.2157 66.5264 297.577 37.3107 94.2357
7800000 -25.5451 64.3457 287.822 38.8006 86.7192
7900000 -31.4476 64.0115 286.327 32.5639 84.7818
8000000 -36.3257 66.316 296.635 29.9903 79.7527
8100000 -37.3445 65.9451 294.976 28.6007 81.7027
8200000 -32.3621 65.8393 294.503 33.4772 83.1851
8300000 -35.273 69.2368 309.7 33.9638 85.6686
8400000 -30.0428 66.9546 299.492 36.9118 84.2536
8500000 -30.745 66.6264 298.024 35.8815 83.1891
8600000 -26.0926 67.5961 302.361 41.5035 84.2757
8700000 -15.7652 67.2537 300.83 51.4886 85.9575
8800000 -17.6764 66.5002 297.459 48.8237 84.8073
8900000 -9.93418 67.4951 301.91 57.5609 87.5476
9000000 -10.3104 69.6952 311.75 59.3848 90.1235
9100000 -21.745 67.7445 303.025 45.9995 88.5706
9200000 -20.3757 65.2263 291.761 44.8506 84.374
9300000 -14.1824 65.2685 291.95 51.0861 86.5007
9400000 -9.84343 66.6757 298.244 56.8323 85.9123
9500000 -17.1511 66.438 297.181 49.2869 89.5426
9600000 -18.1675 67.1751 300.478 49.0076 94.6541
9700000 -15.6677 62.5737 279.896 46.9059 92.9882
9800000 -19.3488 69.2642 309.823 49.9154 94.2813
9900000 -8.2294 72.1353 322.665 63.9059 90.7619
10000000 -6.75707 63.8683 285.687 57.1113 91.4276
10100000 -13.9993 64.5968 288.945 50.5975 95.5457
10200000 -15.3786 66.3959 296.993 51.0174 98.6744
10300000 -17.4841 64.663 289.241 47.179 100.335
10400000 -12.6299 66.9697 299.559 54.3398 109.599
10500000 -21.3462 67.7092 302.867 46.3631 113.149
10600000 -14.4705 66.9935 299.666 52.5229 112.369
10700000 -8.21897 66.7841 298.729 58.5652 114.388
10800000 -8.46081 68.4591 306.221 59.9983 118.954
10900000 -2.47771 64.8412 290.038 62.3635 122.823
11000000 -6.67954 67.652 302.611 60.9724 121.382
11100000 -6.86897 63.3722 283.467 56.5032 119.37
11200000 -9.73817 67.1615 300.417 57.4233 122.524
11300000 -8.79022 65.4588 292.801 56.6686 126.885
11400000 -6.00295 68.4347 306.112 62.4318 130.366
11500000 -4.66738 66.9382 299.418 62.2708 129.677
11600000 -5.58595 69.4365 310.593 63.8505 132.032
11700000 -10.3652 66.2785 296.468 55.9133 132.911
11800000 -15.1765 67.4441 301.681 52.2676 127.82
11900000 -12.1462 65.9077 294.809 53.7615 123.006
12000000 -19.8671 65.6679 293.736 45.8007 119.335
12100000 -22.5672 69.042 308.829 46.4748 114.618
12200000 -18.8287 69.2011 309.54 50.3724 115.936
12300000 -19.1744 68.8197 307.834 49.6453 107.739
12400000 -11.6689 64.9758 290.64 53.3068 103.353
12500000 -7.63201 69.6153 311.393 61.9833 104.204
12600000 -14.4356 68.2092 305.104 53.7736 109.032
12700000 -17.0735 62.8576 281.166 45.7842 104.447
12800000 -16.6823 68.3024 305.521 51.6201 103.769
12900000 -21.9125 68.3506 305.736 46.4381 100.294
13000000 -19.6152 68.2809 305.424 48.6657 99.8585
13100000 -14.7119 65.9267 294.894 51.2148 96.2977
13200000 -21.6826 66.3495 296.785 44.6668 101.12
13300000 -19.8064 66.864 299.086 47.0576 106.755
13400000 -16.2927 64.8797 290.21 48.587 108.639
13500000 -23.2485 67.0868 300.083 43.8383 106.915
13600000 -19.2284 67.1444 300.341 47.9161 110.03
13700000 -18.8631 67.4073 301.517 48.5443 115.029
13800000 -10.3313 65.3636 292.375 55.0323 113.328
13900000 -12.5432 68.2382 305.233 55.695 113.593
14000000 -12.7694 68.6271 306.973 55.8577 109.865
14100000 -5.69169 69.7655 312.065 64.0738 116.214
14200000 -22.3254 67.5152 301.999 45.1898 115.696
14300000 -19.9405 66.8492 299.02 46.9087 114.243
14400000 -18.5009 67.1656 300.435 48.6647 120.819
14500000 -16.2371 67.3923 301.45 51.1552 127.371
14600000 -10.9638 65.3702 292.405 54.4065 127.368
14700000 -19.5219 65.7515 294.11 46.2296 125.131
14800000 -12.5454 64.4366 288.228 51.8911 125.276
14900000 -19.3299 61.3972 274.633 42.0673 123.41
15000000 -15.8733 70.3316 314.597 54.4583 126.458
15100000 -11.8217 64.4058 288.091 52.5841 129.091
15200000 -14.9911 70.431 315.042 55.4399 129.64
15300000 -18.5186 67.6545 302.622 49.1359 128.768
15400000 -27.6848 71.5575 320.081 43.8726 127.47
15500000 -25.6141 70.7893 316.644 45.1751 128.3
15600000 -21.9981 65.5739 293.316 43.5759 129.22
15700000 -27.5666 68.0914 304.577 40.5248 127.635
15800000 -32.2432 64.9063 290.329 32.6631 129.311
15900000 -33.4477 68.9454 308.397 35.4977 134.137
16000000 -31.3243 69.416 310.502 38.0916 130.87
16100000 -29.0081 64.2749 287.505 35.2669 131.545
16200000 -27.6916 65.2919 292.055 37.6004 132.738
16300000 -37.5923 67.5 301.931 29.9077 133.887
16400000 -20.2606 68.1402 304.795 47.8796 141.343
16500000 -29.0632 67.6676 302.681 38.6045 138.685
16600000 -27.4476 71.6025 320.282 44.1549 135.461
16700000 -29.0464 67.2383 300.761 38.1919 136.22
16800000 -24.4569 69.5198 310.966 45.0629 140.109
16900000 -26.9911 72.4415 324.035 45.4504 138.598
17000000 -21.9063 67.8352 303.431 45.9289 145.581
17100000 -22.8807 65.5851 293.366 42.7045 144.569
17200000 -18.8511 69.3096 310.026 50.4585 145.326
17300000 -19.8197 69.502 310.886 49.6823 151.114
17400000 -22.86 67.607 302.41 44.7469 157.539
17500000 -19.6416 64.6452 289.162 45.0036 161.456
17600000 -11.8319 67.0642 299.982 55.2323 160.439
17700000 -7.88867 65.6069 293.463 57.7182 157.525
17800000 -16.3516 67.6711 302.697 51.3195 152.106
17900000 -22.8833 64.9406 290.483 42.0574 146.311
18000000 -18.2751 63.3574 283.401 45.0823 152.137
18100000 -20.4287 69.7297 311.905 49.301 149.195
18200000 -17.6715 67.2789 300.942 49.6074 147.2
18300000 -22.3681 65.0737 291.079 42.7056 148.741
18400000 -24.3078 65.0485 290.966 40.7407 153.157
18500000 -17.367 68.1252 304.728 50.7581 154.026
18600000 -8.25298 70.7496 316.467 62.4966 156.696
18700000 -19.2322 69.4691 310.739 50.2369 153.086
18800000 -24.0702 64.5323 288.657 40.4621 152.678
18900000 -21.9939 66.055 295.468 44.0611 147.062
19000000 -21.5164 67.8014 303.28 46.2851 152.376
19100000 -23.2522 65.7458 294.085 42.4936 161.905
19200000 -27.1879 64.1769 287.067 36.989 161.929
19300000 -16.7374 66.7673 298.654 50.03 159.576
19400000 -16.5789 69.5046 310.898 52.9257 155.299
19500000 -18.1991 66.1601 295.938 47.961 151.055
19600000 -16.1127 63.9368 285.993 47.8241 150.424
19700000 -19.9415 68.0001 304.168 48.0586 154.006
19800000 -22.7426 67.784 303.202 45.0415 158.829
19900000 -25.4764 64.8841 290.23 39.4076 158.852
20000000 -25.2563 67.1573 300.399 41.9011 156.205
20100000 -24.6365 69.402 310.439 44.7655 154.537
20200000 -21.425 65.6487 293.65 44.2237 153.962
20300000 -15.7706 68.0719 304.489 52.3012 153.893
20400000 -21.2829 63.5427 284.23 42.2598 155.687
20500000 -27.8141 67.472 301.806 39.6579 152.11
20600000 -29.6784 70.2294 314.14 40.551 155.16
20700000 -26.517 69.1398 309.266 42.6229 157.819
20800000 -28.3528 66.7349 298.509 38.3821 162.777
20900000 -20.2614 67.9332 303.869 47.6718 164.035
21000000 -22.8403 69.3208 310.076 46.4805 169.87
21100000 -20.7963 68.3453 305.712 47.549 169.727
21200000 -17.4425 67.6934 302.796 50.2509 170.862
21300000 -16.4372 66.1174 295.747 49.6802 174.053
21400000 -15.7778 66.5102 297.504 50.7324 177.87
21500000 -17.8992 64.4606 288.336 46.5613 175.743
21600000 -18.9976 64.4622 288.343 45.4646 180.949
21700000 -25.8073 66.9808 299.609 41.1735 183.702
21800000 -31.5709 66.7561 298.604 35.1853 181.796
21900000 -33.5047 67.7896 303.227 34.2849 182.754
22000000 -29.7677 67.7214 302.922 37.9537 182.779
22100000 -27.4989 67.2623 300.868 39.7634 182.494
22200000 -22.5964 65.8528 294.563 43.2565 187.675
22300000 -23.6409 65.7926 294.294 42.1517 184.621
22400000 -20.276 69.8092 312.26 49.5332 183.847
22500000 -21.2819 68.2901 305.465 47.0082 185.336
22600000 -21.7657 66.4133 297.071 44.6476 185.904
22700000 -10.7789 68.5399 306.583 57.761 191.311
22800000 -14.2362 67.4315 301.625 53.1953 195.341
22900000 -17.308 67.9181 303.801 50.6101 194.532
23000000 -13.3991 67.5209 302.025 54.1218 192.985
23100000 -12.5292 67.1128 300.199 54.5835 189.355
23200000 -23.4261 63.8801 285.739 40.4539 189.051
23300000 -21.6085 68.1784 304.966 46.5699 193.589
23400000 -17.3998 68.536 306.565 51.1361 194.131
23500000 -11.6656 64.2428 287.362 52.5772 191.721
23600000 -23.0182 66.8418 298.987 43.8236 194.682
23700000 -26.6664 69.4526 310.665 42.7862 196.303
23800000 -18.8555 68.1347 304.771 49.2792 196.048
23900000 -34.8879 66.0585 295.484 31.1706 193.616
24000000 -27.2246 67.8591 303.538 40.6346 190.726
24100000 -21.4159 66.4344 297.165 45.0185 191.549
24200000 -26.6906 66.8783 299.151 40.1878 179.896
24300000 -28.4458 63.9562 286.08 35.5104 180.733
24400000 -28.8887 64.2344 287.324 35.3457 180.999
24500000 -30.6083 70.3794 314.811 39.7711 181.857
24600000 -27.7941 62.8741 281.24 35.08 186.603
24700000 -9.70925 67.2684 300.895 57.5592 187.005
24800000 -23.721 70.8676 316.995 47.1467 185.489
24900000 -26.6209 66.0246 295.332 39.4038 189.148
25000000 -33.859 67.3755 301.374 33.5165 186.782
25100000 -36.5604 68.9662 308.49 32.4058 183.763
25200000 -26.0263 65.2313 291.783 39.2051 184.51
25300000 -30.8253 68.5692 306.714 37.7439 185.467
25400000 -23.7966 67.8173 303.35 44.0206 190.842
25500000 -20.6907 67.4793 301.839 46.7887 193.541
25600000 -18.4296 68.8808 308.108 50.4512 187.756
25700000 -23.945 69.7495 311.993 45.8045 179.277
25800000 -26.3545 69.1116 309.14 42.7571 184.238
25900000 -33.5073 67.7256 302.94 34.2183 187.223
26000000 -28.1732 66.8851 299.181 38.7119 188.531
26100000 -27.8712 69.777 312.116 41.9058 193.636
26200000 -23.8724 69.6471 311.536 45.7747 197.684
26300000 -26.6547 67.5667 302.23 40.9121 198.13
26400000 -36.6166 64.9491 290.521 28.3325 199.597
26500000 -35.0635 66.4312 297.151 31.3677 203.213
26600000 -31.7059 65.1897 291.597 33.4838 204.264
26700000 -32.4917 65.6987 293.874 33.207 211.372
26800000 -36.6376 67.1385 300.315 30.501 217.497
26900000 -31.4243 65.9664 295.072 34.5422 215.539
27000000 -22.7411 67.9545 303.964 45.2135 214.847
27100000 -36.873 70.9022 317.15 34.0292 217.558
27200000 -24.9009 70.4414 315.089 45.5406 221.585
27300000 -29.5245 69.8563 312.471 40.3318 223.657
27400000 -36.2387 68.7224 307.399 32.4838 221.521
27500000 -23.5942 65.8442 294.525 42.25 217.341
27600000 -18.8209 62.9421 281.544 44.1212 215.081
27700000 -24.442 65.7419 294.067 41.2999 209.968
27800000 -28.7694 69.2259 309.651 40.4565 206.435
27900000 -24.4936 65.182 291.563 40.6884 201.398
28000000 -31.8026 65.7219 293.978 33.9193 205.32
28100000 -34.809 65.2707 291.96 30.4617 204.011
28200000 -36.6504 68.6089 306.891 31.9585 203.526
28300000 -33.6154 64.8207 289.947 31.2054 204.401
28400000 -23.5805 66.5519 297.69 42.9714 211.164
28500000 -33.5345 70.1519 313.794 36.6174 208.982
28600000 -39.873 64.6776 289.307 24.8046 208.417
28700000 -36.982 64.4324 288.21 27.4504 206.841
28800000 -29.9012 68.0194 304.255 38.1182 203.146
28900000 -31.8589 65.593 293.401 33.7341 201.04
29000000 -28.7776 69.6422 311.514 40.8647 206.39
29100000 -35.111 66.9645 299.536 31.8535 204.134
29200000 -34.8246 67.8826 303.643 33.058 203.061
29300000 -38.4639 66.0563 295.474 27.5925 201.906
29400000 -36.1695 63.8934 285.799 27.7239 200.783
29500000 -38.4179 67.7586 303.088 29.3407 198.145
29600000 -42.2175 68.6405 307.033 26.423 197.804
29700000 -49.169 65.4258 292.653 16.2568 197.361
29800000 -40.8639 67.2663 300.886 26.4024 200.217
29900000 -24.1483 67.2552 300.836 43.1069 202.407
30000000 -32.3338 66.2586 296.378 33.9248 200.598
30100000 -32.1215 65.657 293.688 33.5355 198.754
30200000 -32.5045 66.4584 297.272 33.9539 201.362
30300000 -27.02 67.038 299.865 40.018 201.091
30400000 -36.1643 63.0797 282.159 26.9154 200.401
30500000 -43.4792 64.7145 289.472 21.2353 197.897
30600000 -32.7926 64.3675 287.919 31.5749 198.482
30700000 -24.557 68.7635 307.583 44.2065 195.818
30800000 -28.7643 64.973 290.628 36.2087 199.418
30900000 -24.6701 71.0106 317.635 46.3405 199.796
31000000 -34.2545 63.614 284.549 29.3595 195.908
31100000 -30.5898 66.7696 298.664 36.1799 196.087
31200000 -21.0579 66.6638 298.191 45.6059 196.411
31300000 -27.0397 64.2584 287.431 37.2187 197.547
31400000 -35.7864 63.4771 283.937 27.6908 194.867
31500000 -39.4669 64.5526 288.747 25.0857 193.074
31600000 -37.949 64.9219 290.4 26.9729 193.843
31700000 -37.9862 65.304 292.108 27.3178 193.3
31800000 -29.5634 65.4775 292.885 35.9141 195.741
31900000 -13.7926 64.9672 290.602 51.1746 196.331
32000000 -29.3196 68.2308 305.2 38.9112 198.75
32100000 -30.878 67.3244 301.146 36.4463 200.154
32200000 -38.3282 66.8836 299.174 28.5554 200.914
32300000 -35.6593 64.8389 290.028 29.1797 202.545
32400000 -34.0673 70.3136 314.517 36.2462 202.867
32500000 -43.0316 63.0439 281.999 20.0124 204.409
32600000 -32.369 66.6146 297.971 34.2456 204.594
32700000 -33.5994 64.632 289.103 31.0327 203.155
32800000 -31.9912 70.9069 317.171 38.9157 202.394
32900000 -27.7311 66.2262 296.234 38.4951 200.519
33000000 -30.3477 64.6269 289.08 34.2792 200.567
33100000 -28.2566 66.0223 295.322 37.7658 201.888
33200000 -27.6482 63.5403 284.219 35.8921 204.01
33300000 -25.8472 68.1362 304.777 42.2891 202.085
33400000 -26.4758 63.5407 284.221 37.0649 202.11
33500000 -30.9543 70.5147 315.416 39.5603 198.964
33600000 -37.4241 67.704 302.844 30.2799 199.676
33700000 -30.596 67.6989 302.821 37.1029 201.134
33800000 -30.9125 65.9853 295.156 35.0728 200.983
33900000 -23.4728 67.9057 303.746 44.4329 200.446
34000000 -22.3108 67.0622 299.973 44.7514 200.518
34100000 -29.1547 67.1124 300.197 37.9576 201.563
34200000 -35.7694 65.2887 292.04 29.5193 198.035
34300000 -34.4321 68.7267 307.419 34.2946 195.76
34400000 -43.1074 64.8991 290.297 21.7917 193.805
34500000 -34.583 66.842 298.988 32.259 195.948
34600000 -32.2501 69.5877 311.27 37.3376 195.678
34700000 -32.9904 69.4752 310.767 36.4848 193.696
34800000 -32.0606 65.6701 293.746 33.6095 195.169
34900000 -33.5715 71.1921 318.446 37.6206 193.622
35000000 -38.3715 63.2492 282.917 24.8777 192.28
35100000 -27.662 66.9173 299.325 39.2554 193.883
35200000 -21.8478 63.5022 284.049 41.6545 192.229
35300000 -24.2527 68.7955 307.726 44.5429 191.603
35400000 -27.7585 65.6936 293.851 37.9351 191.107
35500000 -37.6399 66.688 298.299 29.0482 191.2
35600000 -36.1245 63.4606 283.863 27.3361 189.368
35700000 -36.3861 65.1482 291.412 28.7621 191.433
35800000 -30.1503 67.5833 302.304 37.4329 192.158
35900000 -31.3513 64.318 287.698 32.9667 191.667
36000000 -31.3017 65.0265 290.867 33.7247 191.264
36100000 -41.6147 65.3482 292.306 23.7334 191.718
36200000 -36.387 64.7612 289.681 28.3742 189.759
36300000 -40.2293 65.3855 292.473 25.1562 192.026
36400000 -37.4725 65.1308 291.334 27.6583 192.109
36500000 -34.3609 64.8042 289.873 30.4433 192.685
36600000 -33.0583 60.4525 270.407 27.3942 193.905
36700000 -26.5086 67.5951 302.357 41.0865 194.215
36800000 -32.6007 68.6209 306.945 36.0202 193.453
36900000 -32.2574 67.6321 302.522 35.3747 192.933
37000000 -22.2127 67.139 300.316 44.9262 190.651
37100000 -29.1081 65.4572 292.794 36.3491 189.394
37200000 -35.1625 67.2784 300.94 32.116 190.829
37300000 -27.4185 65.0234 290.853 37.6049 187.618
37400000 -22.3964 71.1598 318.302 48.7635 188.622
37500000 -22.6493 71.4181 319.457 48.7688 191.027
37600000 -31.469 67.0876 300.086 35.6186 192.084
37700000 -35.1291 68.3968 305.943 33.2676 191.084
37800000 -28.7544 69.7045 311.792 40.95 192.025
37900000 -31.9861 63.164 282.536 31.1779 192.993
38000000 -31.8639 67.2573 300.846 35.3934 192.357
38100000 -32.6427 64.5957 288.94 31.953 194.884
38200000 -33.2219 66.7201 298.443 33.4981 197.607
38300000 -35.2796 68.3052 305.533 33.0256 195.818
38400000 -32.5014 67.1099 300.186 34.6085 197.925
38500000 -35.891 69.963 312.948 34.072 199.764
38600000 -29.7303 68.5227 306.506 38.7925 198.55
38700000 -31.8773 67.022 299.793 35.1447 193.386
38800000 -38.7865 67.9038 303.738 29.1173 194.359
38900000 -40.5409 65.4082 292.575 24.8674 195.269
39000000 -37.1893 64.2118 287.223 27.0225 195.097
39100000 -33.953 69.0539 308.882 35.1009 195.556
39200000 -30.6164 65.7717 294.201 35.1553 195.866
39300000 -19.9454 66.3906 296.969 46.4452 198.098
39400000 -18.2397 63.6627 284.767 45.423 196.456
39500000 -26.3552 63.0469 282.012 36.6916 196.06
39600000 -26.1339 69.1633 309.372 43.0294 193.147
39700000 -28.1736 70.8357 316.852 42.6621 193.131
39800000 -29.5892 65.1941 291.617 35.605 193.083
39900000 -33.8681 69.2908 309.942 35.4227 192.112
40000000 -28.5243 65.2324 291.788 36.7081 191.19
40100000 -18.3504 67.7326 302.972 49.3821 193.389
40200000 -24.4748 70.4709 315.221 45.9962 192.218
40300000 -20.5055 65.8789 294.68 45.3734 192.201
40400000 -24.2109 64.9574 290.558 40.7466 190.579
40500000 -31.7187 65.9364 294.937 34.2178 191.016
40600000 -35.9338 62.7551 280.707 26.8213 194.641
40700000 -31.6406 70.2656 314.302 38.625 194.268
40800000 -25.23 63.8045 285.401 38.5745 192.169
40900000 -29.2243 68.8276 307.87 39.6033 193.89
41000000 -33.6413 64.1511 286.951 30.5098 194.158
41100000 -39.3672 67.7685 303.132 28.4013 195.757
41200000 -36.9737 64.2167 287.245 27.2429 193.782
41300000 -33.2448 67.7666 303.124 34.5219 192.607
41400000 -32.0599 70.6983 316.238 38.6385 193.658
41500000 -29.3212 64.2725 287.495 34.9513 196.639
41600000 -28.3878 67.6459 302.584 39.2581 195.824
41700000 -29.6231 66.4322 297.155 36.809 196.216
41800000 -37.0735 68.2658 305.357 31.1923 197.888
41900000 -32.894 72.0253 322.173 39.1313 200.104
42000000 -21.2276 67.3239 301.144 46.0963 198.447
42100000 -24.6496 67.3536 301.277 42.704 200.69
42200000 -21.4245 64.9803 290.661 43.5558 201.533
42300000 -25.1625 68.6765 307.194 43.514 203.17
42400000 -33.2017 67.561 302.204 34.3593 204.431
42500000 -32.0564 66.141 295.852 34.0846 204.793
42600000 -40.5064 67.2665 300.887 26.7601 199.795
42700000 -51.3049 67.1152 300.21 15.8103 198.588
42800000 -44.6019 66.1416 295.855 21.5397 197.914
42900000 -47.037 67.886 303.658 20.849 198.919
43000000 -35.8576 66.7324 298.498 30.8748 197.226
43100000 -38.7526 67.8217 303.37 29.0692 195.635
43200000 -37.8938 67.2837 300.964 29.3898 196.278
43300000 -41.8632 70.423 315.006 28.5599 196.378
43400000 -36.365 69.9749 313.002 33.6099 199.903
43500000 -37.3207 67.5178 302.011 30.1971 198.674
43600000 -46.8007 67.7831 303.198 20.9825 196.579
43700000 -36.2742 66.4862 297.397 30.212 196.475
43800000 -27.3773 66.8801 299.159 39.5028 196.71
43900000 -40.2362 68.5341 306.557 28.298 196.863
44000000 -28.8927 69.1553 309.335 40.2626 196.983
44100000 -21.6782 66.4923 297.424 44.8141 197.671
44200000 -21.5596 67.1721 300.465 45.6125 193.811
44300000 -22.621 66.7455 298.557 44.1245 191.603
44400000 -18.6307 66.9554 299.495 48.3246 188.975
44500000 -18.4889 66.2415 296.302 47.7526 188.285
44600000 -23.5028 68.5542 306.647 45.0514 186.907
44700000 -26.2565 65.3716 292.411 39.115 186.932
44800000 -29.5387 69.1069 309.119 39.5682 184.322
44900000 -20.7393 67.3202 301.127 46.5809 188.947
45000000 -22.5678 70.0114 313.165 47.4436 193.574
45100000 -34.3887 68.0614 304.442 33.6727 196.479
45200000 -31.2303 67.146 300.348 35.9157 199.687
45300000 -24.813 68.9859 308.578 44.1729 202.946
45400000 -35.1317 68.6356 307.011 33.5039 203.904
45500000 -26.4944 67.2906 300.995 40.7961 198.504
45600000 -20.647 66.989 299.646 46.342 197.567
45700000 -21.2751 64.6903 289.364 43.4152 198.145
45800000 -29.6355 68.6291 306.982 38.9936 197.094
45900000 -30.7462 62.1345 277.931 31.3883 197.485
46000000 -32.7162 69.9433 312.86 37.2271 194.656
46100000 -27.7774 66.4729 297.337 38.6955 193.813
46200000 -26.6875 69.3853 310.364 42.6978 196.245
46300000 -28.4747 69.6817 311.69 41.207 199.417
46400000 -24.0292 67.8544 303.517 43.8252 195.881
46500000 -32.7724 67.9047 303.742 35.1323 197.505
46600000 -34.2432 63.8187 285.465 29.5754 199.679
46700000 -30.5189 69.6886 311.721 39.1696 196.665
46800000 -36.3349 67.0077 299.729 30.6729 201.926
46900000 -29.7198 68.3306 305.647 38.6108 202.544
47000000 -37.4024 65.1551 291.442 27.7526 202.307
47100000 -30.9957 63.6441 284.684 32.6484 200.245
47200000 -25.4424 68.3677 305.813 42.9253 196.995
47300000 -28.7554 66.7301 298.487 37.9746 192.964
47400000 -20.8223 66.7281 298.479 45.9058 185.55
47500000 -14.7744 68.9468 308.403 54.1725 187.307
47600000 -26.8597 67.6646 302.668 40.8048 182.912
47700000 -28.9792 64.9809 290.663 36.0017 182.165
47800000 -24.6614 69.1456 309.292 44.4842 178.834
47900000 -25.5161 67.9708 304.037 42.4546 183.258
48000000 -21.8102 67.899 303.716 46.0888 179.706
48100000 -18.403 66.5167 297.533 48.1137 178.4
48200000 -27.1333 69.7324 311.917 42.599 177.402
48300000 -25.4586 69.5795 311.233 44.1209 173.621
48400000 -33.6802 65.8815 294.692 32.2012 175.377
48500000 -22.3818 70.7893 316.645 48.4075 175.936
48600000 -27.3762 64.4364 288.228 37.0602 178.732
48700000 -16.2592 66.7885 298.749 50.5294 181.921
48800000 -31.1663 64.8541 290.096 33.6879 177.763
48900000 -29.6893 67.3002 301.037 37.6109 177.784
49000000 -28.2349 65.973 295.101 37.7382 181.462
49100000 -30.3106 68.245 305.264 37.9344 181.33
49200000 -28.3345 62.5325 279.711 34.1979 180.181
49300000 -20.0486 62.6244 280.123 42.5758 172.137
49400000 -32.4832 63.7795 285.289 31.2962 172.19
49500000 -26.2597 67.6322 302.523 41.3725 171.987
49600000 -22.4821 65.9104 294.821 43.4284 166.729
49700000 -23.2209 65.3357 292.25 42.1148 168.078
49800000 -30.3551 66.0858 295.606 35.7307 167.051
49900000 -26.7509 65.9165 294.848 39.1656 158.261
50000000 -27.0423 62.3245 278.781 35.2822 155.368
50100000 -33.6963 65.4894 292.938 31.7932 157.985
50200000 -31.9474 66.1151 295.737 34.1677 159.728
50300000 -26.5168 67.8823 303.641 41.3655 159.161
50400000 -26.888 63.9704 286.143 37.0824 156.86
50500000 -11.3958 68.8163 307.819 57.4205 156.278
50600000 -19.2341 67.4641 301.771 48.23 160.254
50700000 -18.9699 62.107 277.808 43.1371 164.131
50800000 -22.9672 69.729 311.902 46.7617 158.351
50900000 -26.6556 62.4597 279.386 35.8041 158.84
51000000 -33.6519 65.933 294.922 32.281 155.216
51100000 -29.0132 69.1151 309.156 40.1018 155.784
51200000 -24.2185 68.0188 304.252 43.8003 153.728
51300000 -30.4041 65.9813 295.138 35.5772 156.644
51400000 -31.1234 66.2624 296.395 35.139 150.329
51500000 -27.1762 66.1495 295.89 38.9733 143.217
51600000 -27.7602 63.9374 285.996 36.1772 141.427
51700000 -35.0458 64.5302 288.647 29.4844 138.816
51800000 -30.0952 64.7865 289.794 34.6913 142.341
51900000 -30.1264 67.9858 304.104 37.8594 137.217
52000000 -36.7257 65.5284 293.112 28.8027 141.243
52100000 -29.4732 68.6474 307.064 39.1741 141.126
52200000 -31.7023 69.6202 311.415 37.918 139.967
52300000 -33.6992 70.6763 316.139 36.9771 141.174
52400000 -34.6996 66.2912 296.524 31.5916 146.72
52500000 -24.9266 64.542 288.7 39.6154 154.377
52600000 -15.8788 67.085 300.075 51.2062 156.619
52700000 -14.255 64.9608 290.573 50.7058 152.986
52800000 -13.3616 70.049 313.333 56.6874 151.314
52900000 -19.2867 72.009 322.1 52.7222 155.063
53000000 -20.9824 61.4695 274.957 40.4871 157.952
53100000 -20.5499 67.5744 302.264 47.0245 158.339
53200000 -19.5334 66.55 297.682 47.0166 166.208
53300000 -20.0441 65.7409 294.063 45.6968 168.598
53400000 -16.2775 70.9603 317.409 54.6828 168.442
53500000 -14.0474 65.5743 293.318 51.5269 171.329
53600000 -14.5126 65.0608 291.021 50.5482 176.954
53700000 -14.9222 66.141 295.852 51.2188 173.885
53800000 -13.3717 65.6707 293.749 52.299 174.229
53900000 -15.3343 65.8611 294.6 50.5268 179.865
54000000 -13.1788 68.9426 308.384 55.7637 183.653
54100000 -13.6247 63.7468 285.143 50.1221 185.856
54200000 -18.1319 70.0665 313.412 51.9346 180.821
54300000 -12.7015 67.3724 301.361 54.6709 184.422
54400000 -17.9074 69.6285 311.452 51.721 184.395
54500000 -15.2026 61.4105 274.692 46.2078 182.866
54600000 -23.7215 68.7792 307.653 45.0577 182.458
54700000 -21.5832 65.2206 291.736 43.6374 183.405
54800000 -17.0636 69.9149 312.733 52.8513 184.548
54900000 -13.9195 65.078 291.098 51.1585 178.396
55000000 -9.01604 67.3599 301.305 58.3439 177.474
55100000 -10.9065 66.2554 296.364 55.3489 182.91
55200000 -14.7709 68.9269 308.314 54.1559 184.105
55300000 -18.6401 65.2742 291.975 46.6341 184.711
55400000 -13.776 68.0597 304.435 54.2838 182.145
55500000 -13.7996 64.1899 287.125 50.3903 175.088
55600000 -8.68623 66.5077 297.493 57.8215 173.561
55700000 -15.9283 65.1799 291.553 49.2516 173.194
55800000 -32.7537 67.3189 301.121 34.5652 172.76
55900000 -21.1879 71.4594 319.642 50.2715 173.517
56000000 -13.283 66.2069 296.147 52.9239 172.984
56100000 -21.3855 65.2202 291.733 43.8347 168.604
56200000 -20.9096 66.8097 298.844 45.9001 168.013
56300000 -15.8238 65.9416 294.961 50.1178 165.973
56400000 -15.4471 64.5471 288.723 49.1 165.554
56500000 -10.9928 64.2747 287.504 53.2818 162.389
56600000 -13.8873 70.4583 315.164 56.571 160.067
56700000 -15.1367 69.4389 310.604 54.3021 159.399
56800000 -24.9443 67.7627 303.106 42.8184 160.303
56900000 -26.4467 65.3738 292.421 38.9272 161.276
57000000 -24.7694 70.02 313.203 45.2506 160.867
57100000 -17.93 65.6615 293.708 47.7315 167.98
57200000 -21.7635 69.13 309.222 47.3665 164.551
57300000 -20.9202 67.7118 302.879 46.7916 160.077
57400000 -19.4584 67.8869 303.662 48.4285 160.37
57500000 -11.8646 65.2224 291.743 53.3578 159.475
57600000 -23.2888 65.819 294.412 42.5302 154.28
57700000 -21.6018 68.2073 305.095 46.6055 151.041
57800000 -23.1603 65.7937 294.299 42.6334 152.371
57900000 -18.3117 64.3124 287.673 46.0006 145.473
58000000 -26.9733 68.5861 306.79 41.6128 145.149
58100000 -26.2544 67.0569 299.949 40.8025 142.674
58200000 -24.6837 68.6985 307.292 44.0148 143.8
58300000 -30.4757 67.0725 300.019 36.5968 148.162
58400000 -31.2314 65.3269 292.211 34.0955 147.183
58500000 -30.8422 67.028 299.82 36.1859 145.661
58600000 -22.035 69.8588 312.482 47.8238 138.855
58700000 -17.948 65.7854 294.262 47.8374 138.919
58800000 -23.2883 66.2607 296.388 42.9724 139.655
58900000 -22.201 66.1006 295.672 43.8996 147.054
59000000 -17.5475 64.9997 290.747 47.4522 153.626
59100000 0.710315 66.7123 298.408 67.4226 159.376
59200000 -10.6635 65.3623 292.369 54.6988 159.401
59300000 -9.81781 64.6324 289.104 54.8146 159.946
59400000 -14.5172 62.6601 280.282 48.143 159.034
59500000 -28.1023 69.3991 310.426 41.2968 153.981
59600000 -24.0519 66.6225 298.006 42.5706 149.984
59700000 -28.8086 69.4825 310.799 40.6739 146.883
59800000 -27.9752 63.7418 285.121 35.7665 142.503
59900000 -24.9403 65.9423 294.964 41.002 142.609
60000000 -17.0528 65.1724 291.52 48.1197 140.95
60100000 -24.1074 65.8327 294.474 41.7253 144.21
60200000 -24.4086 67.774 303.157 43.3654 151.152
60300000 -20.6275 70.733 316.393 50.1055 151.842
60400000 -29.3989 66.3339 296.715 36.935 147.204
60500000 -21.3432 68.4561 306.208 47.1129 147.631
60600000 -24.5257 66.8169 298.876 42.2912 149.783
60700000 -25.6941 63.8173 285.458 38.1232 147.3
60800000 -21.8941 63.5671 284.339 41.673 147.62
60900000 -16.7663 65.0691 291.058 48.3028 145.004
61000000 -18.4582 68.8507 307.973 50.3925 142.821
61100000 -22.579 66.4333 297.16 43.8542 143.685
61200000 -28.8638 66.8689 299.108 38.005 146.282
61300000 -28.7988 69.2553 309.783 40.4565 148.675
61400000 -26.2236 66.0441 295.419 39.8205 149.339
61500000 -24.7029 66.54 297.637 41.8371 144.677
61600000 -17.28 66.8152 298.868 49.5352 146.686
61700000 -19.318 65.7206 293.972 46.4027 147.529
61800000 -17.5551 66.8993 299.244 49.3441 146.216
61900000 -15.5202 70.494 315.324 54.9739 147.649
62000000 -25.9797 67.511 301.981 41.5313 146.051
62100000 -27.7304 67.7337 302.977 40.0033 147.189
62200000 -27.5144 63.9869 286.217 36.4725 148.627
62300000 -25.63 64.6982 289.399 39.0683 151.583
62400000 -21.4783 68.5608 306.677 47.0825 151.997
62500000 -12.8786 65.2571 291.899 52.3785 158.157
62600000 -13.829 69.7917 312.182 55.9627 159.711
62700000 -24.627 65.6356 293.592 41.0086 164.877
62800000 -22.207 66.4363 297.173 44.2293 166.219
62900000 -32.2526 65.492 292.949 33.2394 167.878
63000000 -32.18 68.5194 306.491 36.3393 167.663
63100000 -25.1793 62.7795 280.816 37.6002 165.367
63200000 -25.2674 67.8007 303.277 42.5334 168.495
63300000 -19.5453 62.9269 281.476 43.3816 166.615
63400000 -20.9325 67.2076 300.624 46.2751 166.983
63500000 -18.7114 68.9898 308.595 50.2785 167.125
63600000 -22.6491 68.0276 304.291 45.3784 163.787
63700000 -17.2264 68.4988 306.399 51.2725 166.7
63800000 -17.1071 68.8932 308.163 51.7861 173.541
63900000 -12.5701 67.6876 302.771 55.1175 172.077
64000000 -11.4828 66.201 296.121 54.7182 170.024
64100000 -10.757 65.9193 294.861 55.1623 170.069
64200000 -13.8203 67.9993 304.165 54.1789 171.723
64300000 -16.9619 69.2359 309.696 52.274 165.558
64400000 -17.8399 68.0207 304.26 50.1807 170.835
64500000 -19.8598 68.5961 306.834 48.7363 167.503
64600000 -15.1663 70.1115 313.613 54.9452 165.551
64700000 -13.4218 67.7995 303.271 54.3777 165.26
64800000 -18.6691 67.0381 299.865 48.369 167.195
64900000 -19.8456 67.3712 301.355 47.5257 161.789
65000000 -16.7857 63.0251 281.915 46.2394 162.575
65100000 -22.3261 65.5568 293.239 43.2307 161.197
65200000 -20.6745 65.4463 292.745 44.7718 159.044
65300000 -23.8501 69.7259 311.888 45.8759 151.226
65400000 -22.9874 72.2571 323.21 49.2697 153.263
65500000 -18.7866 67.7481 303.041 48.9614 158.305
65600000 -25.0196 66.585 297.839 41.5655 155.128
65700000 -26.3793 68.9852 308.575 42.6059 153.65
65800000 -24.1088 68.0027 304.18 43.8939 156.754
65900000 -18.0562 69.6862 311.71 51.63 159.317
66000000 -20.9471 67.8201 303.363 46.873 162.037
66100000 -22.9055 67.3845 301.415 44.479 159.044
66200000 -17.3989 64.2881 287.564 46.8892 156.077
66300000 -20.1705 66.7847 298.732 46.6142 156.799
66400000 -19.9014 65.6369 293.597 45.7355 153.975
66500000 -13.0786 70.0868 313.502 57.0082 152.293
66600000 -15.5997 68.1876 305.007 52.5879 145.449
66700000 -9.2221 65.3729 292.417 56.1508 139.635
66800000 -6.01412 68.9318 308.336 62.9177 147.799
66900000 -4.80309 65.6422 293.621 60.8391 149.609
67000000 -7.21505 69.3024 309.994 62.0874 151.308
67100000 -11.1075 67.7767 303.169 56.6692 152.029
67200000 -18.6037 66.6077 297.94 48.004 153.145
67300000 -13.0669 66.7641 298.64 53.6972 156.541
67400000 -20.8551 69.6746 311.659 48.8196 156.927
67500000 -7.61402 66.1562 295.92 58.5422 155.901
67600000 -14.7593 65.6539 293.673 50.8946 156.818
67700000 -18.7347 69.8507 312.446 51.116 162.638
67800000 -17.2815 62.9525 281.59 45.671 167.521
67900000 -15.2073 67.2812 300.953 52.074 166.35
68000000 -13.9473 66.6065 297.935 52.6593 171.606
68100000 -13.7287 69.2144 309.6 55.4857 175.526
68200000 -20.7553 67.8986 303.714 47.1433 173.053
68300000 -13.6945 64.0536 286.515 50.3591 173.037
68400000 -12.3185 68.248 305.277 55.9294 171.165
68500000 -11.0388 69.4861 310.815 58.4473 172.82
68600000 -6.19197 66.5635 297.742 60.3716 173.211
68700000 -15.7924 64.5061 288.539 48.7137 171.083
68800000 -14.1347 66.5482 297.674 52.4134 173.203
68900000 -13.1697 69.9353 312.824 56.7656 175.434
69000000 -15.6559 71.8922 321.578 56.2364 172.196
69100000 -7.82429 66.0034 295.237 58.1791 178.438
69200000 -10.3178 68.3701 305.823 58.0523 180.344
69300000 -12.3657 66.9201 299.338 54.5545 176.823
69400000 -10.3888 69.0119 308.694 58.6231 172.89
69500000 -14.2684 67.6162 302.451 53.3478 173.62
69600000 -7.84664 69.3482 310.198 61.5016 177.467
69700000 -12.4762 68.3401 305.689 55.8639 184.215
69800000 -17.0491 66.9711 299.565 49.922 184.176
69900000 -17.7946 66.3174 296.642 48.5228 185.926
70000000 -15.8872 62.9203 281.446 47.0331 189.989
70100000 -7.29992 69.0004 308.643 61.7005 194.575
70200000 -4.72253 63.7115 284.985 58.9889 202.434
70300000 -6.37855 66.3107 296.612 59.9322 205.194
70400000 -12.2499 67.3818 301.403 55.1318 202.788
70500000 -12.7342 65.478 292.887 52.7438 204.031
70600000 -8.01952 65.2413 291.828 57.2218 209.167
70700000 -13.177 70.3533 314.694 57.1763 210.06
70800000 -15.378 67.646 302.584 52.268 209.709
70900000 -19.7754 70.307 314.487 50.5315 211.008
71000000 -22.0191 63.4347 283.747 41.4156 210.658
71100000 -21.8461 69.9947 313.09 48.1486 208.858
71200000 -11.7946 67.7791 303.18 55.9845 210.46
71300000 -20.5307 67.2388 300.763 46.7081 210.898
71400000 -27.055 67.7277 302.95 40.6728 210.124
71500000 -15.5223 67.5744 302.264 52.0522 211.554
71600000 -25.2246 65.9945 295.197 40.7698 215.126
71700000 -21.0255 69.6763 311.666 48.6509 216.333
71800000 -9.5016 68.0659 304.462 58.5643 213.488
71900000 -16.1484 70.5276 315.474 54.3791 211.166
72000000 -16.0472 65.9781 295.124 49.9309 208.475
72100000 -4.78604 66.9463 299.455 62.1603 212.964
72200000 -7.34706 69.3055 310.008 61.9585 212.834
72300000 -17.801 65.1276 291.319 47.3265 217.211
72400000 -16.8857 67.9958 304.149 51.1101 218.534
72500000 -11.0444 65.994 295.195 54.9495 221.665
72600000 -13.3458 66.1832 296.041 52.8374 219.911
72700000 -7.97077 66.0407 295.404 58.07 220.455
72800000 -11.6104 66.3847 296.943 54.7743 222.56
72900000 -15.1753 69.2898 309.937 54.1145 223.946
73000000 -24.9107 67.7021 302.835 42.7914 223.054
73100000 -24.4226 66.2626 296.396 41.84 226.806
73200000 -20.2184 66.4666 297.309 46.2482 226.163
73300000 -21.6951 63.555 284.285 41.8599 227.053
73400000 -22.1923 66.8175 298.879 44.6253 230.855
73500000 -24.8831 65.2404 291.824 40.3572 233.927
73600000 -17.6706 65.659 293.696 47.9884 231.255
73700000 -18.3964 66.7017 298.361 48.3054 228.031
73800000 -13.6823 64.5264 288.63 50.8441 225.44
73900000 -18.9938 64.1575 286.98 45.1637 224.918
74000000 -22.1244 70.0418 313.301 47.9174 220.562
74100000 -19.9728 68.3431 305.703 48.3703 218.926
74200000 -16.5506 67.0921 300.107 50.5415 219.716
74300000 -27.7831 72.1102 322.553 44.3271 218.773
74400000 -24.9818 66.7568 298.607 41.775 219.604
74500000 -16.9221 67.8437 303.469 50.9216 213.269
74600000 -23.1857 66.8001 298.801 43.6144 207.554
74700000 -17.7832 64.2365 287.333 46.4533 205.223
74800000 -8.58387 69.2345 309.69 60.6506 209.856
74900000 -16.0686 67.8524 303.508 51.7838 210.514
75000000 -12.5919 68.5018 306.412 55.9099 212.059
75100000 -11.9165 65.6556 293.681 53.7392 211.522
75200000 -9.29062 64.924 290.409 55.6334 212.094
75300000 -15.7825 66.2185 296.199 50.4359 208.911
75400000 -10.1692 66.2237 296.223 56.0546 204.798
75500000 -13.1844 68.6509 307.08 55.4665 207.732
75600000 -12.5161 64.9357 290.461 52.4196 207.141
75700000 -13.8226 66.4415 297.197 52.6189 203.341
75800000 -16.325 69.3868 310.371 53.0619 206.119
75900000 -14.9442 63.7995 285.379 48.8553 208.131
76000000 -15.0435 64.7471 289.618 49.7037 201.409
76100000 -11.4708 69.8334 312.369 58.3627 203.808
76200000 -17.4164 65.9391 294.949 48.5228 202.793
76300000 -12.564 66.5357 297.618 53.9717 203.483
76400000 -16.1276 69.3387 310.156 53.2111 204.879
76500000 -16.276 70.3706 314.772 54.0946 204.631
76600000 -20.5057 66.1896 296.07 45.6839 203.057
76700000 -18.2247 67.0714 300.014 48.8467 201.152
76800000 -13.0178 66.7412 298.537 53.7234 200.347
76900000 -18.8741 66.6693 298.216 47.7952 207.438
77000000 -11.7616 64.3715 287.937 52.6099 210.251
77100000 -15.7935 65.8066 294.357 50.0131 207.33
77200000 -18.2691 66.4672 297.312 48.1981 206.017
77300000 -18.4735 69.9011 312.672 51.4276 201.092
77400000 -15.4231 67.8667 303.572 52.4437 191.91
77500000 -14.4063 68.2137 305.124 53.8074 192.119
77600000 -15.1091 67.136 300.303 52.0269 201.98
77700000 -16.3417 68.0954 304.595 51.7538 205.125
77800000 -11.8377 67.5014 301.938 55.6637 206.524
77900000 0.0579826 67.4308 301.622 67.4888 205.755
78000000 -1.04978 65.137 291.362 64.0872 205.402
78100000 0.170643 68.8132 307.805 68.9838 203.929
78200000 -16.2393 67.132 300.285 50.8927 199.175
78300000 -14.8675 67.1151 300.21 52.2475 201.128
78400000 -17.7128 65.2934 292.061 47.5806 205.808
78500000 -18.3878 64.4786 288.416 46.0908 205.893
78600000 -13.5269 68.6396 307.029 55.1128 211.315
78700000 -15.9134 62.0671 277.63 46.1537 213.975
78800000 -17.195 65.8266 294.446 48.6316 216.656
78900000 -20.8969 66.9223 299.347 46.0254 221.109
79000000 -20.7762 71.1539 318.276 50.3778 218.044
79100000 -21.7575 68.3903 305.914 46.6328 215.12
79200000 -19.3783 66.424 297.118 47.0457 216.74
79300000 -25.8222 67.2711 300.908 41.449 214.301
79400000 -21.3166 68.2991 305.506 46.9825 212.26
79500000 -21.4405 68.4186 306.04 46.978 212.823
79600000 -21.3483 65.2578 291.902 43.9095 212.924
79700000 -20.2152 67.9173 303.798 47.702 215.247
79800000 -15.4537 69.34 310.162 53.8863 209.792
79900000 -19.5873 68.1988 305.057 48.6115 207.885
80000000 -21.2436 67.7602 303.095 46.5166 211.23
80100000 -17.9051 66.4125 297.067 48.5074 209.392
80200000 -16.4804 69.5971 311.312 53.1168 206.821
80300000 -5.3898 66.1507 295.896 60.7609 214.383
80400000 -9.77097 66.5011 297.463 56.7302 219.755
80500000 -11.6902 68.4737 306.287 56.7836 218.279
80600000 -20.8554 68.7449 307.5 47.8895 219.198
80700000 -12.8833 65.0145 290.814 52.1312 216.705
80800000 -12.0877 67.0519 299.927 54.9643 222.704
80900000 -17.2348 69.6651 311.616 52.4303 225.377
81000000 -12.6468 66.3093 296.605 53.6625 227.38
81100000 -13.3816 65.3839 292.466 52.0022 224.793
81200000 -12.9519 65.5932 293.402 52.6413 219.582
81300000 -9.15901 65.7744 294.212 56.6154 222.704
81400000 -15.7585 68.1666 304.913 52.408 223.178
81500000 -17.9778 67.6315 302.52 49.6537 222.206
81600000 -15.1327 64.1616 286.999 49.0289 220.857
81700000 -11.2581 65.8225 294.428 54.5644 212.397
81800000 -18.6226 69.9566 312.92 51.3339 213.985
81900000 -15.2893 67.2941 301.01 52.0048 215.38
82000000 -16.6583 71.9632 321.895 55.3048 210.195
82100000 -16.7126 65.6799 293.79 48.9673 213.614
82200000 -20.5686 67.8174 303.351 47.2488 214.151
82300000 -13.1928 64.5091 288.553 51.3163 212.437
82400000 -17.0218 64.871 290.172 47.8493 209.275
82500000 -21.7339 64.3147 287.683 42.5808 207.346
82600000 -17.3112 69.5183 310.959 52.2071 206.326
82700000 -20.2043 67.5723 302.255 47.368 203.583
82800000 -22.6305 66.515 297.526 43.8846 196.734
82900000 -24.6973 68.4934 306.375 43.7961 187.974
83000000 -31.6332 68.8952 308.172 37.2619 178.758
83100000 -28.4395 66.0596 295.488 37.6201 181.464
83200000 -18.5284 68.1034 304.63 49.5749 184.348
83300000 -32.3357 66.0102 295.267 33.6745 182.562
83400000 -25.1224 68.2827 305.432 43.1603 182.137
83500000 -24.3008 68.4694 306.268 44.1686 183.661
83600000 -16.928 68.8615 308.021 51.9335 181.272
83700000 -25.2961 63.975 286.164 38.679 182.4
83800000 -17.5942 64.271 287.488 46.6767 183.303
83900000 -15.466 64.8554 290.102 49.3893 177.463
84000000 -8.17304 67.791 303.233 59.618 179.944
84100000 -17.7439 67.2097 300.633 49.4659 182.21
84200000 -12.387 69.633 311.472 57.246 178.734
84300000 -16.6153 65.7875 294.271 49.1722 181.877
84400000 -12.0414 68.0562 304.419 56.0148 181.551
84500000 -14.7534 65.8379 294.497 51.0845 179.04
84600000 -10.3906 66.3369 296.729 55.9463 182.614
84700000 -15.7048 66.6672 298.206 50.9624 173.418
84800000 -20.4646 67.6153 302.447 47.1508 172.384
84900000 -15.2921 69.7239 311.879 54.4318 177.604
85000000 -14.0752 67.2285 300.717 53.1533 181.818
85100000 -16.2469 69.1468 309.297 52.8999 183.319
85200000 -20.7836 70.3719 314.777 49.5883 178.266
85300000 -22.649 65.7665 294.177 43.1175 180.239
85400000 -17.0584 69.3566 310.236 52.2982 180.676
85500000 -21.8992 61.0954 273.283 39.1962 179.25
85600000 -20.67 69.3736 310.312 48.7035 179.176
85700000 -13.9374 71.6285 320.398 57.691 181.232
85800000 -14.8558 64.4793 288.42 49.6235 185.691
85900000 -26.3714 64.7876 289.799 38.4163 191.701
86000000 -20.7257 64.2498 287.393 43.5241 194.034
86100000 -20.8235 68.8782 308.096 48.0547 196.21
86200000 -21.1339 66.861 299.073 45.7271 199.776
86300000 -17.4427 68.0932 304.585 50.6505 202.921
86400000 -13.4512 64.3 287.617 50.8488 204.173
86500000 -25.2581 69.3336 310.133 44.0755 202.333
86600000 -22.5799 67.1191 300.228 44.5392 199.9
86700000 -25.9608 65.2765 291.986 39.3158 199.49
86800000 -27.231 69.6697 311.637 42.4387 202.81
86900000 -23.8695 65.4419 292.725 41.5724 201.564
87000000 -17.0547 68.2409 305.246 51.1863 199.761
87100000 -15.5503 65.6883 293.827 50.138 196.073
87200000 -10.5544 66.8757 299.139 56.3213 201.176
87300000 -19.5864 64.9936 290.72 45.4073 201.393
87400000 -18.1893 71.4095 319.419 53.2202 204.391
87500000 -20.5832 66.9661 299.543 46.3828 206.836
87600000 -22.4035 69.8565 312.472 47.453 206.179
87700000 -28.8976 64.919 290.386 36.0214 203.03
87800000 -19.5579 66.3784 296.915 46.8205 200.691
87900000 -17.7189 67.6017 302.386 49.8827 205.13
88000000 -22.9486 64.3445 287.817 41.396 210.445
88100000 -22.3645 68.9615 308.469 46.5969 207.014
88200000 -20.9386 64.49 288.467 43.5513 210.684
88300000 -22.423 65.7687 294.187 43.3457 213.837
88400000 -19.6216 68.4552 306.204 48.8336 214.317
88500000 -28.8286 67.4602 301.753 38.6316 214.107
88600000 -18.3462 67.6893 302.778 49.3431 211.313
88700000 -15.3585 67.4408 301.666 52.0822 208.06
88800000 -23.7339 65.9424 294.964 42.2085 205.17
88900000 -32.3166 70.5795 315.706 38.2629 208.185
89000000 -34.2345 67.7801 303.184 33.5456 205.064
89100000 -28.8662 67.2716 300.91 38.4053 204.902
89200000 -23.9479 69.0155 308.71 45.0675 206.208
89300000 -23.5753 62.4188 279.203 38.8434 206.813
89400000 -18.0983 70.5048 315.372 52.4065 208.155
89500000 -13.2196 65.9665 295.072 52.7469 197.359
89600000 -9.73761 66.5627 297.739 56.8251 192.72
89700000 -16.2858 66.0886 295.618 49.8028 191.1
89800000 -20.5077 67.2516 300.82 46.7439 192.279
89900000 -25.0041 68.4701 306.271 43.466 191.493
90000000 -30.4635 67.4952 301.91 37.0317 193.597
90100000 -24.7251 66.6949 298.33 41.9699 194.154
90200000 -23.9124 66.0929 295.638 42.1805 195.822
90300000 -23.0281 62.8898 281.31 39.8617 195.985
90400000 -15.3867 66.27 296.429 50.8832 197.97
90500000 -10.4654 64.5979 288.95 54.1325 200.357
90600000 -16.8557 65.4677 292.841 48.612 204.74
90700000 -19.9267 65.6697 293.744 45.743 204.285
90800000 -22.1603 66.4204 297.102 44.26 209.843
90900000 -24.4613 63.9646 286.117 39.5033 207.121
91000000 -31.5479 67.0258 299.81 35.4779 205.534
91100000 -26.5702 67.3899 301.439 40.8197 206.534
91200000 -21.2385 66.4404 297.192 45.2019 200.355
91300000 -26.0634 63.7347 285.089 37.6713 197.968
91400000 -22.731 67.4783 301.834 44.7472 200.719
91500000 -24.3148 72.6524 324.979 48.3376 206.929
91600000 -15.9288 69.3878 310.376 53.459 210.676
91700000 -20.5994 68.5147 306.47 47.9154 206.943
91800000 -22.6926 68.1656 304.909 45.473 203.18
91900000 -29.5472 65.0793 291.103 35.532 205.442
92000000 -29.4145 69.4919 310.841 40.0773 207.932
92100000 -22.3375 64.8906 290.259 42.553 208.171
92200000 -27.0193 64.6181 289.04 37.5988 208.729
92300000 -19.8867 69.9937 313.086 50.107 210.547
92400000 -26.3507 65.2858 292.027 38.9351 216.71
92500000 -26.3048 68.6329 306.999 42.3281 220.426
92600000 -23.3998 63.9259 285.944 40.5261 215.855
92700000 -24.5406 70.8103 316.738 46.2696 216.282
92800000 -21.9717 67.29 300.992 45.3182 205.991
92900000 -22.4802 67.7836 303.2 45.3034 202.179
93000000 -16.6567 64.1745 287.056 47.5178 196.359
93100000 -16.3035 68.377 305.854 52.0735 189.69
93200000 -23.2381 68.1439 304.811 44.9058 187.412
93300000 -23.3405 68.6711 307.17 45.3306 188.521
93400000 -22.0848 64.6992 289.403 42.6145 187.881
93500000 -23.4491 67.8236 303.379 44.3745 190.491
93600000 -24.0909 66.7111 298.403 42.6202 185.05
93700000 -21.1131 65.0468 290.958 43.9337 182.569
93800000 -24.751 66.8087 298.839 42.0577 184.366
93900000 -25.6501 67.106 300.169 41.4559 178.37
94000000 -27.1638 66.4094 297.053 39.2457 172.948
94100000 -27.0967 67.232 300.733 40.1354 174.454
94200000 -12.2427 68.0283 304.294 55.7856 172.698
94300000 -8.69567 68.7574 307.556 60.0618 172.664
94400000 -25.9575 66.2463 296.323 40.2888 169.985
94500000 -22.3581 69.3176 310.061 46.9594 169.455
94600000 -21.3682 67.7565 303.079 46.3883 171.406
94700000 -28.1547 71.8027 321.178 43.6481 177.076
94800000 -21.104 68.0575 304.425 46.9535 177.878
94900000 -22.2307 67.6492 302.599 45.4185 181.186
95000000 -12.9426 70.2894 314.409 57.3469 190.287
95100000 -21.3968 61.1012 273.309 39.7044 192.159
95200000 -18.5151 65.3808 292.452 46.8657 185.762
95300000 -24.917 66.4692 297.321 41.5522 179.97
95400000 -20.5987 68.4406 306.139 47.8419 182.699
95500000 -19.5119 69.6658 311.619 50.1539 178.704
95600000 -16.0636 65.4398 292.716 49.3761 176.829
95700000 -18.6951 67.5158 302.002 48.8206 178.976
95800000 -17.6647 63.6523 284.72 45.9876 174.087
95900000 -20.4818 64.8349 290.01 44.3531 172.227
96000000 -18.8192 69.8698 312.532 51.0506 165.297
96100000 -22.6387 67.3801 301.395 44.7414 168.267
96200000 -15.4237 67.1536 300.382 51.7299 167.747
96300000 -14.9877 67.1778 300.49 52.1901 166.585
96400000 -18.0641 64.0929 286.691 46.0288 173.511
96500000 -19.2926 64.5298 288.646 45.2372 174.52
96600000 -14.2193 65.6768 293.776 51.4575 175.799
96700000 -23.1844 66.7005 298.355 43.5161 180.645
96800000 -25.0336 66.3509 296.792 41.3173 181.016
96900000 -22.2448 63.7695 285.245 41.5247 181.09
97000000 -27.8742 66.0665 295.519 38.1923 183.721
97100000 -28.0378 68.5881 306.799 40.5503 189.53
97200000 -20.2505 67.1379 300.312 46.8874 187.706
97300000 -27.4928 66.8632 299.083 39.3704 189.488
97400000 -21.4812 69.5752 311.214 48.094 194.111
97500000 -30.335 67.53 302.066 37.1949 202.859
97600000 -26.5795 64.0071 286.307 37.4276 204.463
97700000 -17.3975 68.1189 304.7 50.7215 203.854
97800000 -15.1733 69.8849 312.599 54.7116 209.533
97900000 -24.9438 68.4252 306.07 43.4815 210.295
98000000 -23.8685 67.1777 300.49 43.3092 206.014
98100000 -27.9291 69.4731 310.757 41.544 203.447
98200000 -24.218 66.1934 296.087 41.9754 206.286
98300000 -24.9771 67.2218 300.687 42.2447 207.746
98400000 -29.4 64.7192 289.493 35.3192 208.465
98500000 -26.5573 67.2942 301.011 40.7368 207.001
98600000 -28.0256 67.5791 302.285 39.5535 206.72
98700000 -27.4386 64.5072 288.544 37.0686 209.922
98800000 -24.1645 66.5665 297.756 42.402 208.285
98900000 -19.8627 63.7286 285.062 43.8659 209.214
99000000 -19.0786 68.8931 308.163 49.8146 210.979
99100000 -7.52909 63.8861 285.766 56.357 209.144
99200000 -17.5107 66.5283 297.585 49.0175 203.847
99300000 -27.2687 69.8007 312.223 42.5321 201.937
99400000 -29.1519 67.7595 303.092 38.6076 203.406
99500000 -30.069 69.8875 312.611 39.8185 203.007
99600000 -33.0176 66.0134 295.282 32.9959 202.675
99700000 -33.6713 67.7727 303.151 34.1014 205.119
99800000 -29.368 68.3362 305.672 38.9682 205.143
99900000 -27.2995 67.3858 301.42 40.0862 204.299
100000000 -23.0355 70.6882 316.193 47.6528 204.518
100100000 -18.8589 67.1481 300.357 48.2892 205.634
100200000 -24.8656 63.419 283.677 38.5533 202.152
100300000 -22.388 67.0805 300.055 44.6925 198.268
100400000 -18.2601 67.664 302.665 49.4039 200.466
100500000 -19.5098 72.0582 322.321 52.5484 200.937
100600000 -18.7754 65.2488 291.861 46.4734 203.236
100700000 -20.3146 66.1925 296.083 45.8779 202.74
100800000 -16.6797 65.4107 292.586 48.7309 203.685
100900000 -14.4291 67.0985 300.135 52.6693 204.859
101000000 -18.5427 69.1688 309.396 50.626 209.891
101100000 -7.83041 68.8618 308.023 61.0314 207.617
101200000 2.35095 65.1482 291.412 67.4992 206.322
101300000 -5.8892 64.2427 287.361 58.3535 207.808
101400000 -7.73671 66.5831 297.83 58.8464 206.227
101500000 -10.5981 66.3296 296.696 55.7315 208.369
101600000 -19.5087 66.5719 297.78 47.0631 210.285
101700000 -23.7669 67.8487 303.491 44.0818 209.505
101800000 -18.6245 66.3609 296.836 47.7363 202.785
101900000 -19.0378 68.242 305.25 49.2041 197.274
102000000 -20.9322 66.9842 299.624 46.052 196.936
102100000 -22.1587 65.7271 294.001 43.5685 195.654
102200000 -15.7766 66.4405 297.192 50.6639 191.737
102300000 -21.9123 64.722 289.505 42.8097 190.504
102400000 -19.3109 64.9199 290.39 45.609 194.815
102500000 -20.3399 65.3786 292.442 45.0387 201.72
102600000 -19.5221 68.0201 304.258 48.498 200.712
102700000 -20.0945 68.0116 304.22 47.9171 200.043
102800000 -19.6291 67.1906 300.547 47.5615 197.04
102900000 -11.7404 67.1821 300.509 55.4417 198.802
103000000 -8.19379 67.4589 301.748 59.2652 195.392
103100000 -18.4078 65.376 292.43 46.9682 197.656
103200000 -15.044 68.1385 304.787 53.0945 199.461
103300000 -14.6582 67.5105 301.978 52.8523 202.399
103400000 -18.4918 65.7792 294.234 47.2874 202.276
103500000 -14.2956 63.6375 284.654 49.3419 201.393
103600000 -16.9208 67.5086 301.97 50.5879 198.237
103700000 -23.4881 63.9405 286.009 40.4524 191.141
103800000 -19.3415 69.5549 311.123 50.2133 185.648
103900000 -30.9961 70.6203 315.889 39.6242 186.243
104000000 -31.8836 68.624 306.959 36.7404 185.784
104100000 -27.9428 67.4763 301.825 39.5335 189.169
104200000 -21.8319 63.9369 285.993 42.105 189.443
104300000 -20.0392 67.8041 303.292 47.7648 186.154
104400000 -24.6474 69.3084 310.02 44.6609 185.993
104500000 -20.0087 64.4384 288.237 44.4297 187.648
104600000 -17.8462 67.1376 300.31 49.2914 188.588
104700000 -23.8737 68.4179 306.037 44.5442 194.306
104800000 -23.8612 65.0873 291.139 41.2261 193.283
104900000 -29.9079 66.8305 298.936 36.9226 194.992
105000000 -19.0617 65.3709 292.408 46.3092 191.924
