# Time-averaged data for fix favg
# TimeStep v_vpe v_vke v_vT v_vE v_vRg
5100000 3.16673 103.785 302.762 106.952 127.806
5200000 2.9536 109.971 320.807 112.924 126.769
5300000 -5.65572 101.765 296.869 96.1089 124.849
5400000 -2.73116 102.967 300.377 100.236 123.568
5500000 -7.37901 101.174 295.147 93.7952 122.627
5600000 -13.3708 102.533 299.111 89.1624 118.222
5700000 -5.41749 100.777 293.989 95.3599 116.385
5800000 -4.01153 102.359 298.604 98.3477 118.773
5900000 -12.8734 99.8063 291.156 86.9329 120.51
6000000 -3.8762 102.789 299.856 98.9125 116.556
6100000 -8.26425 100.549 293.323 92.2847 119.16
6200000 -2.33589 102.901 300.184 100.565 118.985
6300000 -12.1912 106.097 309.507 93.9057 118.219
6400000 -2.4147 104.445 304.688 102.03 118.331
6500000 -8.59976 104.166 303.874 95.566 118.668
6600000 -7.10017 101.827 297.05 94.7267 120.479
6700000 -6.14422 102.149 297.989 96.0044 127.083
6800000 -6.14926 104.132 303.776 97.9829 129.95
6900000 -7.69336 96.7473 282.232 89.0539 132.623
7000000 -15.9012 107.178 312.661 91.277 135.976
7100000 -6.39519 103.6 302.223 97.2049 134.916
7200000 -5.35929 104.654 305.297 99.2944 135.674
7300000 -6.61824 97.9477 285.734 91.3295 136.127
7400000 -6.04624 108.073 315.271 102.027 133.699
7500000 -6.59401 100.07 291.926 93.4762 135.57
7600000 -7.3824 102.45 298.869 95.0679 134.832
7700000 0.095631 104.758 305.601 104.854 133.04
7800000 6.46517 102.382 298.671 108.848 132.021
7900000 3.75171 102.555 299.176 106.307 134.844
8000000 5.90004 107.853 314.631 113.753 133.615
8100000 -1.57705 103.158 300.932 101.58 133.275
8200000 0.297951 101.67 296.592 101.968 134.956
8300000 -1.08317 101.392 295.781 100.309 134.556
8400000 -8.71801 103.441 301.76 94.7233 138.587
8500000 -9.05954 108.3 315.933 99.24 140.813
8600000 -13.3631 97.5332 284.525 84.17 141.043
8700000 -30.1077 100.711 293.795 70.6032 145.6
8800000 -13.5568 102.913 300.218 89.3557 152.046
8900000 -14.7407 108.75 317.246 94.0092 155.336
9000000 -12.8499 104.472 304.766 91.6219 151.994
9100000 -19.6498 105.825 308.714 86.1753 152.213
9200000 -15.3596 100.325 292.67 84.9655 155.939
9300000 -14.73 100.772 293.973 86.0421 158.559
9400000 -10.2025 106.522 310.747 96.3194 160.155
9500000 -18.8831 105.235 306.993 86.352 160.679
9600000 -16.3725 102.54 299.131 86.1674 162.171
9700000 -26.496 103.509 301.957 77.0126 164.675
9800000 -16.1748 99.548 290.402 83.3732 164.796
9900000 -18.1904 102.685 299.552 84.4941 163.714
10000000 -17.9313 103.81 302.836 85.8788 163.776
10100000 -11.5643 104.481 304.793 92.9166 164.612
10200000 -7.96776 103.122 300.829 95.1544 165.685
10300000 -15.8222 98.2458 286.604 82.4236 164.927
10400000 -21.2958 104.242 304.097 82.9465 164.089
10500000 -30.0935 100.835 294.156 70.7413 164.244
10600000 -19.0787 104.533 304.945 85.4543 165.838
10700000 -15.7202 101.686 296.64 85.966 164.883
10800000 -11.227 99.5959 290.542 88.3689 165.178
10900000 -19.8807 104.166 303.873 84.285 165.266
11000000 -14.52 103.124 300.834 88.6039 168.124
11100000 -13.2768 101.183 295.173 87.9064 171.192
11200000 -9.29355 105.139 306.714 95.8459 169.827
11300000 3.15228 101.481 296.042 104.633 172.496
11400000 3.07485 102.294 298.413 105.369 172.014
11500000 -1.45394 103.684 302.469 102.23 170.954
11600000 -2.66824 101.944 297.391 99.2754 170.52
11700000 -9.35613 101.935 297.365 92.5786 176.569
11800000 -7.70895 100.172 292.222 92.4627 177.793
11900000 -9.20166 103.639 302.336 94.4372 178.276
12000000 -7.93214 104.591 305.115 96.6593 178.371
12100000 -5.94237 106.287 310.062 100.345 178.074
12200000 -8.60483 101.636 296.495 93.0316 179.918
12300000 -11.0402 101.718 296.732 90.6775 180.228
12400000 -12.1057 101.771 296.887 89.665 178.436
12500000 -15.4761 103.996 303.377 88.5196 175.166
12600000 -18.8097 102.878 300.116 84.0679 174.945
12700000 -9.87203 101.174 295.147 91.3022 173.057
12800000 -13.6532 101.935 297.365 88.2816 174.369
12900000 -16.1015 99.079 289.034 82.9775 173.15
13000000 -21.7052 103.149 300.909 81.4443 173.757
13100000 -19.3482 102.947 300.319 83.5991 174.042
13200000 -11.2429 102.594 299.288 91.3511 176.014
13300000 -9.23498 101.846 297.106 92.6109 179.197
13400000 -11.9705 101.117 294.978 89.1461 181.404
13500000 -7.62199 103.068 300.671 95.446 185.983
13600000 -8.02559 103.759 302.686 95.7331 190.312
13700000 -8.87564 102.564 299.2 93.6881 187.415
13800000 -12.8118 105.067 306.503 92.2555 189.406
13900000 -9.36911 100.591 293.446 91.222 184.676
14000000 -7.15733 100.128 292.095 92.971 184.917
14100000 -16.9469 103.479 301.87 86.5322 184.689
14200000 0.417567 101.301 295.517 101.719 188.08
14300000 -4.52689 104.082 303.628 99.5548 184.88
14400000 -0.290148 103.119 300.82 102.829 185.991
14500000 -13.4512 98.7673 288.125 85.3162 189.719
14600000 -3.43808 102.776 299.818 99.3376 193.219
14700000 -12.5599 104.861 305.9 92.3007 192.537
14800000 -2.41758 104.382 304.504 101.964 191.234
14900000 -3.04751 106.259 309.98 103.211 193.127
15000000 -5.32931 103.675 302.442 98.3456 197.989
15100000 0.0254018 98.9349 288.614 98.9603 197.396
15200000 -10.1101 98.2915 286.737 88.1814 197.093
15300000 -11.1254 103.882 303.045 92.7565 196.026
15400000 -0.807484 100.961 294.524 100.153 201.938
15500000 -6.54365 99.9934 291.702 93.4497 204.094
15600000 -8.98253 99.398 289.965 90.4154 205.503
15700000 3.60279 102.263 298.323 105.866 203.547
15800000 -8.00305 104.701 305.434 96.6975 205.15
15900000 -12.6792 105.812 308.675 93.1327 208.281
16000000 -6.92732 104.515 304.893 97.5879 208.173
16100000 0.348324 106.764 311.453 107.112 208.026
16200000 4.05507 105.633 308.153 109.688 202.142
16300000 1.36382 103.521 301.992 104.884 199.44
16400000 4.45316 101.537 296.204 105.99 200.364
16500000 11.9991 103.537 302.039 115.536 205.967
16600000 1.01852 105.734 308.447 106.752 207.357
16700000 -1.23623 108.689 317.07 107.453 206.719
16800000 -4.48914 101.682 296.627 97.1925 206.715
16900000 -4.0859 98.1239 286.248 94.038 206.24
17000000 5.14013 102.686 299.556 107.826 205.058
17100000 4.27255 101.438 295.915 105.71 204.044
17200000 -2.77394 107.159 312.606 104.385 205.517
17300000 -4.56473 104.763 305.616 100.198 200.762
17400000 -2.7443 101.177 295.156 98.4332 202.465
17500000 -5.3363 103.711 302.546 98.3745 201.992
17600000 -4.29805 102.494 298.997 98.196 203.903
17700000 -11.6921 106.874 311.775 95.1821 203.735
17800000 -6.56616 106.311 310.133 99.7452 203.55
17900000 -3.23769 100.544 293.308 97.3062 202.414
18000000 -17.9633 96.0946 280.328 78.1313 201.11
18100000 -0.991797 103.701 302.518 102.709 201.041
18200000 -15.8507 100.716 293.809 84.8649 201.375
18300000 -15.2104 104.943 306.14 89.7322 201.207
18400000 -15.9374 101.835 297.074 85.8976 201.464
18500000 -14.166 107.067 312.336 92.9008 203.758
18600000 -12.488 106.808 311.581 94.3198 201.168
18700000 -18.3677 104.765 305.622 86.3973 204.798
18800000 -19.081 104.603 305.149 85.522 207.926
18900000 -13.1205 99.8709 291.344 86.7504 210.296
19000000 -15.9366 102.835 299.99 86.898 212.662
19100000 -6.33935 102.689 299.565 96.3493 211.616
19200000 -17.3413 102.807 299.91 85.466 211.854
19300000 -21.8731 96.1297 280.431 74.2567 209.223
19400000 -17.4195 102.044 297.685 84.6247 204.42
19500000 -18.7854 102.141 297.966 83.3552 201.808
19600000 -11.357 100.779 293.993 89.4218 201.322
19700000 -12.9268 104.1 303.683 91.1735 199.514
19800000 -12.8451 105.962 309.113 93.1167 195.267
19900000 -14.4907 105.527 307.846 91.0367 187.989
20000000 -21.7158 98.8317 288.313 77.1159 183.464
20100000 -18.9319 100.276 292.527 81.3444 185.452
20200000 -15.9361 104.716 305.478 88.7795 184.878
20300000 -16.0097 100.421 292.949 84.4112 182.027
20400000 -13.3252 100.551 293.328 87.2257 180.295
20500000 -13.5012 103.363 301.532 89.8618 179.522
20600000 -12.386 103.381 301.584 90.9948 177.451
20700000 -22.6674 99.3181 289.732 76.6507 176.021
20800000 -13.3181 106.175 309.734 92.8566 172.221
20900000 -12.8724 101.082 294.879 88.2101 171.952
21000000 -16.6742 102.061 297.733 85.3868 174.055
21100000 -13.927 105.566 307.959 91.6393 177.38
21200000 -7.08006 99.8784 291.366 92.7983 183.832
21300000 -6.95233 103.342 301.471 96.3899 191.168
21400000 1.77098 102.396 298.711 104.167 195.502
21500000 -16.892 104.278 304.202 87.3863 196.526
21600000 -18.668 101.685 296.636 83.0169 195.712
21700000 -7.28176 101.667 296.586 94.3857 200.622
21800000 -7.68793 101.747 296.817 94.0588 204.839
21900000 -10.548 102.588 299.272 92.0404 206.551
22000000 -7.96632 104.29 304.235 96.3235 210.487
22100000 -19.945 105.649 308.201 85.7041 214.445
22200000 -20.31 100.08 291.954 79.7697 215.925
22300000 -16.1929 103.475 301.859 87.2824 216.834
22400000 -23.3471 102.342 298.553 78.9949 215.914
22500000 -14.1882 101.981 297.499 87.7925 218.264
22600000 -23.3206 96.8555 282.548 73.5349 223.349
22700000 -27.0934 102.529 299.099 75.4357 224.177
22800000 -20.1632 103.088 300.73 82.925 229.544
22900000 -16.5854 101.814 297.014 85.2291 229.663
23000000 -20.1159 101.917 297.313 81.8008 230.328
23100000 -9.14361 105.038 306.419 95.8948 229.588
23200000 -10.503 103.882 303.046 93.3789 230.213
23300000 -16.4425 104.178 303.91 87.7357 226.476
23400000 -17.385 102.186 298.097 84.8005 224.307
23500000 -14.5476 102.384 298.677 87.8367 226.19
23600000 -10.153 100.916 294.393 90.7629 224.976
23700000 -1.69441 101.608 296.411 99.9134 222.601
23800000 2.07833 103.629 302.307 105.707 222.116
23900000 3.73054 106.184 309.762 109.915 226.622
24000000 -0.53861 101.132 295.024 100.593 224.773
24100000 -10.0384 103.793 302.785 93.7541 228.608
24200000 -10.8116 103.915 303.143 93.1037 233.825
24300000 -11.1345 101.854 297.128 90.719 238.34
24400000 -15.1393 101.6 296.389 86.4608 238.824
24500000 -13.3186 101.012 294.673 87.6934 238.068
24600000 -11.2838 103.352 301.501 92.0687 238.907
24700000 -19.318 99.2728 289.6 79.9548 241.233
24800000 -9.72091 101.517 296.147 91.7962 241.329
24900000 -1.51099 101.554 296.253 100.043 243.537
25000000 -1.02753 101.023 294.704 99.9951 244.992
25100000 -2.87992 103.167 300.96 100.287 245.375
25200000 1.14769 100.373 292.81 101.521 245.33
25300000 -4.05937 106.808 311.58 102.748 247.172
25400000 -7.69341 103.186 301.014 95.4923 248.492
25500000 -10.723 106.99 312.113 96.2673 251.35
25600000 -14.0662 105.63 308.144 91.5636 253.314
25700000 -7.83503 100.769 293.963 92.9335 259.668
25800000 -12.0604 105.038 306.417 92.9773 263.78
25900000 -14.4668 103.078 300.699 88.6109 267.605
26000000 -16.6496 101.62 296.446 84.9702 270.744
26100000 -15.4408 106.036 309.329 90.5951 271.521
26200000 -7.15715 99.0498 288.949 91.8926 270.544
26300000 -12.1861 99.7374 290.955 87.5513 272.736
26400000 -4.34169 108.224 315.712 103.882 274.879
26500000 -2.73614 104.26 304.149 101.524 279.166
26600000 -12.4632 99.6186 290.609 87.1554 275.1
26700000 -14.3571 102.679 299.536 88.3217 272.087
26800000 -8.08361 103.814 302.846 95.7299 274.539
26900000 -5.78989 105.051 306.457 99.2615 275.582
27000000 -9.56627 103.691 302.488 94.1247 276.823
27100000 -6.26824 103.889 303.067 97.6211 279.032
27200000 -5.37678 107.459 313.481 102.082 284.774
27300000 -3.90888 101.746 296.815 97.8373 283.574
27400000 -8.69164 99.6043 290.567 90.9127 280.808
27500000 -2.29089 104.075 303.609 101.784 282.166
27600000 -9.32195 103.771 302.721 94.4488 285.496
27700000 -4.03424 102.586 299.266 98.552 289.101
27800000 -9.17389 104.098 303.675 94.9238 288.755
27900000 -17.0097 103.834 302.906 86.8245 285.465
28000000 -17.6514 103.191 301.03 85.5397 286.389
28100000 -20.3819 103.735 302.618 83.3536 284.676
28200000 -12.7886 104.409 304.584 91.6208 289.361
28300000 -17.357 102.903 300.19 85.5463 291.046
28400000 -12.6344 102.88 300.124 90.246 295.077
28500000 -16.8689 106.915 311.894 90.046 296.872
28600000 -7.35239 103.081 300.709 95.7287 298.074
28700000 -12.8223 100.881 294.291 88.0587 300.935
28800000 -10.8491 104.706 305.449 93.8567 301.244
28900000 -10.3992 103.741 302.633 93.3413 302.139
29000000 -7.96379 101.309 295.541 93.3457 303.847
29100000 -8.43554 107.419 313.363 98.9831 305.794
29200000 -12.7926 106.928 311.933 94.1358 303.963
29300000 -18.7296 97.1986 283.549 78.469 305.655
29400000 -17.4731 106.473 310.604 88.9999 306.168
29500000 -9.37385 105.133 306.694 95.7587 305.993
29600000 -0.468828 100.09 291.984 99.6213 306.278
29700000 -3.6796 99.1623 289.277 95.4827 309.626
29800000 -6.86113 106.674 311.19 99.8128 314.624
29900000 -7.71096 109.228 318.64 101.517 317.101
30000000 -12.0907 101.071 294.847 88.9807 316.029
30100000 -17.1223 102.92 300.241 85.7981 317.146
30200000 -13.5896 105.281 307.126 91.6912 315.558
30300000 -6.42001 107.962 314.948 101.542 315.637
30400000 -0.903424 102.089 297.816 101.186 322.34
30500000 -5.31622 101.799 296.97 96.4832 325.726
30600000 -10.582 102.88 300.122 92.2977 323.344
30700000 -17.7857 101.842 297.094 84.056 322.606
30800000 -17.2281 104.119 303.738 86.8912 326.127
30900000 -18.2413 106.673 311.187 88.4314 331.327
31000000 -12.622 101.21 295.252 88.5883 330.831
31100000 -9.58685 102.135 297.95 92.5483 334.017
31200000 -9.66809 105.387 307.436 95.7188 332.71
31300000 -19.2915 100.266 292.498 80.9749 328.946
31400000 -16.6629 106.253 309.963 89.5903 327.907
31500000 -12.7004 105.269 307.093 92.5689 332.409
31600000 -7.9714 107.798 314.471 99.8269 334.278
31700000 -9.65704 107.568 313.799 97.9111 332.611
31800000 -12.7234 101.09 294.902 88.3671 328.741
31900000 -14.0272 104.994 306.289 90.9666 325.911
32000000 -12.2837 101.094 294.912 88.8102 327.93
32100000 -8.72891 103.061 300.652 94.3324 331.32
32200000 -4.19656 107.244 312.852 103.047 333.696
32300000 -14.0847 102.609 299.332 88.5244 335.24
32400000 -8.08771 104.015 303.433 95.927 331.649
32500000 -8.57891 102.101 297.851 93.5225 334.515
32600000 -16.959 100.366 292.788 83.4068 336.96
32700000 -11.6633 99.1364 289.202 87.4732 340.089
32800000 -5.57904 101.771 296.887 96.1916 339.699
32900000 -14.9239 100.21 292.333 85.2857 333.55
33000000 -11.8819 104.174 303.899 92.2926 329.641
33100000 -22.2484 100.532 293.274 78.2839 328.716
33200000 -20.0371 102.46 298.898 82.423 330.408
33300000 -23.689 103.86 302.98 80.1705 329.068
33400000 -22.8704 100.907 294.366 78.0362 333.062
33500000 -21.9854 104.621 305.203 82.636 331.375
33600000 -15.4893 105.18 306.834 89.6912 327.62
33700000 -18.6048 104.882 305.963 86.277 330.829
33800000 -10.5532 101.942 297.386 91.3886 336.182
33900000 -7.08921 101.553 296.252 94.4638 332.877
34000000 -11.9073 100.446 293.021 88.5384 330.491
34100000 -10.3471 102.838 300.001 92.4912 334.708
34200000 -14.7496 102.4 298.723 87.6507 330.109
34300000 -9.64406 98.839 288.334 89.1949 329.771
34400000 -11.0429 102.73 299.686 91.6873 330.116
34500000 -12.1176 101.971 297.47 89.8531 333.954
34600000 -12.5305 103.695 302.501 91.1649 334.345
34700000 -19.7345 107.309 313.043 87.5746 333.92
34800000 -15.2926 105.411 307.506 90.1184 331.282
34900000 -17.7045 105.829 308.726 88.1246 329.856
35000000 -18.4865 103.564 302.118 85.0774 325.959
35100000 -21.3691 97.3111 283.877 75.942 328.413
35200000 -19.7522 103.719 302.57 83.9668 325.512
35300000 -11.782 101.024 294.708 89.2419 325.189
35400000 -11.2864 104.04 303.507 92.7536 328.37
35500000 -4.2614 104.666 305.331 100.404 327.485
35600000 -6.24537 102.212 298.174 95.9666 328.096
35700000 -7.72876 101.878 297.199 94.1492 325.223
35800000 -6.40939 102.052 297.706 95.6423 321.846
35900000 -2.26661 104.367 304.462 102.101 318.745
36000000 -9.67082 102.665 299.495 92.9939 317.637
36100000 -12.937 104.695 305.416 91.7575 318.488
36200000 -13.0714 102.263 298.322 89.1913 318.926
36300000 -16.9357 100.787 294.018 83.8516 318.56
36400000 -7.66845 106.62 311.033 98.9515 322.38
36500000 -9.02264 104.899 306.011 95.8759 321.825
36600000 -4.0731 98.4366 287.16 94.3635 326.68
36700000 -12.397 100.719 293.818 88.3219 328.208
36800000 -21.9517 102.331 298.523 80.3798 334.405
36900000 -13.0255 101.788 296.936 88.7622 330.24
37000000 -17.3221 106.235 309.91 88.913 321.75
37100000 -7.94865 104.479 304.787 96.5304 318.618
37200000 -10.4287 107.208 312.749 96.7796 313.867
37300000 -12.5444 99.8466 291.273 87.3022 314.889
37400000 -10.9123 99.6624 290.736 88.7501 311.77
37500000 -13.8588 99.8079 291.161 85.9491 310.713
37600000 -16.4869 100.54 293.298 84.0536 314.339
37700000 -14.3739 99.1211 289.157 84.7471 315.663
37800000 -17.9643 103.384 301.593 85.4196 314.934
37900000 -5.03228 102.11 297.877 97.0781 315.097
38000000 -4.87297 103.384 301.594 98.5115 320.044
38100000 -3.45812 102.052 297.708 98.5943 325.029
38200000 -11.9179 98.3515 286.912 86.4336 324.695
38300000 -11.2503 101.367 295.71 90.117 323.82
38400000 -4.94895 102.745 299.729 97.7961 327.426
38500000 -5.25297 103.883 303.048 98.6297 331.262
38600000 -7.47726 103.596 302.212 96.1189 333.788
38700000 -11.7343 96.6667 281.997 84.9324 336.715
38800000 -16.3228 99.5531 290.417 83.2302 339.416
38900000 -13.863 101.209 295.247 87.3458 345.078
39000000 -19.7398 104.045 303.52 84.3049 346.528
39100000 -16.6204 102.863 300.073 86.2425 346.645
39200000 -9.74139 102.515 299.059 92.7739 348.536
39300000 -17.5248 108.179 315.581 90.6544 348.519
39400000 -14.1683 100.947 294.485 86.7791 351.05
39500000 -11.413 99.6002 290.555 88.1872 348.495
39600000 -0.624377 107.224 312.794 106.599 346.194
39700000 -11.6557 94.3814 275.33 82.7257 349.234
39800000 -14.6933 100.517 293.228 85.8233 352.2
39900000 -16.2704 102.471 298.93 86.2006 353.973
40000000 -23.5483 100.453 293.042 76.9046 355.021
40100000 -31.7138 102.92 300.239 71.2059 359.835
40200000 -19.0885 101.989 297.524 82.9007 364.114
40300000 -24.5088 105.719 308.406 81.2105 364.44
40400000 -7.31484 105.471 307.682 98.1566 363.976
40500000 -12.8563 104.757 305.597 91.9003 365.742
40600000 -13.9152 102.39 298.692 88.4745 370.955
40700000 -20.8454 104.43 304.644 83.5845 370.972
40800000 -24.2586 106.944 311.979 82.6855 374.467
40900000 -22.3881 101.04 294.755 78.652 379.148
41000000 -19.522 103.158 300.933 83.6357 379.124
41100000 -26.9786 107.233 312.822 80.2547 382.929
41200000 -13.1776 107.023 312.21 93.8457 380.696
41300000 -22.5047 101.11 294.959 78.6052 383.35
41400000 -22.001 98.0467 286.023 76.0457 386.827
41500000 -22.8337 106.27 310.013 83.4367 388.734
41600000 -21.8776 105.362 307.363 83.4842 392.126
41700000 -15.0157 103.852 302.959 88.8367 397.983
41800000 -23.7904 105.512 307.8 81.7214 395.197
41900000 -17.1183 101.838 297.082 84.7194 397.398
42000000 -11.7289 103.08 300.705 91.3507 400.881
42100000 -19.8489 99.3503 289.826 79.5014 396.955
42200000 -16.2352 100.718 293.817 84.4832 393.824
42300000 -16.4699 110.875 323.447 94.4056 390.78
42400000 -14.2525 102.058 297.725 87.8056 388.396
42500000 -16.2656 98.3273 286.842 82.0618 390.235
42600000 -14.3644 101.12 294.987 86.7552 388.776
42700000 -15.0542 100.025 291.793 84.9704 390.138
42800000 -9.47407 98.9002 288.513 89.4261 391.824
42900000 -12.2289 105.831 308.731 93.6019 393.949
43000000 -11.2394 109.388 319.108 98.1488 393.352
43100000 -3.2468 104.014 303.431 100.767 393.326
43200000 0.0822533 107.439 313.421 107.521 389.331
43300000 -0.102826 104.254 304.131 104.151 388.593
43400000 4.02314 102.939 300.295 106.962 389.356
43500000 2.27884 107.286 312.975 109.564 389.804
43600000 10.0696 103.613 302.26 113.682 391.832
43700000 5.85316 106.015 309.268 111.868 394.203
43800000 0.10024 104.533 304.946 104.634 397.026
43900000 7.33351 105.221 306.953 112.555 396.374
44000000 -8.6513 106.694 311.25 98.0431 395.826
44100000 -3.94907 104.843 305.848 100.894 397.67
44200000 -12.2881 106.251 309.957 93.963 403.567
44300000 -3.30513 103.031 300.563 99.7257 405.026
44400000 -3.98 98.1087 286.204 94.1287 405.093
44500000 -1.20265 101.039 294.754 99.8368 399.036
44600000 1.91849 100.448 293.027 102.366 392.008
44700000 1.55073 102.038 297.667 103.589 393.192
44800000 -8.79061 104.229 304.058 95.4384 395.575
44900000 -2.92394 103.068 300.671 100.144 398.423
45000000 -6.52167 103.838 302.918 97.3167 402.54
45100000 -2.9279 105.359 307.355 102.431 402.109
45200000 -9.51906 103.519 301.987 94 399.016
45300000 -6.81904 103.646 302.357 96.827 397.469
45400000 -1.72809 98.0547 286.046 96.3266 394.922
45500000 3.29649 100.946 294.48 104.242 394.243
45600000 -6.79317 100.458 293.058 93.6653 392.961
45700000 -17.6405 100.514 293.221 82.8737 395.265
45800000 -11.7854 107.87 314.68 96.0847 397.078
45900000 -11.1309 102.503 299.024 91.3724 396.081
46000000 -2.17314 103.932 303.193 101.759 398.033
46100000 3.61592 102.897 300.174 106.513 399.809
46200000 -7.8349 101.603 296.398 93.7683 397.122
46300000 0.325516 103.519 301.986 103.844 399.858
46400000 -1.51096 103.763 302.698 102.252 403.791
46500000 -1.19851 103.185 301.013 101.987 404.938
46600000 -0.852565 103.723 302.582 102.871 405.55
46700000 8.49199 101.19 295.191 109.682 409.403
46800000 -4.05645 103.094 300.747 99.0376 408.362
46900000 -4.11315 106.562 310.864 102.449 405.06
47000000 -6.69972 105.266 307.083 98.5661 402.048
47100000 -4.11906 102.881 300.124 98.7615 399.549
47200000 -13.7054 107.732 314.278 94.0268 395.009
47300000 -11.094 105.257 307.058 94.1633 395.64
47400000 -3.67238 97.9311 285.686 94.2588 396.936
47500000 -4.11939 102.548 299.155 98.4288 397.624
47600000 -4.00233 107.385 313.266 103.383 399.572
47700000 -10.4765 100.901 294.35 90.4248 395.89
47800000 -3.06628 100.921 294.409 97.8552 394.618
47900000 -6.92882 102.732 299.691 95.8031 394.16
48000000 -4.96091 104.565 305.037 99.6038 395.187
48100000 -6.10957 104.453 304.711 98.3434 404.087
48200000 -9.65736 108.117 315.401 98.4601 404.797
48300000 -6.74971 103.426 301.716 96.6764 399.055
48400000 -7.37156 104.228 304.055 96.8566 394.096
48500000 -7.02422 101.644 296.518 94.6201 392.768
48600000 -4.56773 104.462 304.738 99.8943 394.468
48700000 -0.663551 104.168 303.879 103.504 398.037
48800000 -3.43022 101.421 295.866 97.9907 399.823
48900000 3.92478 103.95 303.243 107.874 394.172
49000000 2.11764 104.584 305.094 106.702 395.976
49100000 -3.06276 102.074 297.772 99.0113 398.77
49200000 -4.94065 105.278 307.117 100.337 399.429
49300000 -7.10899 102.452 298.874 95.343 402.063
49400000 -10.9598 104.747 305.57 93.7874 403.517
49500000 -12.6622 105.489 307.733 92.8267 405.694
49600000 -12.1864 105.376 307.404 93.1896 411.035
49700000 -2.14452 106.323 310.165 104.178 413.496
49800000 -5.3813 103.265 301.245 97.8834 419.136
49900000 -2.98269 102.439 298.835 99.4559 423.993
50000000 -4.48299 102.396 298.711 97.9133 420.167
50100000 -13.5148 103.816 302.854 90.3015 417.491
50200000 -7.80403 102.653 299.46 94.8489 423.198
50300000 -6.87382 100.725 293.836 93.8512 424.827
50400000 -5.95432 101.206 295.239 95.2515 425.396
50500000 -1.90208 105.694 308.331 103.792 422.42
50600000 6.17203 105.366 307.376 111.538 421.782
50700000 4.88061 102.745 299.729 107.626 421.79
50800000 2.28705 103.465 301.829 105.752 426.537
50900000 -5.17448 101.769 296.883 96.5948 426.371
51000000 -4.50703 101.725 296.754 97.2184 428.542
51100000 -1.68714 107.179 312.662 105.491 425.985
51200000 -9.99308 101.54 296.215 91.5473 423.935
51300000 -6.34754 102.274 298.354 95.9263 418.436
51400000 -4.84172 104.17 303.885 99.328 419.734
51500000 -2.67727 100.112 292.047 97.4345 423.031
51600000 -4.02907 104.926 306.091 100.897 426.527
51700000 -4.07357 99.8003 291.138 95.7267 432.553
51800000 -0.311191 109.406 319.161 109.095 433.055
51900000 -6.50039 101.684 296.633 95.1832 433.727
52000000 -2.67367 105.303 307.19 102.629 440.856
52100000 -13.5151 101.138 295.04 87.6225 447.241
52200000 1.96938 102.48 298.954 104.449 444.286
52300000 -1.15426 101.098 294.924 99.9436 446.192
52400000 0.771111 102.709 299.625 103.481 446.134
52500000 -8.67079 104.188 303.939 95.5175 445.939
52600000 -7.25771 107.868 314.673 100.61 447.579
52700000 0.828196 100.135 292.115 100.963 444.623
52800000 -6.93966 100.959 294.517 94.0189 439.675
52900000 -7.77361 103.606 302.24 95.8321 437.778
53000000 -7.96832 103.759 302.688 95.7911 439.205
53100000 -12.67 98.6213 287.699 85.9513 442.139
53200000 -12.1598 102.769 299.8 90.6094 448.787
53300000 -8.71235 98.8423 288.344 90.13 452.389
53400000 -11.4425 105.819 308.698 94.377 454.165
53500000 -22.0396 101.004 294.649 78.9641 454.837
53600000 -6.48189 97.6921 284.988 91.2102 455.855
53700000 -14.6864 104.999 306.303 90.3121 448.244
53800000 -21.1884 97.6711 284.927 76.4827 447.089
53900000 -13.7374 105.669 308.259 91.9315 448.57
54000000 -15.3607 103.381 301.585 88.0204 451.387
54100000 -15.2684 104.644 305.269 89.3756 450.51
54200000 -14.7428 102.049 297.699 87.3065 450.943
54300000 -11.5557 103.964 303.284 92.4081 453.691
54400000 -19.3721 102.753 299.753 83.381 453.246
54500000 -17.1233 106.145 309.647 89.0215 445.7
54600000 -9.43914 104.226 304.049 94.7867 443.192
54700000 -11.1118 105.216 306.937 94.1042 443.367
54800000 -7.11343 105.778 308.577 98.6646 446.862
54900000 -13.8688 101.729 296.764 87.8599 449.937
55000000 -4.39928 106.73 311.353 102.331 450.508
55100000 2.49318 102.905 300.196 105.398 449.287
55200000 -2.78923 103.333 301.443 100.543 447.623
55300000 -9.63307 100.921 294.408 91.2881 449.452
55400000 -12.645 100.164 292.198 87.5185 452.454
55500000 -5.68946 103.334 301.446 97.6442 453.09
55600000 -9.18561 105.374 307.399 96.1885 451.578
55700000 -6.52625 102.791 299.863 96.2646 447.484
55800000 -2.18917 98.9614 288.691 96.7722 444.488
55900000 -3.53742 105.134 306.699 101.597 443.393
56000000 0.963022 102.576 299.235 103.539 448.621
56100000 -7.99591 101.36 295.688 93.3639 451.744
56200000 -6.75617 100.704 293.774 93.9476 452.78
56300000 -9.1807 100.056 291.884 90.8752 452.049
56400000 -6.53542 103.754 302.671 97.2183 451.301
56500000 -5.96243 105.965 309.122 100.003 453.51
56600000 2.04474 101.4 295.805 103.445 452.809
56700000 -1.81842 104.45 304.702 102.631 454.818
56800000 -5.93171 103.297 301.338 97.365 455.566
56900000 -4.6594 107.076 312.362 102.416 457.633
57000000 -5.71333 103.524 302.003 97.8111 459.046
57100000 -3.44465 107.62 313.949 104.175 458.798
57200000 -8.92846 102.106 297.865 93.1776 456.276
57300000 -2.46187 104.741 305.552 102.279 453.862
57400000 -2.83018 100.397 292.879 97.5669 449.591
57500000 -10.637 99.8805 291.373 89.2435 446.378
57600000 -5.70739 99.4622 290.152 93.7549 444.098
57700000 -5.471 102.483 298.963 97.0116 445.376
57800000 -0.787155 97.1313 283.353 96.3442 440.024
57900000 -8.3292 101.139 295.045 92.8101 427.959
58000000 -14.0289 105.623 308.125 91.5945 426.138
58100000 -12.5321 100.848 294.194 88.3155 425.052
58200000 -7.85477 100.451 293.037 92.5963 423.153
58300000 -6.3998 100.128 292.095 93.7283 422.989
58400000 -4.12021 98.9659 288.704 94.8456 429.08
58500000 -5.90289 104.268 304.17 98.3647 431.781
58600000 -3.40532 101.775 296.9 98.37 435.104
58700000 -2.61614 102.835 299.991 100.219 434.047
58800000 -10.2253 103.285 301.303 93.0594 427.004
58900000 -10.1522 100.504 293.192 90.352 422.587
59000000 -3.12969 101.684 296.634 98.5546 421.806
59100000 -14.1235 102.078 297.784 87.9548 418.221
59200000 -7.74917 104.896 306.004 97.1467 415.972
59300000 -1.01844 99.886 291.389 98.8676 414.777
59400000 -6.02181 101.825 297.044 95.8027 416.43
59500000 -5.0287 104.667 305.335 99.6382 414.244
59600000 -6.46618 105.671 308.265 99.205 411.713
59700000 -14.3666 104.737 305.541 90.3706 407.233
59800000 -10.4822 103.35 301.494 92.8678 408.335
59900000 -9.9081 105.563 307.949 95.6548 407.168
60000000 -7.28129 102.489 298.982 95.2078 402.438
60100000 -4.39933 104.229 304.058 99.8296 402.568
60200000 -12.0221 103.111 300.798 91.0894 399.823
60300000 -4.0162 99.6087 290.58 95.5925 393.339
60400000 5.09039 103.248 301.196 108.338 392.904
60500000 -1.35858 101.707 296.7 100.348 388.361
60600000 1.13757 102.944 300.308 104.081 387.441
60700000 -4.06682 107.465 313.498 103.398 389.061
60800000 -6.0736 100.885 294.304 94.8119 392.281
60900000 -0.320913 99.4188 290.026 99.0979 394.445
61000000 -2.4599 107.088 312.399 104.628 396.342
61100000 -8.56272 102.132 297.94 93.569 399.71
61200000 -4.61921 103.008 300.496 98.3889 399.695
61300000 -14.7248 104.101 303.686 89.3767 400.675
61400000 -9.64153 103.131 300.854 93.4892 394.19
61500000 -0.356534 103.529 302.017 103.173 389.317
61600000 -3.39031 104.147 303.82 100.757 388.405
61700000 -7.68438 103.264 301.244 95.5799 384.47
61800000 -21.1537 102.863 300.073 81.7095 381.488
61900000 -12.9831 102.361 298.608 89.3777 383.123
62000000 -13.762 101.685 296.636 87.9229 382.06
62100000 -12.5512 106.511 310.714 93.9594 377.143
62200000 -12.2819 101.041 294.759 88.7595 381.918
62300000 -19.1653 104.267 304.168 85.1014 387.187
62400000 -17.7621 100.705 293.778 82.943 384.456
62500000 -19.2153 102.229 298.224 83.014 380.455
62600000 -14.4862 103.244 301.186 88.7581 377.444
62700000 -7.88622 105.657 308.222 97.7703 379.439
62800000 -19.1027 99.3709 289.886 80.2683 381.981
62900000 -15.8286 100.992 294.614 85.1632 384.48
63000000 -14.8969 105.626 308.133 90.7292 385.097
63100000 -11.4766 105.999 309.222 94.5225 385.614
63200000 -5.01037 104.718 305.485 99.7078 383.065
63300000 -8.41678 102.433 298.819 94.0163 385.57
63400000 -9.18178 106.291 310.072 97.1089 385.187
63500000 -2.54382 103.554 302.089 101.01 384.607
63600000 -6.54108 100.684 293.718 94.1433 384.924
63700000 -9.08666 102.534 299.114 93.4476 387.981
63800000 8.87091 99.8299 291.225 108.701 387.414
63900000 21.0466 99.7175 290.897 120.764 385.401
64000000 14.0444 101.885 297.22 115.929 386.78
64100000 0.623471 101.455 295.964 102.078 382.93
64200000 1.8054 106.397 310.383 108.202 382.262
64300000 -3.99032 100.538 293.291 96.5477 384.828
64400000 -14.2121 102.914 300.221 88.7017 381.257
64500000 -7.10998 105.027 306.385 97.9166 379.167
64600000 -1.80218 102.69 299.569 100.888 377.959
64700000 -8.10455 102.092 297.823 93.9872 377.766
64800000 5.3816 97.7564 285.176 103.138 376.864
64900000 7.8404 103.221 301.119 111.062 378.794
65000000 0.6217 104.548 304.988 105.169 380.549
65100000 1.00077 103.559 302.105 104.56 380.77
65200000 -0.38534 104.831 305.813 104.445 382.118
65300000 -3.67693 104.272 304.185 100.596 378.424
65400000 -1.90013 103.921 303.161 102.021 374.786
65500000 -8.8241 101.069 294.841 92.2452 377.422
65600000 -16.1692 102.911 300.212 86.7414 375.66
65700000 -21.0608 101.694 296.663 80.6333 376.18
65800000 -8.24901 103.67 302.428 95.4214 378.284
65900000 -16.339 103.73 302.601 87.3906 377.793
66000000 -10.0834 96.1716 280.553 86.0882 377.56
66100000 -3.69064 102.869 300.09 99.1783 378.66
66200000 -7.13316 101.642 296.511 94.5088 379.371
66300000 -6.83927 104.951 306.163 98.1114 374.057
66400000 -9.0302 101.363 295.697 92.3326 376.08
66500000 -13.1846 102.287 298.393 89.1026 376.123
66600000 -6.53773 102.294 298.412 95.756 375.093
66700000 -3.25811 104.602 305.146 101.344 375.3
66800000 4.84157 102.019 297.612 106.861 374.897
66900000 1.94963 101.686 296.638 103.635 376.829
67000000 4.11872 101.233 295.319 105.352 379.995
67100000 -13.328 101.657 296.556 88.3292 378.231
67200000 -14.7042 101.102 294.936 86.3977 378.516
67300000 -16.3725 103.728 302.596 87.3554 379.277
67400000 -11.9498 105.961 309.109 94.0108 378.031
67500000 -13.9515 102.24 298.255 88.2884 379.982
67600000 -16.6235 104.871 305.93 88.2472 383.296
67700000 -14.2804 105.581 308.003 91.3009 380.722
67800000 -2.54572 105.471 307.682 102.926 377.087
67900000 3.87946 101.266 295.413 105.145 376.118
68000000 -8.30221 97.5881 284.685 89.2859 375.972
68100000 -11.5203 105.072 306.517 93.5516 377.336
68200000 -8.00461 105.398 307.467 97.3931 378.618
68300000 -4.94752 102.743 299.723 97.7955 377.016
68400000 -5.6108 104.645 305.272 99.0343 379.497
68500000 -2.6677 99.5492 290.406 96.8815 377.988
68600000 -11.6041 103.292 301.324 91.6876 379.155
68700000 -16.63 106.733 311.364 90.1033 381.255
68800000 -21.0223 102.118 297.9 81.0958 381.254
68900000 -16.1956 102.729 299.681 86.5332 380.056
69000000 -15.7833 99.7395 290.961 83.9562 382.177
69100000 -1.58248 99.8568 291.303 98.2743 378.418
69200000 -4.91708 104.361 304.444 99.4442 379.445
69300000 -10.8918 107.516 313.647 96.6241 382.237
69400000 -5.56764 100.07 291.925 94.5023 381.345
69500000 -9.33317 103.074 300.689 93.741 378.664
69600000 -4.49075 100.033 291.817 95.542 380.509
69700000 -10.2271 102.929 300.267 92.7023 379.289
69800000 -3.64602 104.706 305.45 101.06 377.157
69900000 -12.6414 99.2728 289.6 86.6314 378.205
70000000 -9.72872 109.102 318.273 99.373 379.671
70100000 -9.85764 105.282 307.13 95.4244 378.514
70200000 -14.4932 104.594 305.122 90.1005 380.103
70300000 -17.4318 103.402 301.645 85.9701 379.067
70400000 -19.7181 103.287 301.309 83.5687 374.345
70500000 -22.1695 106.478 310.618 84.3081 373.333
70600000 -19.8279 103.524 302.002 83.6961 373.985
70700000 -20.7582 106.193 309.786 85.4344 373.627
70800000 -13.0588 100.389 292.855 87.3297 368.772
70900000 -7.01195 100.972 294.557 93.9603 365.502
71000000 -13.4282 102.582 299.255 89.1542 363.637
71100000 -19.4301 101.861 297.151 82.4311 364.037
71200000 -17.1358 102.894 300.163 85.7581 363.935
71300000 -7.55144 102.945 300.312 95.3935 367.504
71400000 -14.2823 104.923 306.082 90.6403 369.515
71500000 -11.3746 103.956 303.261 92.5813 367.336
71600000 -11.6113 103.338 301.459 91.7267 366.608
71700000 0.398635 105.408 307.497 105.807 366.185
71800000 -2.14611 105.515 307.81 103.369 366.187
71900000 4.93253 100.275 292.523 105.207 363.056
72000000 3.76535 101.834 297.071 105.599 363.892
72100000 1.57057 102.885 300.136 104.455 367.626
72200000 6.63062 104.937 306.124 111.568 368.914
72300000 5.48519 106.761 311.446 112.247 370.297
72400000 -0.25857 104.868 305.923 104.61 370.675
72500000 -6.86412 101.388 295.769 94.5236 373.658
72600000 -6.14499 105.611 308.088 99.4655 372.164
72700000 -2.74361 103.416 301.686 100.672 374.3
72800000 -2.81442 100.383 292.839 97.5688 373.935
72900000 -4.84402 101.543 296.221 96.6985 374.326
73000000 -5.111 98.3365 286.868 93.2255 378.071
73100000 -3.57181 97.9255 285.669 94.3537 376.632
73200000 -2.98809 102.525 299.087 99.5369 376.704
73300000 -4.49115 104.52 304.908 100.029 379.227
73400000 -8.75848 104.016 303.437 95.2578 378.12
73500000 -11.4826 104.003 303.398 92.5201 377.947
73600000 -11.0041 102.108 297.87 91.1036 377.033
73700000 -11.2657 101.898 297.258 90.6322 378.514
73800000 -11.3312 100.329 292.681 88.9979 380.228
73900000 -6.10063 103.735 302.617 97.6343 375.442
74000000 -7.01624 98.4468 287.19 91.4306 373.405
74100000 -9.74547 103.555 302.093 93.81 376.212
74200000 -0.00215676 105.455 307.634 105.453 378.425
74300000 -6.50525 102.888 300.147 96.3831 378.149
74400000 -0.175809 98.1996 286.469 98.0238 381.975
74500000 -6.53417 103.863 302.991 97.3289 383.144
74600000 -6.74539 101.762 296.861 95.0164 382.399
74700000 -6.12436 102.569 299.217 96.4451 384.325
74800000 -9.09992 101.109 294.955 92.0088 383.191
74900000 1.89429 100.902 294.353 102.796 384.313
75000000 -4.10228 100.128 292.094 96.0254 383.832
75100000 -8.12868 101.775 296.899 93.6462 387.039
75200000 -10.4346 99.7459 290.98 89.3113 389.096
75300000 -10.7283 99.6126 290.591 88.8843 393.545
75400000 -2.8486 103.822 302.872 100.974 392.642
75500000 1.6002 105.686 308.307 107.286 390.821
75600000 -2.872 102.573 299.227 99.7008 391.579
75700000 -4.33191 103.872 303.015 99.5397 393.938
75800000 -8.41093 98.0724 286.098 89.6615 389.042
75900000 -0.785409 101.346 295.647 100.56 389.454
76000000 -4.45412 102.601 299.31 98.1473 390.79
76100000 9.43402 100.009 291.747 109.443 392.439
76200000 0.901773 104.732 305.524 105.633 395.946
76300000 2.35882 105.005 306.321 107.363 394.324
76400000 3.34645 105.924 309.002 109.27 393.244
76500000 2.29217 104.11 303.711 106.402 389.212
76600000 -4.96112 104.223 304.042 99.2622 387.311
76700000 -6.07747 102.174 298.063 96.0964 386.189
76800000 -5.66591 104.336 304.371 98.6703 385.29
76900000 -8.72641 102.525 299.088 93.799 387.485
77000000 -12.9057 98.8664 288.414 85.9607 385.823
77100000 -11.4047 105.772 308.558 94.3669 385.639
77200000 -8.92881 100.728 293.845 91.7992 386.404
77300000 1.11866 103.899 303.096 105.018 386.095
77400000 -12.8278 105.756 308.514 92.9287 380.371
77500000 -10.5524 101.62 296.448 91.0679 378.324
77600000 -10.7056 104.023 303.458 93.3178 375.662
77700000 -8.63515 101.615 296.431 92.9795 371.874
77800000 -6.13434 103.065 300.662 96.9305 368.377
77900000 -2.22658 100.257 292.472 98.0307 371.664
78000000 0.441439 102.241 298.258 102.682 372.636
78100000 -2.20202 106.805 311.573 104.603 372.363
78200000 -5.49919 103.866 302.999 98.367 370.881
78300000 4.25729 99.6546 290.713 103.912 372.137
78400000 -0.356289 98.9255 288.587 98.5692 373.384
78500000 1.28405 100.351 292.744 101.635 375.146
78600000 3.51295 102.017 297.606 105.53 379.718
78700000 0.914982 100.233 292.4 101.148 380.052
78800000 2.26236 102.023 297.623 104.285 380.136
78900000 0.590413 104.972 306.225 105.562 380.922
79000000 3.21692 105.458 307.643 108.675 379.984
79100000 5.84446 105.005 306.321 110.849 380.013
79200000 -1.83435 100.726 293.838 98.8912 381.738
79300000 -11.725 102.399 298.72 90.6742 381.421
79400000 -10.8693 102.973 300.395 92.1041 382.457
79500000 -4.20948 101.264 295.409 97.0547 386.005
79600000 -7.33229 100.404 292.901 93.0721 389.944
79700000 -6.58811 104.712 305.466 98.1235 392.854
79800000 -9.66877 105.47 307.678 95.801 399.335
79900000 -13.1085 100.502 293.187 87.3938 399.717
80000000 -2.51143 101.57 296.302 99.059 395.604
80100000 -1.02852 100.485 293.136 99.4566 396.268
80200000 -0.00583155 97.4827 284.378 97.4768 392.636
80300000 -5.98953 99.8347 291.239 93.8451 386.671
80400000 -6.44868 105.255 307.051 98.8063 384.727
80500000 -4.33202 99.8616 291.317 95.5296 388.988
80600000 -9.43378 100.767 293.96 91.3336 393.107
80700000 -10.3305 103.101 300.767 92.7703 397.125
80800000 2.39658 104.483 304.798 106.879 401.872
80900000 -3.94931 102.142 297.971 98.1931 403.864
81000000 -11.1333 101.755 296.839 90.6212 399.655
81100000 -3.1655 102.082 297.794 98.9162 401.591
81200000 -0.68409 97.6149 284.763 96.9308 401.3
81300000 -9.79081 101.405 295.821 91.6145 403.145
81400000 -2.04702 99.9542 291.587 97.9072 407.655
81500000 -3.59185 105.895 308.919 102.304 406.608
81600000 -6.84851 102.275 298.358 95.4266 400.821
81700000 -2.10253 100.749 293.907 98.6466 397.541
81800000 3.54441 103.476 301.862 107.021 397.267
81900000 -3.17949 104.853 305.879 101.674 400.954
82000000 -4.27311 104.09 303.651 99.8165 402.936
82100000 2.84191 102.657 299.471 105.499 405.481
82200000 -4.12312 99.8432 291.264 95.7201 405.329
82300000 -8.2349 100.939 294.46 92.704 407.746
82400000 -9.48841 103.093 300.744 93.6047 406.325
82500000 -0.536004 103.226 301.131 102.69 402.952
82600000 3.36075 106.112 309.551 109.473 404.328
82700000 -4.81169 103.016 300.519 98.204 407.414
82800000 -1.60393 104.942 306.138 103.338 408.612
82900000 -3.16361 104.656 305.304 101.492 409.187
83000000 -6.24444 102.088 297.812 95.8433 406.672
83100000 -9.39572 109.016 318.024 99.6208 408.285
83200000 -12.0219 102.87 300.094 90.8482 412.19
83300000 -8.27575 102.023 297.621 93.7468 413.504
83400000 -8.76249 102.483 298.965 93.7208 417.517
83500000 -6.54255 102.243 298.265 95.7006 418.251
83600000 -3.68544 100.377 292.82 96.6911 418.45
83700000 -8.77839 99.9157 291.475 91.1373 415.512
83800000 -4.89782 105.625 308.129 100.727 417.603
83900000 -3.26823 106.127 309.594 102.858 418.132
84000000 -4.91282 98.3191 286.818 93.4063 414.441
84100000 5.58878 102.114 297.889 107.703 412.996
84200000 1.80134 102.592 299.281 104.393 414.466
84300000 -7.66162 104.847 305.859 97.1849 412.499
84400000 -4.54149 102.268 298.337 97.7265 414.811
84500000 -3.89955 99.5517 290.413 95.6521 409.488
84600000 -5.88941 104.988 306.272 99.0986 408.849
84700000 -3.70641 102.291 298.404 98.5844 410.862
84800000 -7.44851 101.309 295.539 93.8601 412.487
84900000 -7.52847 98.9614 288.691 91.4329 408.051
85000000 -6.91478 101.529 296.181 94.6139 408.982
85100000 -6.19772 106.398 310.385 100.2 409.509
85200000 -7.5399 104.77 305.635 97.2299 413.992
85300000 -2.91681 100.818 294.107 97.9011 414.079
85400000 -7.77599 106.448 310.531 98.672 417.258
85500000 -9.82468 101.902 297.269 92.0771 422.753
85600000 -4.97814 107.69 314.154 102.712 425.43
85700000 -1.13947 109.237 318.666 108.097 423.741
85800000 -2.52464 105.423 307.541 102.898 424.542
85900000 -7.5174 105.768 308.547 98.2502 421.863
86000000 0.707953 102.88 300.122 103.588 420.522
86100000 0.281265 101.743 296.806 102.024 421.832
86200000 -0.0534641 102.706 299.616 102.653 419.654
86300000 10.8559 106.267 310.003 117.123 418.28
86400000 -7.08754 100.453 293.043 93.3657 417.51
86500000 -6.97333 105.172 306.808 98.1984 415.354
86600000 -3.76928 101.708 296.704 97.9388 421.927
86700000 -1.89804 100.213 292.343 98.3151 426.028
86800000 -5.58516 106.546 310.817 100.961 424.63
86900000 -2.46302 100.711 293.794 98.2475 420.752
87000000 -11.6661 100.233 292.401 88.567 414.648
87100000 -17.2051 103.896 303.085 86.6904 418.949
87200000 -9.2816 100.586 293.429 91.304 417.052
87300000 -10.2651 104.231 304.064 93.9661 413.637
87400000 -1.41529 99.6441 290.683 98.2288 417.779
87500000 -9.57918 97.7109 285.043 88.1317 421.099
87600000 -9.59007 103.449 301.784 93.8593 420.36
87700000 0.10745 104.067 303.584 104.174 417.913
87800000 1.58971 101.533 296.194 103.123 411.259
87900000 -6.39822 102.318 298.484 95.9202 407.797
88000000 -3.48846 101.061 294.817 97.5727 410.119
88100000 -9.36131 100.491 293.153 91.1294 413.281
88200000 -2.86233 100.147 292.15 97.2848 412.475
88300000 -9.71552 99.9897 291.691 90.2742 413.654
88400000 -13.6486 98.9282 288.595 85.2796 408.878
88500000 -19.8975 103.857 302.973 83.9597 412.338
88600000 -9.72369 106.838 311.668 97.1141 414.42
88700000 -15.4746 101.556 296.261 86.0817 412.885
88800000 -11.516 99.9827 291.671 88.4667 412.767
88900000 -11.9366 99.7166 290.894 87.7799 410.966
89000000 -6.90098 101.323 295.582 94.4225 410.628
89100000 -3.30432 101.479 296.037 98.175 404.627
89200000 3.40835 102.878 300.118 106.287 401.731
89300000 6.0968 105.4 307.474 111.497 402.46
89400000 17.639 100.867 294.25 118.506 400.051
89500000 15.647 102.148 297.987 117.795 398.771
89600000 7.96249 102.952 300.334 110.915 398.052
89700000 12.1261 102.49 298.984 114.616 401.608
89800000 7.60578 104.345 304.395 111.95 402.307
89900000 7.52463 101.618 296.44 109.142 401.326
90000000 4.19393 104.078 303.616 108.271 402.675
90100000 4.64 101.779 296.91 106.419 402.465
90200000 1.1504 102.133 297.942 103.283 405.143
90300000 1.39797 100.963 294.532 102.361 408.866
90400000 -14.1864 107.22 312.784 93.0339 411.69
90500000 -6.54611 102.861 300.067 96.3147 411.715
90600000 -9.02876 103.762 302.697 94.7337 411.196
90700000 -5.14784 99.3953 289.957 94.2475 411.987
90800000 -11.0033 103.637 302.331 92.6337 413.792
90900000 -8.56993 101.809 297 93.2396 415.643
91000000 -16.6336 104.68 305.373 88.0463 420.954
91100000 -13.8559 100.268 292.502 86.4119 426.985
91200000 -8.02148 104.354 304.424 96.3328 428.861
91300000 -0.695697 102.772 299.808 102.076 424.306
91400000 0.952623 100.537 293.289 101.49 422.521
91500000 5.60383 105.079 306.539 110.683 418.771
91600000 -7.37046 103.645 302.353 96.2741 422.427
91700000 -1.51064 101.11 294.96 99.5997 424.453
91800000 8.33354 101.34 295.629 109.673 427.22
91900000 12.44 102.351 298.579 114.791 426.968
92000000 17.6663 99.7751 291.065 117.441 430.259
92100000 15.7279 105.681 308.294 121.409 432.787
92200000 10.2599 100.276 292.525 110.536 433.726
92300000 7.76667 101.038 294.749 108.805 436.817
92400000 11.9218 105.786 308.601 117.708 434.058
92500000 -0.237825 101.487 296.059 101.249 431.829
92600000 7.70538 106.16 309.691 113.865 430.029
92700000 15.304 102.152 297.999 117.456 431.103
92800000 19.6477 100.568 293.379 120.216 433.823
92900000 3.02067 99.7036 290.856 102.724 438.299
93000000 3.56008 101.264 295.408 104.824 442.073
93100000 0.993284 107.359 313.188 108.352 445.113
93200000 -2.44688 103.576 302.153 101.129 445.698
93300000 -0.565807 101.535 296.199 100.969 441.781
93400000 -7.32832 101.986 297.515 94.658 443.863
93500000 2.33683 104.203 303.983 106.54 444.537
93600000 13.9127 99.734 290.945 113.647 444.542
93700000 5.38571 102.919 300.236 108.305 445.175
93800000 2.82871 101.444 295.933 104.273 450.216
93900000 4.68148 108.855 317.552 113.536 460.215
94000000 -2.05511 101.199 295.22 99.1443 468.315
94100000 0.350041 100.542 293.302 100.892 474.484
94200000 -3.76002 105.175 306.816 101.415 480.138
94300000 0.593886 101.943 297.39 102.537 484.223
94400000 -6.79232 103.712 302.549 96.9195 483.861
94500000 -1.30907 105.232 306.983 103.922 484.308
94600000 -3.39022 104.462 304.736 101.071 487.925
94700000 -5.31212 99.6059 290.571 94.2938 486.417
94800000 -3.45558 105.116 306.644 101.66 485.798
94900000 -5.41279 99.9648 291.618 94.552 491.515
95000000 -5.92226 103.814 302.846 97.8914 492.135
95100000 -12.9972 103.27 301.261 90.273 493.193
95200000 -6.2725 104.653 305.296 98.3807 494.405
95300000 -9.54744 101.438 295.916 91.8906 494.232
95400000 -2.26823 107.057 312.309 104.789 495.005
95500000 -0.517005 97.7936 285.285 97.2766 496.641
95600000 2.45949 101.619 296.444 104.079 497.059
95700000 -0.375382 103.506 301.948 103.13 499.617
95800000 -1.58061 100.459 293.06 98.8782 499.608
95900000 -0.678666 103.505 301.945 102.826 494.173
96000000 -5.08499 104.634 305.238 99.5485 490.215
96100000 -14.5251 101.688 296.644 87.1625 493.33
96200000 -7.40596 102.308 298.454 94.9021 496.761
96300000 0.012803 104.467 304.753 104.48 500.979
96400000 3.20213 102.654 299.462 105.856 502.052
96500000 5.04635 102.727 299.676 107.773 500.61
96600000 -1.97353 101.219 295.277 99.2453 502.779
96700000 -2.0282 101.957 297.429 99.9284 503.909
96800000 -2.34632 104.434 304.657 102.088 504.721
96900000 -6.43789 107.629 313.977 101.191 502.829
97000000 0.510785 98.9251 288.585 99.4359 506.813
97100000 -0.6534 101.352 295.666 100.699 510.883
97200000 3.79338 105.964 309.119 109.757 513.2
97300000 0.737 99.4295 290.057 100.167 515.617
97400000 1.95007 103.558 302.1 105.508 517.848
97500000 -0.688239 103.626 302.297 102.937 517.119
97600000 2.17178 104.318 304.317 106.489 518.282
97700000 6.97369 99.406 289.988 106.38 517.635
97800000 7.29298 104.088 303.645 111.38 521.126
97900000 12.9398 105.641 308.178 118.581 522.493
98000000 9.01871 103.35 301.495 112.369 521.256
98100000 5.95648 104.677 305.366 110.634 523.126
98200000 7.96674 102.462 298.904 110.429 523.977
98300000 9.00144 101.759 296.854 110.761 522.234
98400000 7.24966 105.175 306.816 112.424 518.943
98500000 11.3418 101.804 296.985 113.146 522.332
98600000 9.24353 101.651 296.538 110.895 521.432
98700000 12.9709 103.577 302.156 116.548 521.519
98800000 10.6881 104.378 304.494 115.066 518.901
98900000 1.42919 102.399 298.72 103.828 516.518
99000000 5.65422 102.922 300.244 108.576 513.022
99100000 -6.37936 102.856 300.054 96.477 513.862
99200000 -0.370863 103.159 300.935 102.788 516.013
99300000 1.47194 102.797 299.881 104.269 517.501
99400000 -7.01443 99.4616 290.151 92.4472 515.643
99500000 4.22902 98.6084 287.662 102.837 517.691
99600000 5.64013 105.154 306.756 110.794 512.345
99700000 -1.07289 104.572 305.057 103.499 512.71
99800000 -2.76087 100.937 294.454 98.1759 517.169
99900000 4.45657 106.246 309.942 110.703 522.937
100000000 2.63826 104.512 304.884 107.15 524.144
100100000 -4.95907 104.262 304.154 99.3027 525.106
100200000 -1.27083 100.872 294.266 99.6016 523.646
100300000 -12.4517 99.4603 290.147 87.0086 521.492
100400000 4.426 104.155 303.842 108.581 522.344
100500000 -1.77297 105.53 307.854 103.757 523.37
100600000 -7.68515 101.121 294.99 93.4356 521.711
100700000 -9.71823 102.873 300.103 93.155 520.172
100800000 -11.561 104.072 303.6 92.5111 520.678
100900000 -27.2384 102.112 297.882 74.8734 520.392
101000000 -19.2131 105.767 308.544 86.5535 514.991
101100000 -22.4922 98.4134 287.093 75.9212 513.856
101200000 -28.8846 100.912 294.38 72.027 514.646
101300000 -32.162 102.49 298.984 70.3278 512.831
101400000 -22.1761 101.588 296.352 79.4115 515.046
101500000 -30.1814 103.183 301.007 73.0017 516.473
101600000 -27.4517 103.035 300.574 75.5829 512.726
101700000 -18.1322 107.03 312.228 88.8974 509.802
101800000 -10.7018 99.1471 289.233 88.4453 507.579
101900000 4.48228 104.948 306.155 109.43 504.54
102000000 -15.7626 104.742 305.554 88.9793 505.915
102100000 -16.1606 102.835 299.993 86.6748 506.08
102200000 -11.8835 100.072 291.932 88.1886 510.575
102300000 -15.2761 104.422 304.62 89.1456 510.28
102400000 -29.2872 99.8919 291.406 70.6046 509.244
102500000 -25.7215 100.834 294.155 75.1126 509.607
102600000 -23.3431 98.5131 287.383 75.17 511.83
102700000 -7.9475 102.033 297.653 94.086 513.26
102800000 -18.9531 100.109 292.039 81.1557 515.52
102900000 -11.9362 100.521 293.242 88.5851 516.948
103000000 -13.526 103.173 300.979 89.6475 518.493
103100000 -19.9673 107.673 314.105 87.7058 518.98
103200000 -23.1641 100.589 293.439 77.4249 521.79
103300000 -11.2617 104.613 305.179 93.3516 519.976
103400000 -11.6498 105.082 306.545 93.4317 520.808
103500000 -20.8568 106.654 311.132 85.7971 519.636
103600000 -7.03772 105.279 307.121 98.2412 519.906
103700000 -10.6621 101.687 296.642 91.0246 518.284
103800000 -7.57219 101.821 297.032 94.2484 520.463
103900000 -19.2509 103.071 300.679 83.8196 521.435
104000000 -18.7037 100.428 292.97 81.7245 521.587
104100000 -14.0137 106.535 310.786 92.5217 519.815
104200000 -9.55429 101.411 295.836 91.8564 520.385
104300000 -1.26058 101.951 297.412 100.69 521.284
104400000 -9.83417 103.185 301.013 93.351 521.591
104500000 -12.2852 100.649 293.615 88.364 520.042
104600000 -18.801 100.479 293.118 81.678 519.613
104700000 -23.7658 104.102 303.688 80.3363 520.117
104800000 -15.6436 101.832 297.064 86.188 524.242
104900000 -16.2078 96.1575 280.512 79.9497 523.959
105000000 -13.9594 103.909 303.124 89.9495 525.569
