# Time-averaged data for fix favg
# TimeStep v_vpe v_vke v_vT v_vE v_vRg
5100000 1449.76 2753.76 301.413 4203.52 543.317
5200000 1453.49 2763.36 302.463 4216.85 544.842
5300000 1452.58 2742.29 300.157 4194.87 546.332
5400000 1471.57 2748.51 300.838 4220.09 547.424
5500000 1469.85 2735.22 299.383 4205.07 548.398
5600000 1456.42 2725.71 298.342 4182.13 549.014
5700000 1463.14 2744.65 300.415 4207.79 550.215
5800000 1461.63 2743.09 300.244 4204.72 551.138
5900000 1461.26 2728.24 298.619 4189.5 552.266
6000000 1459.58 2736.58 299.532 4196.16 553.151
6100000 1449.75 2736.93 299.57 4186.67 554.372
6200000 1455.88 2729.41 298.748 4185.3 555.602
6300000 1446.39 2716.5 297.334 4162.89 555.308
6400000 1457.93 2757.3 301.8 4215.23 555.091
6500000 1465.85 2722.77 298.02 4188.62 554.622
6600000 1466.55 2745.14 300.469 4211.69 554.211
6700000 1480.38 2728.86 298.687 4209.23 555.097
6800000 1473.82 2717.8 297.476 4191.62 556.182
6900000 1466.28 2736.29 299.5 4202.56 557.092
7000000 1469.51 2743.04 300.239 4212.54 556.818
7100000 1464.29 2720.08 297.726 4184.37 557.381
7200000 1481.07 2724.79 298.242 4205.86 557.717
7300000 1468.16 2732.34 299.068 4200.5 557.757
7400000 1487.75 2738 299.688 4225.75 557.085
7500000 1459.91 2727.72 298.562 4187.63 556.543
7600000 1470.71 2751.19 301.131 4221.9 557.007
7700000 1472.54 2739.82 299.886 4212.36 557.134
7800000 1466.94 2745.08 300.462 4212.01 557.408
7900000 1477.59 2746.45 300.612 4224.03 557.951
8000000 1462.48 2716.96 297.385 4179.44 558.139
8100000 1462.07 2749.61 300.959 4211.68 557.633
8200000 1456.48 2743.04 300.239 4199.52 557.807
8300000 1464.18 2754.7 301.516 4218.88 557.881
8400000 1461.62 2749.17 300.91 4210.79 558.969
8500000 1473.29 2748.73 300.863 4222.03 559.749
8600000 1465 2757.68 301.841 4222.68 560.423
8700000 1464.81 2721.82 297.917 4186.63 560.462
8800000 1456.67 2741.3 300.049 4197.98 560.583
8900000 1440.1 2733.79 299.226 4173.88 560.746
9000000 1452.14 2729.12 298.716 4181.26 560.956
9100000 1453.09 2722.72 298.015 4175.8 561.248
9200000 1446.43 2732.72 299.11 4179.15 562.172
9300000 1485.73 2757.41 301.812 4243.14 562.412
9400000 1457.94 2718.4 297.542 4176.34 562.515
9500000 1471.87 2748.84 300.874 4220.71 563.152
9600000 1458.24 2721.42 297.873 4179.65 563.341
9700000 1465.51 2719.28 297.639 4184.79 563.924
9800000 1455.12 2724.09 298.165 4179.2 563.726
9900000 1472.52 2717.29 297.421 4189.81 563.666
10000000 1466.21 2750.91 301.101 4217.12 564.639
10100000 1459.95 2752.43 301.267 4212.39 565.661
10200000 1441.19 2749 300.892 4190.19 566.42
10300000 1458.75 2738.06 299.694 4196.81 566.878
10400000 1441.49 2755.62 301.616 4197.11 567.55
10500000 1444.13 2723.53 298.104 4167.66 568.765
10600000 1461.84 2739.47 299.848 4201.31 568.199
10700000 1454.7 2750.44 301.049 4205.13 568.26
10800000 1457.96 2764.45 302.583 4222.41 569.214
10900000 1447.58 2735.44 299.408 4183.02 570.178
11000000 1462.19 2748.1 300.793 4210.3 569.859
11100000 1459.17 2732.94 299.134 4192.11 571.035
11200000 1476.84 2727.77 298.568 4204.62 570.65
11300000 1483.33 2719.67 297.681 4203 570.441
11400000 1473.76 2743.66 300.307 4217.42 569.602
11500000 1459.57 2744.34 300.382 4203.91 569.861
11600000 1466.33 2761.35 302.243 4227.68 570.492
11700000 1446.48 2759.2 302.008 4205.67 571.27
11800000 1443.18 2706.81 296.274 4149.99 571.528
11900000 1464.81 2725.69 298.341 4190.5 571.702
12000000 1460.81 2741.41 300.061 4202.23 570.374
12100000 1468.76 2741.31 300.05 4210.08 570.736
12200000 1467.24 2748.03 300.785 4215.27 570.37
12300000 1464.91 2742.59 300.19 4207.5 569.971
12400000 1478.96 2736.82 299.558 4215.78 569.889
12500000 1452.56 2756.39 301.7 4208.94 570.868
12600000 1484.85 2710.19 296.644 4195.04 572.16
12700000 1469.92 2755.57 301.611 4225.49 572.658
12800000 1482.84 2750.3 301.034 4233.14 572.819
12900000 1454.17 2740.39 299.949 4194.56 573.894
13000000 1453.63 2716.11 297.292 4169.74 574.237
13100000 1477.83 2774.15 303.644 4251.97 575.545
13200000 1460.6 2753.44 301.378 4214.05 576.988
13300000 1463.51 2755.44 301.597 4218.95 577.322
13400000 1460.84 2727.51 298.54 4188.35 577.162
13500000 1475.11 2738.55 299.748 4213.66 577.955
13600000 1456.06 2716.36 297.319 4172.42 579.11
13700000 1476.74 2760.8 302.184 4237.55 579.67
13800000 1475.61 2740.53 299.964 4216.14 579.148
13900000 1473.66 2720.52 297.775 4194.18 579.148
14000000 1479.2 2730.23 298.837 4209.42 578.74
14100000 1479.93 2746.46 300.613 4226.39 578.705
14200000 1450.79 2758.07 301.885 4208.86 578.518
14300000 1452.84 2764.49 302.587 4217.34 578.661
14400000 1455.09 2729.58 298.766 4184.67 578.539
14500000 1456.75 2720.79 297.804 4177.54 579.151
14600000 1469.71 2704.44 296.015 4174.16 579.541
14700000 1446.35 2746.32 300.598 4192.67 580.527
14800000 1466.66 2736.21 299.492 4202.87 580.472
14900000 1442.84 2721.97 297.933 4164.81 579.92
15000000 1448.59 2718.03 297.502 4166.62 580.215
15100000 1466.71 2731.37 298.962 4198.08 578.872
15200000 1485.66 2745.66 300.526 4231.32 578.598
15300000 1468.84 2731.07 298.929 4199.91 578.133
15400000 1468.48 2750.58 301.064 4219.05 577.93
15500000 1461.84 2759.02 301.989 4220.86 578.217
15600000 1448.39 2717.47 297.441 4165.87 577.798
15700000 1465.19 2725.5 298.32 4190.69 576.24
15800000 1469.97 2722.32 297.971 4192.3 576.142
15900000 1489.9 2745.35 300.492 4235.25 577.164
16000000 1478.01 2725.71 298.342 4203.71 577.764
16100000 1451.06 2725.47 298.316 4176.53 577.867
16200000 1464.77 2743.89 300.332 4208.65 578.978
16300000 1451.28 2733.8 299.227 4185.07 578.896
16400000 1472.69 2763.04 302.428 4235.73 579.242
16500000 1478.93 2734.47 299.301 4213.4 578.733
16600000 1487.13 2762.71 302.392 4249.84 579.372
16700000 1448.64 2714.6 297.126 4163.24 578.71
16800000 1462.79 2725.51 298.32 4188.29 578.352
16900000 1448.65 2733.53 299.198 4182.18 578.142
17000000 1439.65 2741.59 300.08 4181.24 577.061
17100000 1457.28 2756.99 301.766 4214.27 577.432
17200000 1454.57 2770 303.191 4224.58 578.014
17300000 1479.58 2759.61 302.053 4239.19 578.294
17400000 1468.22 2709.71 296.591 4177.93 579.666
17500000 1451.58 2752.55 301.28 4204.13 581.377
17600000 1445.67 2755.97 301.654 4201.64 582.88
17700000 1460.94 2755.69 301.624 4216.63 583.874
17800000 1450.29 2747.81 300.762 4198.1 584.811
17900000 1458.18 2749.54 300.951 4207.73 585.649
18000000 1476.37 2734.48 299.302 4210.84 587.149
18100000 1439.24 2732.14 299.046 4171.37 586.868
18200000 1452.91 2743.47 300.286 4196.38 587.369
18300000 1464.39 2724.28 298.186 4188.67 588.377
18400000 1450.54 2728.25 298.621 4178.79 588.905
18500000 1459.76 2740.15 299.922 4199.91 590.6
18600000 1463.19 2738.52 299.744 4201.71 591.291
18700000 1461.94 2768.99 303.079 4230.93 592.511
18800000 1464.76 2728.92 298.694 4193.68 592.491
18900000 1458.12 2749.52 300.948 4207.63 593.176
19000000 1481.86 2719.69 297.683 4201.55 594.231
19100000 1472.32 2718.43 297.546 4190.75 594.686
19200000 1449.11 2735.88 299.455 4184.99 594.896
19300000 1460.3 2749.51 300.947 4209.81 594.963
19400000 1462.41 2714.37 297.101 4176.78 595.225
19500000 1449.3 2718.75 297.581 4168.05 596.213
19600000 1454.93 2735.96 299.464 4190.89 596.371
19700000 1481.93 2749.67 300.965 4231.6 596.81
19800000 1460.07 2740.4 299.95 4200.47 597.399
19900000 1461.21 2750.44 301.049 4211.64 597.321
20000000 1454.33 2746.52 300.62 4200.84 597.149
20100000 1468.58 2735.38 299.401 4203.96 597.654
20200000 1447.35 2722.93 298.038 4170.28 597.902
20300000 1460.87 2742.51 300.181 4203.38 598.3
20400000 1449.59 2762.51 302.37 4212.1 598.331
20500000 1459.67 2757 301.767 4216.67 598.577
20600000 1471.93 2724.82 298.245 4196.75 598.09
20700000 1474.23 2715.93 297.272 4190.16 598.563
20800000 1462.71 2752.05 301.226 4214.77 598.329
20900000 1470.57 2738.26 299.716 4208.82 599.07
21000000 1449.05 2763.12 302.437 4212.17 599.549
21100000 1438 2741.1 300.027 4179.09 599.444
21200000 1453.66 2764.8 302.621 4218.46 599.765
21300000 1468.99 2739.45 299.846 4208.44 599.692
21400000 1464.74 2748 300.782 4212.74 600.001
21500000 1466.63 2744.53 300.402 4211.16 600.851
21600000 1469.33 2730.86 298.906 4200.19 601.63
21700000 1455.05 2738.85 299.781 4193.9 601.808
21800000 1451.19 2727.46 298.534 4178.65 601.296
21900000 1464.49 2760.38 302.137 4224.87 601.771
22000000 1461.47 2744.2 300.366 4205.67 602.215
22100000 1454.45 2732.49 299.084 4186.93 602.241
22200000 1462.91 2725.04 298.269 4187.96 602.445
22300000 1448.02 2737.31 299.612 4185.33 602.787
22400000 1453.65 2737.34 299.615 4190.98 602.54
22500000 1468.28 2743.32 300.27 4211.6 603.292
22600000 1445.25 2756.23 301.683 4201.48 604.547
22700000 1480.48 2739.77 299.881 4220.25 605.479
22800000 1440.33 2760.3 302.129 4200.63 605.506
22900000 1481.91 2739.49 299.85 4221.4 606.212
23000000 1467.83 2747.44 300.721 4215.27 607.486
23100000 1455.83 2757.62 301.835 4213.45 608.938
23200000 1459.39 2752.19 301.241 4211.58 609.312
23300000 1459.57 2726.11 298.386 4185.67 608.644
23400000 1474.17 2749.18 300.911 4223.35 609.33
23500000 1478.97 2725.77 298.349 4204.74 609.991
23600000 1466.48 2715.14 297.185 4181.62 610.262
23700000 1465.26 2756.02 301.66 4221.28 609.799
23800000 1469.14 2733.92 299.241 4203.06 609.667
23900000 1492.75 2722.52 297.993 4215.26 609.866
24000000 1468.52 2742.42 300.172 4210.94 609.11
24100000 1487.16 2740.83 299.997 4227.99 607.963
24200000 1481.16 2732.47 299.082 4213.63 608.815
24300000 1471.39 2736.3 299.502 4207.69 608.428
24400000 1454.33 2741.7 300.092 4196.03 608.898
24500000 1468.49 2758.88 301.973 4227.37 608.638
24600000 1467.21 2731.21 298.944 4198.42 609.077
24700000 1486.59 2752.72 301.299 4239.31 609.496
24800000 1460.41 2751.01 301.112 4211.42 609.802
24900000 1467.17 2743.77 300.319 4210.94 610.16
25000000 1436.92 2738.42 299.733 4175.33 610.31
25100000 1452.69 2730.68 298.886 4183.37 609.576
25200000 1459.49 2734.84 299.342 4194.33 609.803
25300000 1443.27 2734.51 299.306 4177.78 609.842
25400000 1475.37 2735.95 299.463 4211.32 610.925
25500000 1463.26 2724 298.155 4187.26 610.493
25600000 1456.08 2737.44 299.626 4193.52 610.034
25700000 1451.9 2753.59 301.394 4205.49 610.328
25800000 1465.53 2753.68 301.404 4219.21 611.333
25900000 1473.34 2742.82 300.216 4216.17 611.342
26000000 1464.27 2744.76 300.428 4209.04 611.048
26100000 1473.06 2748.89 300.88 4221.95 611.388
26200000 1443.96 2739.04 299.801 4183 611.57
26300000 1472.93 2761.65 302.276 4234.58 611.567
26400000 1472.48 2726.87 298.47 4199.36 611.343
26500000 1454.23 2726.13 298.388 4180.36 611.657
26600000 1471.78 2750.57 301.063 4222.35 612.046
26700000 1469.42 2752.53 301.278 4221.95 612.85
26800000 1481.27 2730.52 298.869 4211.79 613.215
26900000 1483.48 2725.43 298.312 4208.91 612.273
27000000 1477.84 2741.58 300.079 4219.42 612.566
27100000 1463.11 2740.73 299.987 4203.85 612.205
27200000 1445.88 2731.91 299.021 4177.79 612.248
27300000 1434.58 2774.99 303.736 4209.57 612.487
27400000 1466.4 2740.46 299.957 4206.86 613.749
27500000 1452.71 2745.18 300.474 4197.89 614.708
27600000 1449.31 2745.73 300.533 4195.03 615.396
27700000 1450.93 2752.55 301.28 4203.48 615.398
27800000 1474.22 2762.68 302.389 4236.91 615.168
27900000 1467.51 2745.23 300.479 4212.74 615.245
28000000 1451.77 2740.95 300.011 4192.73 615.287
28100000 1454.35 2723.98 298.153 4178.34 615.295
28200000 1461.04 2752.49 301.274 4213.53 615.643
28300000 1460.61 2750.81 301.09 4211.42 615.986
28400000 1467.57 2749.46 300.942 4217.03 616.622
28500000 1451.86 2736.31 299.502 4188.17 616.419
28600000 1467.02 2752.92 301.32 4219.93 617.27
28700000 1457.69 2727.51 298.539 4185.19 617.942
28800000 1456.94 2759.49 302.04 4216.43 618.921
28900000 1467.97 2763.73 302.504 4231.7 620.128
29000000 1466.16 2742.56 300.187 4208.72 620.893
29100000 1452.97 2725.18 298.284 4178.15 621.297
29200000 1451.27 2735.89 299.456 4187.15 622.066
29300000 1440.63 2734.53 299.308 4175.17 622.39
29400000 1459.27 2716.05 297.285 4175.32 622.906
29500000 1442.53 2738.81 299.776 4181.34 623.221
29600000 1451.69 2727.55 298.543 4179.23 624.049
29700000 1475.01 2750.55 301.061 4225.56 624.597
29800000 1484.39 2746.62 300.631 4231.01 625.366
29900000 1459.42 2735.95 299.463 4195.37 627.209
30000000 1461.06 2740.68 299.981 4201.74 628.728
30100000 1459.97 2733.49 299.194 4193.46 629.402
30200000 1450.8 2739.66 299.869 4190.46 629.472
30300000 1460.37 2759.76 302.069 4220.13 629.714
30400000 1452.29 2748.76 300.866 4201.06 630.259
30500000 1447.53 2759.03 301.989 4206.56 631.038
30600000 1447.3 2736.06 299.476 4183.36 630.407
30700000 1452.08 2743.52 300.292 4195.6 630.505
30800000 1436.4 2760.4 302.139 4196.8 630.886
30900000 1461.8 2737.58 299.642 4199.38 631.514
31000000 1431.04 2752.22 301.244 4183.26 631.424
31100000 1445.85 2742.27 300.155 4188.12 631.676
31200000 1428.47 2742.2 300.148 4170.67 632.243
31300000 1476.81 2735.12 299.372 4211.93 632.648
31400000 1460.2 2734.43 299.297 4194.63 632.18
31500000 1471.23 2742.47 300.177 4213.7 632.307
31600000 1473.3 2739.38 299.839 4212.68 633.457
31700000 1475.59 2743.83 300.326 4219.43 633.913
31800000 1488.79 2752.15 301.236 4240.94 634.344
31900000 1484.4 2732.91 299.131 4217.31 635.092
32000000 1483.12 2746.11 300.575 4229.23 635.965
32100000 1465.43 2758.35 301.915 4223.78 637.423
32200000 1462.79 2730.05 298.817 4192.84 638.008
32300000 1467.78 2744.02 300.346 4211.8 639.605
32400000 1469.38 2747.82 300.762 4217.2 639.786
32500000 1470.19 2768.07 302.978 4238.26 639.49
32600000 1470.34 2762.08 302.323 4232.42 640.012
32700000 1474.38 2750.92 301.101 4225.29 641.526
32800000 1485.31 2730.52 298.869 4215.83 643.31
32900000 1469.77 2727.27 298.513 4197.04 644.618
33000000 1482.24 2747.94 300.775 4230.17 643.722
33100000 1456.16 2732.48 299.083 4188.64 644.012
33200000 1465.51 2735.61 299.426 4201.12 644.464
33300000 1478.77 2750.4 301.044 4229.17 644.376
33400000 1467.26 2740.23 299.932 4207.49 645.61
33500000 1481.86 2723.86 298.14 4205.72 645.922
33600000 1449.84 2752.27 301.249 4202.11 646.147
33700000 1467.67 2750.63 301.07 4218.3 646.021
33800000 1472.11 2749.22 300.916 4221.33 646.44
33900000 1464.99 2724.8 298.243 4189.79 646.931
34000000 1464.78 2731.03 298.925 4195.81 646.768
34100000 1468.75 2771.27 303.33 4240.03 647.09
34200000 1475.39 2738.93 299.789 4214.32 647.782
34300000 1460.41 2755.11 301.56 4215.52 648.281
34400000 1441.37 2740.33 299.943 4181.7 648.394
34500000 1462.08 2728.43 298.64 4190.51 649.264
34600000 1464.48 2769.07 303.088 4233.55 650.535
34700000 1493.61 2730.59 298.876 4224.2 651.264
34800000 1484.19 2731.35 298.959 4215.54 652.187
34900000 1474.19 2720.04 297.721 4194.23 652.233
35000000 1481.55 2724.64 298.225 4206.18 652.258
35100000 1467.27 2741.11 300.027 4208.38 652.832
35200000 1459.4 2750.49 301.055 4209.89 652.979
35300000 1447.41 2755.97 301.654 4203.37 653.702
35400000 1451.18 2727.24 298.51 4178.42 654.177
35500000 1462.11 2729.04 298.707 4191.15 654.862
35600000 1454.79 2739.99 299.905 4194.78 654.486
35700000 1464.42 2740.13 299.921 4204.56 653.772
35800000 1467.05 2721.95 297.931 4189 653.812
35900000 1478.12 2735.18 299.379 4213.29 654.906
36000000 1448.14 2739.3 299.83 4187.44 655.714
36100000 1473.06 2736.04 299.473 4209.1 656.652
36200000 1467.18 2732.88 299.127 4200.06 657.368
36300000 1468.24 2739.45 299.846 4207.69 658.212
36400000 1451.74 2742.12 300.138 4193.86 658.572
36500000 1456.61 2751.74 301.191 4208.35 659.078
36600000 1476.82 2743.42 300.281 4220.24 659.73
36700000 1471.19 2740.91 300.006 4212.1 659.691
36800000 1481.71 2729.57 298.765 4211.28 660.101
36900000 1490.88 2745.61 300.52 4236.48 660.757
37000000 1479.99 2745.76 300.536 4225.75 660.317
37100000 1486.05 2743.94 300.338 4229.99 660.176
37200000 1470.44 2725.68 298.339 4196.13 659.809
37300000 1454.97 2737.58 299.641 4192.55 660.385
37400000 1473.14 2750.11 301.014 4223.26 660.908
37500000 1464.83 2762.85 302.408 4227.69 661.342
37600000 1471.05 2722.58 298 4193.63 661.587
37700000 1500.82 2742.04 300.13 4242.86 662.055
37800000 1458.95 2728.71 298.671 4187.66 663.06
37900000 1479.68 2748.4 300.826 4228.08 663.398
38000000 1477.97 2739.27 299.826 4217.24 664.181
38100000 1478.63 2712.72 296.92 4191.35 664.617
38200000 1470.38 2724.2 298.177 4194.58 664.83
38300000 1478.38 2754.46 301.489 4232.84 665.961
38400000 1480.16 2747.47 300.724 4227.62 666.481
38500000 1475.73 2742.15 300.141 4217.88 667.682
38600000 1475.67 2757.93 301.869 4233.6 669.039
38700000 1443.32 2754.61 301.506 4197.93 669.608
38800000 1461.31 2731.72 299 4193.03 670.227
38900000 1472.11 2758.14 301.892 4230.25 670.548
39000000 1470.34 2742.45 300.175 4212.79 670.357
39100000 1437.31 2742.95 300.229 4180.26 671.34
39200000 1446.04 2760.42 302.142 4206.46 672.632
39300000 1456.11 2724.86 298.249 4180.97 674.086
39400000 1440.41 2730.31 298.846 4170.72 673.873
39500000 1448.57 2755.44 301.596 4204.01 673.247
39600000 1452.17 2728.48 298.646 4180.66 673.157
39700000 1441.77 2745.81 300.542 4187.58 673.18
39800000 1447.73 2756.33 301.694 4204.06 673.636
39900000 1426.56 2742.49 300.179 4169.05 674.637
40000000 1443.3 2723.02 298.048 4166.33 675.667
40100000 1438.85 2736.46 299.519 4175.31 676.514
40200000 1440.75 2733.06 299.147 4173.82 676.888
40300000 1460.62 2737.45 299.627 4198.06 677.398
40400000 1453.84 2756.56 301.719 4210.39 677.17
40500000 1458.45 2755.3 301.582 4213.75 677.664
40600000 1451.6 2753.24 301.355 4204.84 677.762
40700000 1450.7 2761.08 302.213 4211.78 678.073
40800000 1457.92 2739.89 299.895 4197.82 676.914
40900000 1448.31 2756.15 301.674 4204.47 676.641
41000000 1460.87 2739.87 299.892 4200.73 676.759
41100000 1442.01 2762.05 302.32 4204.06 676.355
41200000 1450.37 2727.67 298.557 4178.05 676.126
41300000 1460.47 2764.53 302.591 4224.99 676.416
41400000 1469.17 2749.82 300.982 4218.99 676.91
41500000 1444.45 2724.8 298.243 4169.26 677.858
41600000 1474.31 2723.71 298.124 4198.03 678.637
41700000 1459.12 2744.29 300.376 4203.41 679.101
41800000 1466.22 2773.62 303.586 4239.84 678.937
41900000 1457.68 2752.52 301.277 4210.2 680.34
42000000 1441.73 2773.83 303.609 4215.56 680.335
42100000 1477.28 2744.05 300.35 4221.33 681.543
42200000 1450.84 2747.05 300.678 4197.88 680.536
42300000 1455.6 2724.51 298.211 4180.1 680.736
42400000 1452.26 2728.26 298.622 4180.52 681.888
42500000 1479.97 2741.92 300.116 4221.88 683.116
42600000 1472.67 2737.52 299.635 4210.2 683.446
42700000 1451.7 2751.8 301.198 4203.5 683.301
42800000 1441.42 2744.9 300.442 4186.32 683.607
42900000 1429.74 2754.13 301.453 4183.88 684.506
43000000 1453.47 2728.96 298.698 4182.43 684.994
43100000 1458.79 2733.89 299.237 4192.67 685.055
43200000 1435.94 2762.18 302.334 4198.13 685.221
43300000 1459.69 2741.36 300.056 4201.06 686.614
43400000 1478.57 2731.95 299.025 4210.53 687.235
43500000 1456.61 2757.83 301.858 4214.44 688.548
43600000 1436.18 2747.63 300.741 4183.81 689.11
43700000 1441.95 2746.24 300.589 4188.19 689.6
43800000 1444.85 2726.43 298.421 4171.28 689.497
43900000 1453.44 2723.95 298.15 4177.39 690.491
44000000 1451.19 2735.08 299.368 4186.27 691.007
44100000 1459.36 2746.7 300.639 4206.05 691.109
44200000 1453.29 2749.08 300.9 4202.37 691.968
44300000 1466.97 2732.95 299.135 4199.92 692.694
44400000 1472.53 2732.49 299.084 4205.02 693.485
44500000 1476.28 2735.53 299.418 4211.81 693.403
44600000 1460.36 2743.17 300.253 4203.53 692.898
44700000 1462.51 2737.7 299.655 4200.21 693.543
44800000 1463.44 2755.87 301.643 4219.31 693.382
44900000 1484.63 2760.76 302.179 4245.39 693.941
45000000 1450.91 2732.55 299.091 4183.47 693.657
45100000 1456.56 2758.44 301.925 4215 693.794
45200000 1467.56 2717.3 297.422 4184.86 693.154
45300000 1469.39 2742.42 300.171 4211.81 693.952
45400000 1470.12 2752.71 301.298 4222.83 693.831
45500000 1478.74 2750.56 301.062 4229.3 694.299
45600000 1456.93 2726.15 298.39 4183.08 693.748
45700000 1448.16 2739.37 299.838 4187.53 693.631
45800000 1475.07 2748.24 300.809 4223.32 693.766
45900000 1478.46 2732.14 299.046 4210.6 693.69
46000000 1469.53 2729.93 298.805 4199.46 694.041
46100000 1478.68 2729.86 298.796 4208.53 694.487
46200000 1476.9 2736.36 299.508 4213.26 693.889
46300000 1477.07 2714.52 297.117 4191.59 694.61
46400000 1463.59 2742.47 300.176 4206.05 694.742
46500000 1465.49 2737.16 299.596 4202.65 694.365
46600000 1469.09 2732.04 299.036 4201.14 694.276
46700000 1464.18 2765.92 302.744 4230.1 695.253
46800000 1476.41 2736.25 299.496 4212.66 695.77
46900000 1459.81 2736.89 299.566 4196.7 696.091
47000000 1456.78 2737.81 299.667 4194.59 696.006
47100000 1462.19 2728.58 298.656 4190.76 695.29
47200000 1466.62 2740.32 299.941 4206.94 695.044
47300000 1448.96 2720.31 297.751 4169.27 695.174
47400000 1463.48 2721.48 297.88 4184.96 694.736
47500000 1451.47 2734.24 299.276 4185.71 694.385
47600000 1450.45 2750.06 301.008 4200.51 695.206
47700000 1454.17 2756.72 301.736 4210.88 695.094
47800000 1436.46 2746.83 300.654 4183.29 695.117
47900000 1452.49 2745.73 300.533 4198.21 695.886
48000000 1462.13 2739.1 299.808 4201.23 696.454
48100000 1447.82 2747.28 300.703 4195.1 696.86
48200000 1469.21 2761.04 302.209 4230.25 696.369
48300000 1487 2741.48 300.069 4228.48 696.865
48400000 1469.48 2755.91 301.648 4225.39 696.441
48500000 1459.36 2735.47 299.411 4194.83 697.481
48600000 1467.69 2743.35 300.273 4211.04 698.172
48700000 1454 2760.61 302.163 4214.61 698.445
48800000 1454.76 2734.79 299.336 4189.55 698.987
48900000 1461.51 2709.81 296.602 4171.32 698.723
49000000 1458.19 2742.7 300.202 4200.88 697.583
49100000 1455.4 2744.58 300.407 4199.98 696.681
49200000 1459.21 2750.21 301.025 4209.42 696.98
49300000 1479.27 2741.33 300.052 4220.6 696.889
49400000 1472 2776.83 303.937 4248.82 697.716
49500000 1481.9 2753.44 301.378 4235.34 698.503
49600000 1467.57 2734.48 299.302 4202.06 699.532
49700000 1464.56 2746.31 300.597 4210.87 699.447
49800000 1477.63 2744.63 300.414 4222.27 700.311
49900000 1474.47 2738.73 299.767 4213.2 699.97
50000000 1466.39 2726.03 298.378 4192.43 700.954
50100000 1465.36 2735.35 299.398 4200.72 700.393
50200000 1445.02 2740.65 299.978 4185.67 700.588
50300000 1450.88 2731.43 298.969 4182.32 700.87
50400000 1464.24 2743.68 300.31 4207.92 700.982
50500000 1436.53 2761.16 302.223 4197.69 701.195
50600000 1475.8 2734.09 299.26 4209.89 701.296
50700000 1455.79 2733.74 299.221 4189.53 702.403
50800000 1476.02 2735.96 299.464 4211.98 702.663
50900000 1447.61 2730.78 298.897 4178.39 703.668
51000000 1455.1 2728.75 298.675 4183.85 704.332
51100000 1462.54 2759.68 302.061 4222.23 703.754
51200000 1460.97 2763.33 302.46 4224.3 703.295
51300000 1471.39 2745.55 300.514 4216.94 703.051
51400000 1475.53 2744.1 300.355 4219.64 703.285
51500000 1471.29 2738.53 299.746 4209.82 703.509
51600000 1462.29 2739.61 299.864 4201.9 704.794
51700000 1458.64 2746.67 300.636 4205.31 705.778
51800000 1469.95 2727.84 298.575 4197.78 707.045
51900000 1477.25 2745.92 300.555 4223.17 707.899
52000000 1465.21 2762.78 302.4 4227.98 708.148
52100000 1470.47 2737.09 299.587 4207.56 708.699
52200000 1475.13 2748.87 300.877 4224 709.363
52300000 1457.63 2763.67 302.497 4221.3 709.215
52400000 1473.75 2744.04 300.349 4217.8 710.226
52500000 1465.11 2724.72 298.233 4189.82 711.23
52600000 1486.32 2755.89 301.645 4242.21 712.4
52700000 1467.68 2756.41 301.703 4224.09 712.48
52800000 1450.91 2763.3 302.457 4214.21 712.983
52900000 1461.65 2743.14 300.251 4204.79 713.29
53000000 1453.19 2741.96 300.12 4195.15 713.673
53100000 1459.69 2720.04 297.722 4179.73 713.859
53200000 1444.6 2748.3 300.815 4192.91 713.327
53300000 1460.82 2753.96 301.434 4214.77 713.134
53400000 1452.49 2718.57 297.561 4171.05 712.959
53500000 1462.89 2751.37 301.151 4214.26 713.61
53600000 1465.26 2729.79 298.789 4195.05 713.876
53700000 1461.11 2755.93 301.65 4217.04 714.363
53800000 1442.66 2738.91 299.787 4181.57 714.927
53900000 1459.16 2755.73 301.628 4214.89 715.786
54000000 1453.3 2760.24 302.122 4213.54 715.944
54100000 1460.17 2727.61 298.55 4187.78 716.36
54200000 1445.67 2731.96 299.026 4177.63 716.881
54300000 1454.17 2771.63 303.368 4225.8 716.815
54400000 1449.8 2754.2 301.461 4204 716.192
54500000 1435.96 2748.99 300.89 4184.95 716.809
54600000 1449.46 2744.04 300.349 4193.5 717.323
54700000 1469.97 2716.69 297.355 4186.66 718.593
54800000 1443.35 2745.46 300.504 4188.81 718.139
54900000 1427.01 2739.38 299.839 4166.39 717.353
55000000 1438.01 2724.36 298.194 4162.37 717.235
55100000 1441.23 2742.25 300.153 4183.48 716.909
55200000 1453.21 2733.23 299.166 4186.45 717.153
55300000 1441.06 2744.19 300.365 4185.25 718.027
55400000 1449.56 2768.44 303.02 4218 719.118
55500000 1467.38 2729.72 298.781 4197.1 719.803
55600000 1440.34 2734.9 299.348 4175.23 720.452
55700000 1456.77 2722.38 297.978 4179.16 720.386
55800000 1439.62 2738.81 299.777 4178.44 719.132
55900000 1446.21 2738.18 299.708 4184.4 719.464
56000000 1457.21 2740.4 299.95 4197.61 719.238
56100000 1449.22 2743.16 300.252 4192.38 720.017
56200000 1440.01 2733.96 299.245 4173.98 719.55
56300000 1449.95 2729.02 298.705 4178.97 719.699
56400000 1446.91 2752.13 301.235 4199.04 719.302
56500000 1462.13 2748.07 300.79 4210.21 719.054
56600000 1452.42 2720.57 297.78 4172.99 718.967
56700000 1466.77 2746.25 300.591 4213.02 719.69
56800000 1449.61 2747.9 300.771 4197.51 720.371
56900000 1460.24 2755.89 301.645 4216.13 720.534
57000000 1451.99 2761.75 302.287 4213.75 721.411
57100000 1467.58 2754.87 301.534 4222.45 722.061
57200000 1473.05 2723.3 298.079 4196.36 722.14
57300000 1474.26 2723.9 298.144 4198.16 723.344
57400000 1457.35 2728.33 298.629 4185.68 723.659
57500000 1459.89 2748.47 300.834 4208.37 723.34
57600000 1433.3 2768.65 303.042 4201.95 724.283
57700000 1454.54 2710.75 296.705 4165.29 724.608
57800000 1472.84 2749.96 300.996 4222.79 724.731
57900000 1450.39 2736.73 299.549 4187.13 725.787
58000000 1467.45 2749.35 300.93 4216.8 726.898
58100000 1464.33 2755.1 301.559 4219.44 727.883
58200000 1460.77 2757.82 301.857 4218.6 728.137
58300000 1471.42 2745.55 300.514 4216.97 729.867
58400000 1469.18 2732.91 299.131 4202.09 729.897
58500000 1451.07 2732.36 299.07 4183.43 729.54
58600000 1471.89 2759.39 302.029 4231.29 729.639
58700000 1495.45 2717.58 297.452 4213.03 729.905
58800000 1480.58 2739.19 299.818 4219.77 728.772
58900000 1467.77 2741.38 300.058 4209.15 729.137
59000000 1468.73 2752.83 301.31 4221.56 729.893
59100000 1490.12 2741.58 300.079 4231.7 730.184
59200000 1440.58 2750.91 301.1 4191.48 730.621
59300000 1434.73 2745.55 300.514 4180.28 729.818
59400000 1441.68 2746.18 300.583 4187.86 729.124
59500000 1462.51 2724.29 298.187 4186.8 728.775
59600000 1467.01 2746.54 300.622 4213.55 729.179
59700000 1456.17 2738.74 299.768 4194.91 729.269
59800000 1465.48 2745.65 300.525 4211.13 729.108
59900000 1480.98 2710.23 296.648 4191.21 729.454
60000000 1455.47 2762.94 302.418 4218.41 729.965
60100000 1447.74 2756.73 301.737 4204.46 730.386
60200000 1467.42 2740.98 300.013 4208.4 730.727
60300000 1463.44 2744.97 300.45 4208.41 730.404
60400000 1474.21 2717.96 297.494 4192.17 730.203
60500000 1474.45 2729.98 298.81 4204.44 731.157
60600000 1480.77 2755.14 301.564 4235.91 731.395
60700000 1460.72 2760.52 302.152 4221.24 731.562
60800000 1451.73 2727.49 298.538 4179.23 731.156
60900000 1455.54 2755.36 301.588 4210.9 731.349
61000000 1458.37 2737.62 299.646 4195.99 732.684
61100000 1465.89 2741.52 300.073 4207.41 733.341
61200000 1474.95 2752.5 301.275 4227.45 733.361
61300000 1467.44 2745.07 300.462 4212.51 733.335
61400000 1459.75 2728.92 298.694 4188.67 734.049
61500000 1499.25 2735.43 299.406 4234.68 733.869
61600000 1479.2 2745.99 300.562 4225.19 733.931
61700000 1458.95 2719.32 297.643 4178.27 733.935
61800000 1466.87 2723.15 298.062 4190.02 733.876
61900000 1471.88 2746.75 300.645 4218.64 733.874
62000000 1471.04 2750.53 301.059 4221.57 733.515
62100000 1486.46 2725.37 298.305 4211.84 734.185
62200000 1447.6 2717.34 297.426 4164.94 734.549
62300000 1467.16 2738.74 299.769 4205.9 734.44
62400000 1484.19 2741.45 300.065 4225.64 735.368
62500000 1478.76 2759.14 302.001 4237.89 736.574
62600000 1484.32 2754.45 301.488 4238.77 736.545
62700000 1466.06 2744.7 300.421 4210.76 736.514
62800000 1479.67 2735.18 299.379 4214.85 736.881
62900000 1459.24 2753.83 301.42 4213.07 737.889
63000000 1483.63 2742.03 300.128 4225.66 739.039
63100000 1475.64 2762 302.315 4237.64 740.026
63200000 1464.88 2745.19 300.475 4210.07 740.763
63300000 1453.08 2731.71 298.999 4184.78 740.192
63400000 1473.01 2725.58 298.329 4198.6 740.123
63500000 1463.75 2741.93 300.118 4205.68 740.496
63600000 1459.08 2741.24 300.042 4200.32 740.941
63700000 1486.15 2761.72 302.284 4247.87 741.686
63800000 1456.41 2752.22 301.244 4208.63 742.277
63900000 1457.53 2738.47 299.739 4196 744.257
64000000 1455.39 2754.22 301.463 4209.61 745.976
64100000 1471.61 2737.89 299.675 4209.5 745.871
64200000 1487.98 2736.72 299.547 4224.7 746.45
64300000 1462.28 2761.9 302.304 4224.18 746.935
64400000 1468.79 2745.24 300.48 4214.03 747.204
64500000 1467.87 2718.23 297.524 4186.11 747.941
64600000 1475.5 2731.83 299.013 4207.34 748.175
64700000 1481.21 2730.45 298.861 4211.66 749.718
64800000 1447.21 2741.75 300.098 4188.97 750.116
64900000 1473.93 2749.55 300.952 4223.48 751.325
65000000 1468.91 2747.93 300.775 4216.84 752.249
65100000 1469.79 2733.55 299.2 4203.34 752.096
65200000 1465.04 2744.77 300.429 4209.82 751.889
65300000 1432.63 2739.17 299.816 4171.8 752.698
65400000 1461.06 2755.53 301.606 4216.58 752.219
65500000 1449.84 2760.63 302.165 4210.47 753.066
65600000 1447.36 2729.6 298.768 4176.96 753.474
65700000 1444.74 2755.86 301.642 4200.6 753.204
65800000 1458.92 2742.49 300.179 4201.41 753.655
65900000 1456.2 2741.47 300.067 4197.67 754.24
66000000 1465.46 2734.07 299.258 4199.54 754.761
66100000 1462.55 2722.04 297.941 4184.58 754.316
66200000 1462.28 2730.83 298.903 4193.11 753.115
66300000 1471.93 2740.85 299.999 4212.78 753.077
66400000 1444.66 2724.29 298.187 4168.96 753.575
66500000 1470.02 2732.27 299.06 4202.29 754.362
66600000 1437.01 2719.3 297.641 4156.31 755.042
66700000 1460.03 2741.51 300.072 4201.54 755.543
66800000 1454.82 2746.99 300.672 4201.81 755.804
66900000 1451.7 2734.54 299.309 4186.24 756.833
67000000 1454.18 2745.8 300.541 4199.98 757.251
67100000 1464.54 2742.86 300.22 4207.4 757.12
67200000 1452.81 2737.87 299.673 4190.67 757.349
67300000 1452.47 2754.78 301.524 4207.25 757.095
67400000 1446.2 2749.31 300.925 4195.51 756.956
67500000 1458.06 2739.3 299.83 4197.36 757.955
67600000 1463.57 2732.52 299.088 4196.1 758.696
67700000 1492.27 2729.69 298.778 4221.96 760.036
67800000 1477.64 2741.12 300.029 4218.76 760.702
67900000 1468.21 2718.55 297.559 4186.76 760.624
68000000 1465.15 2741.51 300.072 4206.66 761.38
68100000 1468.8 2714.91 297.161 4183.71 763.322
68200000 1471.46 2751.59 301.175 4223.05 764.446
68300000 1466.21 2742.62 300.193 4208.83 765.04
68400000 1464.49 2733.38 299.182 4197.88 765.256
68500000 1452.9 2756.92 301.759 4209.82 767.064
68600000 1445.68 2720.66 297.79 4166.34 766.807
68700000 1441.92 2740.25 299.934 4182.17 766.552
68800000 1463.02 2740.07 299.914 4203.09 766.569
68900000 1440.77 2747.7 300.749 4188.47 765.902
69000000 1463.83 2745.28 300.485 4209.12 764.953
69100000 1463.78 2755.65 301.62 4219.44 765.122
69200000 1463.43 2732 299.03 4195.43 766.039
69300000 1458.87 2747.98 300.78 4206.85 767.853
69400000 1485.45 2740.33 299.942 4225.78 769.614
69500000 1474.09 2743.93 300.336 4218.02 770.465
69600000 1488.2 2752.94 301.323 4241.15 770.008
69700000 1460.41 2762.99 302.423 4223.4 769.298
69800000 1488.75 2738.64 299.758 4227.39 768.578
69900000 1454.93 2752 301.22 4206.93 769.015
70000000 1467.76 2724.12 298.169 4191.89 768.451
70100000 1468.12 2743.79 300.322 4211.91 769.169
70200000 1480.88 2749 300.891 4229.88 770.095
70300000 1481.17 2747.51 300.728 4228.68 769.274
70400000 1471.42 2763.99 302.532 4235.41 768.459
70500000 1468.94 2719.28 297.638 4188.22 769.439
70600000 1468.04 2746.83 300.654 4214.87 770.007
70700000 1459.37 2746.84 300.655 4206.2 769.589
70800000 1477.71 2749.1 300.902 4226.81 769.284
70900000 1483.03 2757.56 301.828 4240.59 769.95
71000000 1482.19 2726.19 298.395 4208.38 770.135
71100000 1483.03 2743.86 300.329 4226.89 770.253
71200000 1461.11 2732.02 299.033 4193.12 769.341
71300000 1468.63 2761.05 302.21 4229.67 769.275
71400000 1486.33 2748.72 300.861 4235.05 770.036
71500000 1476.22 2746.59 300.627 4222.81 770.484
71600000 1467.11 2734.54 299.308 4201.64 770.654
71700000 1478.07 2766.4 302.796 4244.47 770.892
71800000 1478.89 2744.71 300.422 4223.6 772.111
71900000 1467.01 2734.99 299.358 4201.99 772.738
72000000 1464.07 2741.5 300.07 4205.57 772.827
72100000 1473.8 2736.89 299.567 4210.7 773.472
72200000 1460.75 2742.36 300.164 4203.1 773.711
72300000 1485.41 2725.83 298.356 4211.25 773.772
72400000 1465.12 2736.24 299.495 4201.36 773.251
72500000 1464.12 2731.72 299 4195.84 773.699
72600000 1470.25 2741.52 300.073 4211.78 774.546
72700000 1475.73 2746.31 300.597 4222.04 774.281
72800000 1443.94 2719.25 297.635 4163.18 774.852
72900000 1456.33 2733.77 299.225 4190.1 775.002
73000000 1475.56 2743.34 300.272 4218.9 775.458
73100000 1470.62 2738.43 299.735 4209.06 775.933
73200000 1466.75 2743.13 300.249 4209.87 776.912
73300000 1449.89 2763.21 302.447 4213.11 776.684
73400000 1474.68 2748.45 300.831 4223.13 776.74
73500000 1454.51 2747.12 300.685 4201.63 777.099
73600000 1465.07 2717.42 297.435 4182.49 777.469
73700000 1458.45 2737.99 299.686 4196.44 777.73
73800000 1465.32 2759.63 302.055 4224.95 777.552
73900000 1460.13 2756.14 301.673 4216.27 777.621
74000000 1471.93 2753.65 301.4 4225.58 777.794
74100000 1468.56 2744.85 300.437 4213.41 776.552
74200000 1461.78 2769.12 303.094 4230.9 776.43
74300000 1473.16 2752.92 301.321 4226.08 776.984
74400000 1469.52 2745.59 300.518 4215.11 776.967
74500000 1465.36 2731.71 298.999 4197.07 777.709
74600000 1464.45 2745.8 300.541 4210.25 777.759
74700000 1450.35 2730.34 298.849 4180.69 777.689
74800000 1473.19 2719.81 297.696 4193 778.154
74900000 1454.77 2734.59 299.314 4189.36 778.615
75000000 1465.32 2749.73 300.972 4215.05 778.658
75100000 1458.17 2739.22 299.821 4197.39 779.37
75200000 1451.85 2740.99 300.015 4192.84 779.393
75300000 1453.3 2744.14 300.359 4197.44 779.982
75400000 1452.25 2767.95 302.966 4220.2 780.295
75500000 1463.76 2747.09 300.682 4210.85 780.876
75600000 1482.67 2750.39 301.044 4233.06 780.921
75700000 1482.09 2732.59 299.095 4214.68 781.825
75800000 1460.04 2759.5 302.04 4219.53 781.9
75900000 1461.37 2762.9 302.413 4224.27 782.5
76000000 1455.54 2751.54 301.169 4207.07 783.772
76100000 1460.87 2743.61 300.302 4204.48 783.534
76200000 1467.04 2753.19 301.35 4220.23 783.082
76300000 1451.05 2741.84 300.107 4192.88 783.269
76400000 1468.94 2768.49 303.025 4237.43 784.28
76500000 1457.33 2719.08 297.617 4176.41 785.435
76600000 1472.28 2727.25 298.511 4199.52 786.588
76700000 1475.56 2753.21 301.352 4228.77 787.092
76800000 1462.81 2740.74 299.988 4203.55 787.18
76900000 1477.9 2756.09 301.668 4233.99 787.749
77000000 1468.6 2743.52 300.292 4212.12 788.004
77100000 1465.58 2734.36 299.289 4199.93 787.586
77200000 1474.61 2759 301.986 4233.61 786.483
77300000 1472.81 2732.67 299.105 4205.48 785.905
77400000 1471.76 2727.01 298.485 4198.77 786.595
77500000 1447.89 2730.12 298.825 4178.01 786.999
77600000 1458.36 2745.86 300.548 4204.22 788.048
77700000 1453.19 2740.69 299.982 4193.88 787.328
77800000 1481.31 2745.65 300.525 4226.96 787.55
77900000 1465.72 2748.33 300.818 4214.05 788.406
78000000 1481.34 2745.3 300.486 4226.63 788.837
78100000 1469.38 2750.73 301.081 4220.11 788.861
78200000 1447.11 2748.21 300.805 4195.31 788.762
78300000 1470.59 2769.9 303.179 4240.49 788.592
78400000 1455.24 2741.52 300.073 4196.76 788.447
78500000 1464.59 2743.32 300.27 4207.91 790.426
78600000 1462.78 2739.7 299.874 4202.48 792.281
78700000 1451.3 2733.47 299.191 4184.77 793.2
78800000 1455.26 2751.09 301.12 4206.35 794.124
78900000 1455.47 2727.18 298.503 4182.64 793.148
79000000 1443.57 2738.27 299.717 4181.84 793.456
79100000 1457.34 2714.75 297.143 4172.1 793.704
79200000 1465.33 2733.01 299.142 4198.34 793.66
79300000 1450.97 2748.06 300.789 4199.03 793.569
79400000 1436.11 2737.27 299.608 4173.38 793.016
79500000 1477.03 2711.82 296.822 4188.86 792.844
79600000 1459.64 2762.23 302.339 4221.87 793.045
79700000 1471.01 2748.11 300.794 4219.12 794.682
79800000 1468.49 2707.02 296.297 4175.51 794.597
79900000 1472.61 2725.56 298.326 4198.17 794.604
80000000 1455.18 2743.33 300.271 4198.51 795.522
80100000 1473.44 2728.52 298.65 4201.96 796.071
80200000 1470.39 2745.37 300.494 4215.76 796.94
80300000 1478.55 2728.67 298.667 4207.22 798.09
80400000 1465.57 2755.86 301.643 4221.44 798.169
80500000 1491.39 2733.4 299.184 4224.8 798.29
80600000 1479.83 2715.94 297.273 4195.77 798.192
80700000 1465.42 2769.69 303.156 4235.11 799.865
80800000 1488.54 2762.88 302.411 4251.42 801.046
80900000 1469.7 2737.81 299.667 4207.51 800.643
81000000 1477.42 2737.82 299.667 4215.24 800.617
81100000 1467.09 2744.46 300.395 4211.55 800.635
81200000 1447.91 2756.97 301.764 4204.89 801.09
81300000 1454.51 2750.48 301.054 4204.99 801.368
81400000 1466.48 2739.3 299.83 4205.78 801.393
81500000 1490.11 2731.69 298.996 4221.79 801.45
81600000 1456.22 2705.36 296.115 4161.58 802.249
81700000 1450.55 2759.96 302.091 4210.51 802.581
81800000 1454.17 2733.96 299.245 4188.13 802.356
81900000 1448.64 2749.27 300.921 4197.91 802.651
82000000 1465.94 2726.33 298.41 4192.27 802.707
82100000 1489.31 2732.55 299.091 4221.86 802.588
82200000 1468.26 2731.61 298.989 4199.87 802.643
82300000 1471.25 2757.22 301.791 4228.47 803.124
82400000 1467.48 2730.76 298.895 4198.24 803.45
82500000 1469.8 2738 299.687 4207.8 803.733
82600000 1465.18 2743.64 300.305 4208.82 804.873
82700000 1472.74 2720.03 297.721 4192.78 805.059
82800000 1452.33 2743.2 300.256 4195.53 805.263
82900000 1434.96 2733.88 299.236 4168.83 805.381
83000000 1463.87 2755.08 301.558 4218.96 805.142
83100000 1465.71 2737.5 299.633 4203.21 805.385
83200000 1466.91 2748.89 300.88 4215.8 806.131
83300000 1457.66 2754.53 301.497 4212.2 806.374
83400000 1459.75 2737.53 299.636 4197.28 806.96
83500000 1471.75 2738.89 299.785 4210.64 806.766
83600000 1460.97 2747.49 300.726 4208.46 807.128
83700000 1466.3 2753.89 301.426 4220.19 806.887
83800000 1470.46 2723.91 298.145 4194.37 806.647
83900000 1455.11 2752.49 301.273 4207.6 806.26
84000000 1471.29 2746.49 300.616 4217.78 805.971
84100000 1488.37 2750.25 301.029 4238.62 806.205
84200000 1455.2 2749.85 300.984 4205.04 807.111
84300000 1466.95 2740.91 300.006 4207.87 807.295
84400000 1477.31 2734.37 299.29 4211.67 807.471
84500000 1476.74 2742.63 300.195 4219.37 808.016
84600000 1458.66 2761.51 302.26 4220.17 808.081
84700000 1458.03 2731.22 298.946 4189.26 806.733
84800000 1470.96 2731.47 298.972 4202.42 806.842
84900000 1473.21 2738.4 299.731 4211.61 808.132
85000000 1474.69 2737.71 299.656 4212.4 808.237
85100000 1486.28 2721.45 297.876 4207.73 808.134
85200000 1470.77 2727.82 298.573 4198.59 808.648
85300000 1488.66 2726.45 298.423 4215.11 808.294
85400000 1453.77 2745.67 300.527 4199.44 807.837
85500000 1477.17 2741.89 300.114 4219.07 807.852
85600000 1464.3 2749.99 301 4214.29 807.711
85700000 1462.82 2734.29 299.282 4197.11 807.625
85800000 1461.77 2733.94 299.243 4195.71 807.73
85900000 1464.14 2715.43 297.217 4179.57 807.758
86000000 1467.63 2737.33 299.614 4204.96 807.676
86100000 1476.32 2748.81 300.871 4225.14 807.561
86200000 1486.05 2758.09 301.886 4244.13 807.719
86300000 1482.14 2724.04 298.159 4206.17 808.384
86400000 1458.42 2743.98 300.342 4202.39 809.313
86500000 1498.76 2725.45 298.314 4224.21 809.69
86600000 1466.44 2765.51 302.699 4231.95 810.095
86700000 1474.02 2750.64 301.071 4224.66 810.646
86800000 1483.86 2748.49 300.836 4232.35 810.718
86900000 1467.09 2738.58 299.751 4205.67 810.01
87000000 1457.6 2726.83 298.465 4184.43 809.795
87100000 1465.49 2764.89 302.631 4230.38 810.254
87200000 1464.34 2730.79 298.898 4195.13 811.376
87300000 1470.46 2742.91 300.225 4213.37 811.219
87400000 1440.2 2735.2 299.381 4175.4 810.528
87500000 1461.24 2731.27 298.951 4192.51 810.38
87600000 1456.32 2735.66 299.432 4191.99 811.006
87700000 1471.08 2727.03 298.486 4198.11 812.292
87800000 1466.19 2745.67 300.527 4211.86 813.464
87900000 1462.13 2762.89 302.412 4225.02 813.701
88000000 1468.11 2725.23 298.29 4193.34 813.804
88100000 1466.62 2731.87 299.016 4198.49 814.567
88200000 1471.03 2733.47 299.192 4204.5 815.938
88300000 1456.41 2761.83 302.296 4218.24 817.247
88400000 1458.35 2750.68 301.076 4209.04 817.354
88500000 1459.9 2767.5 302.916 4227.4 817.482
88600000 1434.13 2754.64 301.509 4188.78 817.555
88700000 1475.77 2736.74 299.549 4212.5 817.427
88800000 1466.29 2725.44 298.313 4191.73 816.406
88900000 1450.31 2755.49 301.602 4205.8 816.793
89000000 1470.07 2714.92 297.161 4184.99 818.21
89100000 1460.17 2745.97 300.56 4206.14 818.732
89200000 1440.71 2752.97 301.327 4193.69 818.787
89300000 1472.93 2735.87 299.455 4208.81 819.193
89400000 1467.05 2728.41 298.637 4195.45 819.52
89500000 1455.27 2731.89 299.019 4187.16 819.52
89600000 1462.83 2717.8 297.476 4180.63 820.515
89700000 1473.55 2753.63 301.398 4227.18 822.002
89800000 1484.02 2723.23 298.071 4207.25 822.938
89900000 1477.9 2749.83 300.982 4227.73 822.346
90000000 1482.44 2743.19 300.256 4225.63 822.738
90100000 1461.35 2734.96 299.355 4196.3 822.932
90200000 1482.13 2736.37 299.509 4218.5 824.608
90300000 1473.18 2737.27 299.608 4210.45 824.637
90400000 1465.57 2740.98 300.014 4206.56 823.85
90500000 1472.72 2734.44 299.298 4207.16 823.783
90600000 1450.07 2739 299.796 4189.06 824.899
90700000 1473.17 2714.44 297.109 4187.62 824.632
90800000 1467.13 2721.07 297.834 4188.19 824.245
90900000 1473.19 2738.54 299.746 4211.73 824.535
91000000 1453.95 2726.54 298.433 4180.49 825.764
91100000 1467.48 2731.92 299.022 4199.39 826.803
91200000 1465.65 2749.53 300.949 4215.18 826.857
91300000 1461.52 2749.14 300.907 4210.66 827.271
91400000 1481.44 2733.31 299.174 4214.75 828.663
91500000 1478.45 2738.33 299.724 4216.78 829.214
91600000 1462.68 2741.71 300.094 4204.39 829.797
91700000 1476.55 2726.57 298.437 4203.12 830.929
91800000 1459.33 2731.83 299.012 4191.15 831.488
91900000 1472.93 2725.99 298.373 4198.92 831.839
92000000 1465.98 2738.04 299.692 4204.02 833.091
92100000 1468.45 2740.01 299.907 4208.46 834.794
92200000 1470.54 2733.52 299.197 4204.06 835.419
92300000 1462.9 2751.24 301.136 4214.14 836.044
92400000 1469.01 2717.66 297.461 4186.66 836.483
92500000 1440.86 2754.44 301.487 4195.3 836.29
92600000 1464.72 2750.1 301.012 4214.82 836.402
92700000 1436.56 2734.94 299.352 4171.5 837.395
92800000 1477.27 2735.84 299.452 4213.11 838.388
92900000 1465.31 2736.9 299.567 4202.21 838.881
93000000 1455.78 2739.37 299.838 4195.15 838.817
93100000 1443.64 2745.62 300.521 4189.26 837.972
93200000 1450.07 2737.95 299.682 4188.01 839.302
93300000 1445.5 2750.05 301.007 4195.56 839.624
93400000 1455.1 2737.76 299.662 4192.86 840.266
93500000 1483.88 2776.45 303.896 4260.33 840.878
93600000 1474.71 2758.85 301.97 4233.57 840.832
93700000 1472.25 2741.48 300.068 4213.72 839.962
93800000 1466.6 2736.79 299.555 4203.39 840.344
93900000 1455.93 2731.88 299.018 4187.81 840.715
94000000 1470.13 2756.4 301.701 4226.53 841.521
94100000 1476.39 2734.5 299.304 4210.89 842.438
94200000 1462.27 2757.41 301.812 4219.68 842.816
94300000 1462.51 2764.65 302.605 4227.17 842.904
94400000 1459.54 2728.14 298.608 4187.68 841.993
94500000 1452.23 2751.75 301.192 4203.97 841.786
94600000 1452.87 2741.48 300.069 4194.36 840.969
94700000 1479.58 2750.21 301.023 4229.79 840.707
94800000 1478.78 2756.58 301.722 4235.37 841.048
94900000 1479.95 2748.04 300.787 4227.99 841.024
95000000 1457.29 2733.58 299.204 4190.88 841.988
95100000 1468.75 2737.51 299.634 4206.26 843.18
95200000 1480.07 2731.2 298.943 4211.27 843.318
95300000 1451.19 2736.51 299.525 4187.7 842.385
95400000 1467.13 2741.26 300.044 4208.39 843.19
95500000 1458.53 2738.37 299.728 4196.9 843.895
95600000 1462.51 2736.25 299.496 4198.76 843.674
95700000 1473.52 2750.7 301.078 4224.22 843.99
95800000 1464.05 2745.73 300.534 4209.79 844.686
95900000 1461.22 2751.1 301.121 4212.32 844.815
96000000 1456.88 2737.37 299.618 4194.25 845.399
96100000 1472.36 2745.39 300.496 4217.74 845.71
96200000 1461.98 2752.64 301.29 4214.62 845.781
96300000 1466.97 2738.94 299.79 4205.91 846.666
96400000 1464.17 2730.55 298.873 4194.73 846.98
96500000 1474.88 2742.53 300.183 4217.4 847.115
96600000 1470.53 2747.18 300.692 4217.71 847.493
96700000 1472.18 2762.83 302.406 4235.02 847.697
96800000 1466.89 2737.91 299.678 4204.81 847.808
96900000 1469.23 2711.79 296.818 4181.02 847.912
97000000 1465 2732.84 299.122 4197.84 848.313
97100000 1472.45 2742.19 300.147 4214.65 848.472
97200000 1459.42 2746.4 300.607 4205.82 849.949
97300000 1448.56 2748.2 300.804 4196.76 850.465
97400000 1461.86 2734.14 299.265 4195.99 850.319
97500000 1465.15 2714.31 297.094 4179.46 849.789
97600000 1444.12 2751.84 301.203 4195.97 849.504
97700000 1455.18 2771.49 303.353 4226.68 849.499
97800000 1465.42 2709.59 296.577 4175.01 850.109
97900000 1482.7 2733.18 299.16 4215.88 850.383
98000000 1446.73 2756.52 301.715 4203.26 850.425
98100000 1458.93 2736.23 299.494 4195.16 850.396
98200000 1464.45 2733.71 299.218 4198.16 851.127
98300000 1456.09 2735.32 299.394 4191.41 851.331
98400000 1452.41 2724.95 298.259 4177.36 851.3
98500000 1465.07 2740.06 299.913 4205.13 851.829
98600000 1467.36 2752.5 301.274 4219.85 853.054
98700000 1478.75 2719.94 297.711 4198.69 853.687
98800000 1478.38 2741.54 300.075 4219.92 854.739
98900000 1479.33 2750.5 301.055 4229.83 854.512
99000000 1481.76 2758.07 301.884 4239.83 855.048
99100000 1475 2754.92 301.539 4229.92 856.465
99200000 1459.65 2756.31 301.691 4215.96 858.411
99300000 1473.9 2727.34 298.521 4201.24 860.072
99400000 1475.86 2727.48 298.536 4203.34 859.764
99500000 1481.41 2761.59 302.269 4243 859.848
99600000 1462.26 2728.76 298.676 4191.02 859.8
99700000 1474.85 2746.99 300.672 4221.84 860.49
99800000 1468.3 2719.89 297.705 4188.18 861.259
99900000 1503.87 2750.21 301.024 4254.08 860.772
100000000 1475.76 2747.07 300.68 4222.83 861.478
100100000 1458.15 2734.29 299.282 4192.44 862.223
100200000 1459.52 2738.03 299.69 4197.54 862.615
100300000 1481.04 2737.66 299.65 4218.7 862.174
100400000 1473.03 2739.55 299.858 4212.58 861.815
100500000 1488.75 2733.83 299.231 4222.58 862.192
100600000 1481.25 2730.79 298.898 4212.04 861.569
100700000 1472.39 2733.79 299.227 4206.18 861.798
100800000 1478.21 2746.86 300.657 4225.07 863.158
100900000 1487.46 2739.22 299.821 4226.67 863.513
101000000 1467.9 2754.78 301.524 4222.68 864.613
101100000 1476.3 2760.76 302.179 4237.06 864.984
101200000 1465.33 2730.98 298.919 4196.32 866.544
101300000 1488.61 2742.79 300.212 4231.4 867.175
101400000 1485.97 2748.81 300.871 4234.78 868.166
101500000 1481.54 2755.36 301.588 4236.9 869.485
101600000 1469.67 2770.13 303.204 4239.8 869.765
101700000 1480.03 2727.15 298.5 4207.18 870.239
101800000 1490.31 2754.87 301.534 4245.18 871.093
101900000 1473.43 2727.02 298.486 4200.45 871.3
102000000 1450.7 2728.26 298.621 4178.96 871.967
102100000 1474.87 2756.66 301.73 4231.53 871.761
102200000 1480.8 2755.17 301.567 4235.98 872.307
102300000 1470.26 2729.34 298.739 4199.6 872.293
102400000 1469.76 2745.4 300.497 4215.16 872.491
102500000 1469.22 2717.87 297.484 4187.09 872.312
102600000 1467.69 2746.74 300.644 4214.43 872.596
102700000 1492.44 2734.38 299.291 4226.82 872.563
102800000 1469.12 2741.22 300.04 4210.34 873.342
102900000 1465.19 2741.33 300.052 4206.53 873.689
103000000 1478.68 2737.29 299.61 4215.97 874.707
103100000 1466.12 2746.14 300.578 4212.26 874.627
103200000 1471.78 2753.85 301.423 4225.63 874.925
103300000 1477.86 2722.91 298.036 4200.77 876.154
103400000 1464.15 2714.58 297.124 4178.73 876.475
103500000 1466.25 2735.68 299.434 4201.93 876.328
103600000 1466.81 2739.68 299.871 4206.49 875.354
103700000 1469.01 2735.61 299.426 4204.61 876.228
103800000 1464.52 2745.95 300.557 4210.47 877.13
103900000 1486.91 2731.87 299.017 4218.78 877.732
104000000 1476.29 2726 298.374 4202.29 878.095
104100000 1463.84 2740.16 299.924 4204 878.214
104200000 1478.26 2747.83 300.764 4226.09 879.102
104300000 1477.42 2745.77 300.538 4223.19 880.351
104400000 1465.53 2738.23 299.712 4203.76 881.72
104500000 1455.76 2738.07 299.695 4193.83 882.837
104600000 1475.74 2733.02 299.143 4208.76 883.386
104700000 1475.25 2734.41 299.294 4209.65 883.79
104800000 1468.47 2741.78 300.101 4210.24 884.127
104900000 1473.1 2726.2 298.396 4199.3 883.967
105000000 1471.62 2762.58 302.378 4234.2 884.177
