# Time-averaged data for fix favg
# TimeStep v_vpe v_vke v_vT v_vE v_vRg
5100000 221.032 484.32 297.581 705.352 311.749
5200000 221.537 486.467 298.9 708.004 312.594
5300000 220.595 478.023 293.712 698.618 314.251
5400000 230.733 485.969 298.594 716.702 317.3
5500000 195.439 486.654 299.015 682.093 319.447
5600000 200.751 495.777 304.621 696.528 318.354
5700000 190.685 490.519 301.39 681.205 319.661
5800000 206.825 484.782 297.865 691.608 319.101
5900000 219.522 485.421 298.257 704.943 319.489
6000000 203.353 495.598 304.511 698.951 319.869
6100000 214.613 493.675 303.329 708.288 322.802
6200000 223.029 483.112 296.839 706.141 325.002
6300000 229.977 496.571 305.109 726.548 325.719
6400000 224.132 485.619 298.379 709.751 323.861
6500000 245.845 486.437 298.882 732.282 326.522
6600000 228.815 484.801 297.876 713.615 327.414
6700000 229.222 486.793 299.1 716.015 326.826
6800000 222.535 502.194 308.564 724.73 325.991
6900000 211.147 488.777 300.32 699.924 327.661
7000000 207.583 491.825 302.192 699.407 330.711
7100000 206.823 480.869 295.461 687.692 329.6
7200000 224.617 483.139 296.856 707.756 329.076
7300000 237.018 480.078 294.975 717.096 331.312
7400000 239.56 482.088 296.21 721.648 331.102
7500000 231.108 502.28 308.617 733.388 332.256
7600000 231.118 483.125 296.847 714.243 335.274
7700000 235.403 486.597 298.98 722 336.907
7800000 221.009 486.212 298.744 707.221 337.81
7900000 207.353 484.428 297.647 691.781 336.879
8000000 210.932 493.973 303.512 704.905 336.489
8100000 227.647 488.368 300.069 716.015 335.382
8200000 221.826 489.451 300.734 711.278 333.89
8300000 208.633 480.988 295.534 689.621 333.775
8400000 197.667 490.67 301.483 688.337 331.81
8500000 213.879 493.291 303.093 707.17 331.658
8600000 215.859 492.082 302.35 707.942 334.83
8700000 206.402 493.211 303.044 699.613 334.738
8800000 220.446 491.461 301.969 711.907 334.766
8900000 201.642 491.158 301.783 692.8 335.127
9000000 202.411 491.928 302.256 694.339 335.962
9100000 216.893 490.671 301.484 707.564 334.11
9200000 210.16 490.805 301.566 700.965 333.223
9300000 213.438 489.408 300.708 702.847 336.62
9400000 203.955 491.216 301.818 695.171 339.365
9500000 214.428 493.91 303.473 708.337 338.828
9600000 218.7 497.612 305.748 716.311 338.48
9700000 232.899 489.499 300.763 722.398 337.021
9800000 228.859 495.284 304.318 724.143 337.674
9900000 233.448 482.533 296.483 715.981 340.254
10000000 217.085 487.741 299.683 704.826 340.181
10100000 225.547 494.183 303.641 719.731 339.632
10200000 213.856 492.669 302.711 706.525 340.466
10300000 231.035 483.131 296.851 714.166 341.749
10400000 228.514 492.783 302.781 721.297 345.045
10500000 235.101 491.688 302.108 726.789 345.325
10600000 232.553 492 302.3 724.554 348.576
10700000 209.051 494.843 304.047 703.894 351.608
10800000 214.031 489.815 300.958 703.846 352.306
10900000 224.601 496.273 304.925 720.873 353.676
11000000 221.7 495.018 304.155 716.719 355.517
11100000 209.341 481.188 295.657 690.529 355.962
11200000 212.413 484.123 297.46 696.535 356.829
11300000 219.911 491.495 301.99 711.406 356.301
11400000 222.075 478.281 293.871 700.356 355.854
11500000 229.136 486.203 298.738 715.339 355.754
11600000 201.789 483.693 297.196 685.481 356.27
11700000 212.693 485.092 298.055 697.785 355.769
11800000 209.347 477.026 293.1 686.374 354.129
11900000 207.802 503.768 309.53 711.57 353.167
12000000 211.995 486.474 298.905 698.47 352.295
12100000 204.114 478.184 293.811 682.298 353.192
12200000 202.206 486.49 298.914 688.696 353.964
12300000 207.399 471.022 289.41 678.42 352.152
12400000 211.891 489.162 300.556 701.052 352.165
12500000 197.848 494.676 303.944 692.524 352.757
12600000 199.879 487.543 299.562 687.422 354.475
12700000 212.854 483.638 297.162 696.492 354.887
12800000 204.1 483.657 297.174 687.757 356.678
12900000 208.439 493.179 303.025 701.619 359.448
13000000 209.376 491.244 301.836 700.62 360.333
13100000 221.474 486.441 298.885 707.915 360.464
13200000 236.335 488.855 300.367 725.189 362.048
13300000 244.208 484.097 297.444 728.305 362.939
13400000 227.848 489.537 300.787 717.385 364.52
13500000 226.337 490.502 301.38 716.839 364.058
13600000 212.028 481.637 295.933 693.666 363.298
13700000 205.848 488.231 299.984 694.079 363.676
13800000 218.87 488.667 300.252 707.537 364.891
13900000 198.931 484.52 297.704 683.451 365.8
14000000 216.626 480.587 295.287 697.212 367.068
14100000 205.152 485.27 298.165 690.422 368.504
14200000 200.163 487.161 299.327 687.324 371.584
14300000 204.176 489.473 300.748 693.65 373.658
14400000 199.454 490.995 301.683 690.449 375.083
14500000 222.092 484.164 297.485 706.256 374.735
14600000 216.094 486.037 298.636 702.131 373.21
14700000 200.301 491.9 302.239 692.201 373.136
14800000 192.341 493.673 303.328 686.014 372.289
14900000 196.084 492.724 302.745 688.808 373.636
15000000 199.501 488.2 299.965 687.701 373.449
15100000 218.332 490.851 301.594 709.183 372.932
15200000 219.703 489.29 300.635 708.993 375.385
15300000 214.361 486.13 298.693 700.491 376.276
15400000 212.164 490.478 301.365 702.642 379.376
15500000 235.228 487.567 299.576 722.795 381.96
15600000 210.65 492.64 302.693 703.29 382.677
15700000 211.428 488.529 300.167 699.957 384.359
15800000 213.975 486.289 298.791 700.264 387.055
15900000 196.765 492.115 302.371 688.88 388.798
16000000 202.465 490.302 301.256 692.766 391.437
16100000 199.409 493.104 302.978 692.513 393.208
16200000 200.513 489.903 301.011 690.416 393.568
16300000 210.283 486.702 299.045 696.985 393.704
16400000 193.085 491.193 301.804 684.278 392.236
16500000 185.005 493.194 303.033 678.199 392.899
16600000 187.561 487.936 299.803 675.497 395.683
16700000 192.493 479.924 294.88 672.417 395.872
16800000 176.96 495.899 304.696 672.859 396.342
16900000 174.844 488.203 299.967 663.047 395.363
17000000 190.121 484.848 297.906 674.969 398.377
17100000 185.45 478.385 293.935 663.835 399.41
17200000 207.826 484.595 297.75 692.421 398.73
17300000 208.265 499.498 306.907 707.763 398.856
17400000 217.431 484.066 297.425 701.497 397.811
17500000 215.798 488.25 299.996 704.048 395.864
17600000 214.5 492.855 302.826 707.355 395.317
17700000 214.987 490.671 301.483 705.658 394.594
17800000 220.743 490.412 301.324 711.156 394.074
17900000 212.741 486.595 298.979 699.336 393.448
18000000 217.552 490.821 301.576 708.374 396.44
18100000 210.352 488.413 300.096 698.765 397.593
18200000 209.572 490.079 301.12 699.651 394.901
18300000 211.588 489.739 300.911 701.327 392.173
18400000 219.095 492.101 302.362 711.196 392.479
18500000 216.851 491.039 301.709 707.89 391.978
18600000 214.436 495.106 304.208 709.541 392.502
18700000 194.789 490.295 301.253 685.085 392.423
18800000 168.015 485.432 298.264 653.447 395.237
18900000 179.124 480.636 295.318 659.761 393.596
19000000 177.393 483.626 297.155 661.019 389.762
19100000 167.888 485.75 298.46 653.639 387.95
19200000 186.664 488.909 300.401 675.573 385.498
19300000 186.675 486.923 299.181 673.598 384.929
19400000 204.596 496.265 304.921 700.861 387.167
19500000 194.505 488.302 300.028 682.808 390.166
19600000 190.986 489.679 300.874 680.665 392.044
19700000 190.738 483.905 297.326 674.643 393.713
19800000 199.69 491.857 302.212 691.547 391.872
19900000 214.463 477.011 293.09 691.474 393.653
20000000 207.55 491.818 302.188 699.368 396.601
20100000 206.954 481.315 295.735 688.269 397.936
20200000 201.922 486.772 299.088 688.694 398.445
20300000 193.551 482.504 296.465 676.055 399.928
20400000 196.827 486.776 299.09 683.603 400.987
20500000 199.062 494.017 303.539 693.079 399.959
20600000 199.263 487.344 299.439 686.607 400.714
20700000 212.706 481.904 296.097 694.61 400.447
20800000 199.889 494.758 303.995 694.647 401.12
20900000 195.482 485.965 298.592 681.447 400.167
21000000 198.036 503.778 309.537 701.814 401.318
21100000 215.8 495.059 304.18 710.86 402.994
21200000 217.602 486.647 299.011 704.249 405.766
21300000 201.369 474.693 291.666 676.062 408.023
21400000 194.057 488.343 300.053 682.4 410.063
21500000 192.957 483.013 296.778 675.969 410.505
21600000 185.27 492.451 302.577 677.72 409.917
21700000 180.09 487.326 299.428 667.416 409.898
21800000 186.103 494.782 304.01 680.885 411.397
21900000 173.109 497.617 305.751 670.726 412.731
22000000 152.284 489.691 300.881 641.975 414.205
22100000 184.818 489.074 300.502 673.893 415.864
22200000 212.157 484.338 297.592 696.495 417.818
22300000 219.258 480.107 294.993 699.366 419.919
22400000 220.262 488.639 300.235 708.901 421.272
22500000 218.936 484.802 297.877 703.739 423.551
22600000 217.077 483.909 297.329 700.986 424.204
22700000 223.343 493.36 303.136 716.703 423.662
22800000 215.891 493.366 303.14 709.257 426.778
22900000 218.425 493.735 303.366 712.16 427.228
23000000 215.15 484.743 297.841 699.892 428.559
23100000 218.056 475.852 292.378 693.908 430.1
23200000 230.091 490.108 301.138 720.199 429.754
23300000 220.747 493.119 302.988 713.866 431.614
23400000 209.807 486.911 299.173 696.718 431.026
23500000 197.146 492.866 302.832 690.013 432.691
23600000 197.49 491.046 301.714 688.536 434.841
23700000 178.448 479.142 294.4 657.59 432.931
23800000 171.419 492.647 302.697 664.066 431.152
23900000 198.948 487.957 299.816 686.905 431.327
24000000 205.491 479.413 294.566 684.904 430.531
24100000 204.295 485.218 298.133 689.512 431.092
24200000 195.643 483.133 296.852 678.776 431.197
24300000 186.856 484.414 297.639 671.269 431.712
24400000 180.521 491.717 302.126 672.238 433.06
24500000 196.872 483.47 297.059 680.342 433.102
24600000 184.925 486.387 298.851 671.312 434.642
24700000 203.529 498.83 306.497 702.359 434.651
24800000 197.207 482.174 296.262 679.381 434.739
24900000 187.347 488.901 300.396 676.249 435.323
25000000 178.569 489.213 300.588 667.782 434.937
25100000 185.766 482.434 296.422 668.199 435.534
25200000 178.503 488.277 300.013 666.781 436.715
25300000 178.838 497.546 305.708 676.384 438.078
25400000 170.367 492.101 302.362 662.468 438.621
25500000 165.027 484.795 297.873 649.821 439.627
25600000 170.719 486.384 298.85 657.103 438.504
25700000 173.298 482.505 296.466 655.803 439.609
25800000 183.832 490.356 301.29 674.188 441.51
25900000 181.808 486.462 298.898 668.271 442.114
26000000 164.639 490.186 301.185 654.825 443.423
26100000 186.243 487.016 299.238 673.259 444.004
26200000 172.508 483.202 296.894 655.71 442.864
26300000 186.201 489.275 300.626 675.477 441.253
26400000 216.457 487.026 299.244 703.484 443.748
26500000 218.822 481.539 295.872 700.361 446.319
26600000 255.141 487.272 299.395 742.413 448.567
26700000 245.267 489.568 300.806 734.835 450.163
26800000 235.355 499.607 306.974 734.963 450.419
26900000 234.814 503.143 309.147 737.958 452.367
27000000 219.549 488.351 300.058 707.9 454.167
27100000 226.358 490.467 301.358 716.825 456.176
27200000 220.648 491.658 302.09 712.306 455.667
27300000 226.957 490.42 301.329 717.377 455.848
27400000 221.752 487.045 299.256 708.797 458.098
27500000 223.892 474.3 291.425 698.192 456.451
27600000 230.131 487.645 299.624 717.776 454.221
27700000 212.378 491.829 302.195 704.206 452.821
27800000 228.826 497.549 305.71 726.376 453.009
27900000 221.873 488.081 299.892 709.954 452.783
28000000 208.886 483.493 297.073 692.379 453.009
28100000 210.102 492.651 302.7 702.753 453.858
28200000 206.487 486.06 298.65 692.546 455.299
28300000 191.672 494.263 303.691 685.935 456.528
28400000 184.225 492.251 302.454 676.475 456.28
28500000 195.122 496.338 304.965 691.46 457.647
28600000 199.215 479.754 294.776 678.969 458.611
28700000 214.714 484.523 297.706 699.237 457.574
28800000 200.433 488.049 299.872 688.482 457.651
28900000 193.662 484.682 297.804 678.344 461.871
29000000 206.427 490.17 301.176 696.597 463.792
29100000 216.97 488.786 300.325 705.756 466.308
29200000 204.944 498.597 306.353 703.54 468.282
29300000 211.061 481.313 295.733 692.374 464.833
29400000 211.567 494.524 303.851 706.09 462.933
29500000 194.918 487.097 299.288 682.015 462.671
29600000 184.031 498.831 306.497 682.862 461.786
29700000 185.477 490.078 301.119 675.555 461.909
29800000 172.559 491.785 302.168 664.344 462.452
29900000 185.138 489.881 300.998 675.019 463.51
30000000 191.443 486.988 299.221 678.431 465.504
30100000 211.739 493.519 303.233 705.258 465.633
30200000 196.853 488.927 300.412 685.78 465.794
30300000 205.421 473.34 290.834 678.76 467.731
30400000 207.566 481.976 296.141 689.542 468.094
30500000 203.602 498.323 306.185 701.925 470.057
30600000 182.13 495.351 304.359 677.481 472.356
30700000 205.27 495.121 304.218 700.391 474.994
30800000 198.112 485.027 298.015 683.138 477.965
30900000 196.25 493.586 303.275 689.836 478.338
31000000 192.004 489.281 300.629 681.285 477.477
31100000 193.1 491.084 301.737 684.184 477.315
31200000 190.646 494.8 304.02 685.446 476.998
31300000 193.558 480.291 295.106 673.85 477.896
31400000 190.436 486.113 298.683 676.549 478.638
31500000 175.085 487.247 299.38 662.332 479.537
31600000 162.697 488.874 300.379 651.571 480.005
31700000 184.184 478.559 294.042 662.743 478.595
31800000 198.256 496.148 304.849 694.403 479.027
31900000 192.597 487.963 299.82 680.561 479.409
32000000 198.07 488.559 300.186 686.629 481.447
32100000 209.818 487.651 299.628 697.469 480.239
32200000 205.86 491.716 302.126 697.576 480.717
32300000 207.689 482.285 296.331 689.974 481.084
32400000 193.945 484.484 297.682 678.429 481.237
32500000 191.145 490.14 301.157 681.286 483.042
32600000 197.899 482.788 296.64 680.688 484.905
32700000 184.198 482.894 296.705 667.092 487.671
32800000 196.048 484.329 297.587 680.377 489.892
32900000 189.496 487.936 299.803 677.431 491.897
33000000 185.039 488.73 300.291 673.769 493.892
33100000 185.429 492.763 302.769 678.191 494.69
33200000 199.287 489.903 301.012 689.191 495.013
33300000 210.327 487.472 299.518 697.799 492.765
33400000 212.776 488.021 299.855 700.797 493.851
33500000 212.677 484.326 297.585 697.003 493.773
33600000 200.354 491.795 302.174 692.149 495.18
33700000 212.25 485.509 298.312 697.76 495.403
33800000 218.669 482.595 296.521 701.264 496.912
33900000 217.93 488.401 300.089 706.331 498.42
34000000 211.408 481.227 295.681 692.635 498.759
34100000 219.232 489.952 301.041 709.183 498.682
34200000 215.337 495.5 304.451 710.837 496.437
34300000 211.259 490.29 301.249 701.549 494.966
34400000 218.76 486.315 298.807 705.075 495.73
34500000 214.651 498.294 306.167 712.945 495.189
34600000 223.514 475.884 292.398 699.398 494.224
34700000 210.992 490.03 301.09 701.022 493.61
34800000 208.933 491.603 302.056 700.536 495.013
34900000 195.271 477.686 293.505 672.957 496.08
35000000 212.119 485.097 298.058 697.215 497.148
35100000 205.727 489.952 301.041 695.679 496.873
35200000 198.87 483.112 296.839 681.983 497.491
35300000 205.303 485.472 298.289 690.775 495.325
35400000 197.525 501.298 308.013 698.823 493.949
35500000 200.592 486.2 298.736 686.791 493.403
35600000 185.072 490.313 301.264 675.386 492.53
35700000 199.826 481.378 295.773 681.204 494.192
35800000 198.525 479.839 294.828 678.364 493.638
35900000 210.77 488.103 299.905 698.873 495.206
36000000 233.818 497.676 305.788 731.494 496.162
36100000 215.166 490.025 301.086 705.191 494.353
36200000 220.679 482.971 296.752 703.649 492.198
36300000 218.383 485.462 298.283 703.845 492.524
36400000 223.103 480.572 295.278 703.674 490.751
36500000 213.613 494.502 303.837 708.115 491.734
36600000 225.157 489.568 300.806 714.725 491.154
36700000 206.962 479.699 294.742 686.661 489.895
36800000 203.248 485.475 298.291 688.723 489.59
36900000 185.452 491.716 302.126 677.168 488.283
37000000 191.618 491.635 302.076 683.253 488.158
37100000 206.682 488.587 300.203 695.269 488.867
37200000 207.049 485.47 298.288 692.52 489.35
37300000 201.351 481.956 296.128 683.307 489.618
37400000 210.517 490.657 301.475 701.174 488.594
37500000 199.457 488.381 300.076 687.838 488.796
37600000 188.155 493.263 303.076 681.418 488.115
37700000 177.485 502.675 308.859 680.16 488.284
37800000 180.58 488.538 300.173 669.118 488.934
37900000 184.198 484.187 297.499 668.385 485.864
38000000 180.844 483.588 297.131 664.432 486.527
38100000 190.535 483.13 296.85 673.665 489.17
38200000 163.99 494.107 303.595 658.097 487.827
38300000 168.755 487.567 299.576 656.322 488.804
38400000 173.428 491.482 301.982 664.91 487.829
38500000 163.514 487.759 299.694 651.273 487.89
38600000 191.058 481.309 295.731 672.367 487.029
38700000 191.174 481.471 295.83 672.644 487.845
38800000 172.782 474.626 291.625 647.407 488.85
38900000 184 496.189 304.874 680.189 488.728
39000000 172.143 489.093 300.514 661.236 488.231
39100000 180.787 498.048 306.016 678.834 488.098
39200000 187.499 484.694 297.811 672.193 489.172
39300000 182.408 491.693 302.111 674.101 489.733
39400000 175.768 488.194 299.962 663.962 491.706
39500000 181.09 494.063 303.567 675.153 493.661
39600000 192.534 486.807 299.11 679.342 495.124
39700000 193.566 490.267 301.236 683.834 495.547
39800000 197.874 487.622 299.61 685.497 496.434
39900000 190.242 491.488 301.986 681.731 498.175
40000000 183.998 490.533 301.399 674.531 501.162
40100000 161.796 484.831 297.895 646.628 502.563
40200000 176.272 488.834 300.355 665.106 501.733
40300000 177.245 487.936 299.803 665.181 502.948
40400000 183.129 478.116 293.769 661.245 502.776
40500000 170.489 479.689 294.736 650.177 503.659
40600000 159.183 487.069 299.271 646.253 504.892
40700000 167.781 480.551 295.265 648.332 503.733
40800000 164.284 482.863 296.686 647.148 502.572
40900000 158.126 489.586 300.817 647.713 504.394
41000000 151.429 491.633 302.075 643.062 506.303
41100000 147.551 492.7 302.73 640.252 509.031
41200000 138.956 487.059 299.264 626.015 510.168
41300000 143.315 489.927 301.026 633.242 512.3
41400000 140.03 480.974 295.525 621.004 513.274
41500000 143.073 490.314 301.264 633.387 512.413
41600000 139.32 493.765 303.385 633.085 511.651
41700000 134.851 484.343 297.595 619.194 514.005
41800000 156.961 490.336 301.277 647.296 513.51
41900000 155.333 489.734 300.908 645.067 511.745
42000000 137.829 479.356 294.531 617.185 512.582
42100000 141.696 478.237 293.844 619.933 513.832
42200000 145.097 492.806 302.795 637.903 516.353
42300000 148.13 494.724 303.974 642.855 518.228
42400000 139.949 486.915 299.175 626.864 518.278
42500000 111.119 490.913 301.632 602.032 517.27
42600000 134.166 488.399 300.087 622.565 518.012
42700000 143.389 484.858 297.912 628.247 518.516
42800000 152.144 486.141 298.7 638.285 518.798
42900000 133.619 483.379 297.003 616.998 519.84
43000000 165.045 485.51 298.313 650.555 519.484
43100000 161.359 485.271 298.165 646.63 519.58
43200000 175.625 486.641 299.007 662.266 518.654
43300000 177.074 496.356 304.976 673.43 519.198
43400000 149.22 491.845 302.205 641.065 520.173
43500000 174.474 495.491 304.445 669.965 520.835
43600000 171.724 491.904 302.241 663.628 522.966
43700000 184.182 491.942 302.264 676.124 522.121
43800000 159.086 480.847 295.447 639.933 521.528
43900000 181.071 494.933 304.102 676.004 519.664
44000000 177.974 477.44 293.354 655.415 519.958
44100000 184.548 485.085 298.051 669.633 520.772
44200000 185.324 482.476 296.448 667.8 521.568
44300000 188.084 487.59 299.59 675.674 518.719
44400000 185.824 480.473 295.217 666.296 518.489
44500000 175.138 499.561 306.946 674.7 517.852
44600000 173.047 474.473 291.531 647.519 517.774
44700000 174.445 493.57 303.264 668.014 517.318
44800000 178.237 494.112 303.597 672.348 517.988
44900000 182.606 492.117 302.372 674.722 520.257
45000000 193.93 488.485 300.14 682.415 522.768
45100000 177.588 485.37 298.226 662.958 524.061
45200000 182.312 482.67 296.567 664.982 524.305
45300000 193.398 496.019 304.769 689.417 522.475
45400000 172.929 480.892 295.475 653.821 521.401
45500000 176.795 491.223 301.822 668.018 521.581
45600000 166.682 490.324 301.27 657.006 523.902
45700000 176.783 479.837 294.827 656.62 524.76
45800000 166.414 492.718 302.741 659.132 525.617
45900000 171.372 487.487 299.527 658.859 527.098
46000000 174.627 492.797 302.79 667.424 527.269
46100000 174.234 488.016 299.852 662.25 527.691
46200000 159.828 484.579 297.74 644.407 527.195
46300000 197.332 485.149 298.091 682.481 527.27
46400000 203.221 487.5 299.535 690.721 528.261
46500000 176.273 483.257 296.928 659.53 527.721
46600000 179.197 489.595 300.822 668.792 528.71
46700000 176.472 486.271 298.78 662.743 528.12
46800000 180.81 492.129 302.379 672.938 526.75
46900000 189.377 489.1 300.518 678.477 525.821
47000000 190.63 486.207 298.741 676.837 525.595
47100000 178.142 481.986 296.147 660.127 528.593
47200000 156.839 484.738 297.838 641.577 529.062
47300000 170.013 476.857 292.995 646.87 527.019
47400000 201.625 488.906 300.399 690.531 525.957
47500000 193.581 487.124 299.304 680.704 526.168
47600000 204.446 498.69 306.41 703.136 528.111
47700000 214.468 491.407 301.935 705.875 528.525
47800000 197.971 490.775 301.547 688.746 528.904
47900000 189.668 487.979 299.829 677.647 529.036
48000000 214.285 486.423 298.873 700.708 529.736
48100000 205.75 487.371 299.456 693.12 529.388
48200000 196.572 484.496 297.689 681.068 529.778
48300000 193.708 488.648 300.24 682.356 528.069
48400000 201.75 488.357 300.062 690.107 528.827
48500000 208.405 484.486 297.683 692.891 529.279
48600000 187.607 496.135 304.841 683.742 529.649
48700000 185.463 484.492 297.687 669.955 529.646
48800000 183.057 494.115 303.599 677.172 529.903
48900000 185.717 484.233 297.528 669.95 530.704
49000000 194.475 490.715 301.51 685.19 529.959
49100000 183.549 499.245 306.751 682.794 532.775
49200000 182.477 487.01 299.234 669.487 534.285
49300000 190.218 488.834 300.355 679.052 533.925
49400000 198.964 492.758 302.765 691.722 532.641
49500000 184.798 489.85 300.979 674.647 531.177
49600000 180.645 492.351 302.516 672.996 530.71
49700000 174.875 495.711 304.58 670.587 531.876
49800000 184.946 495.179 304.253 680.125 531.025
49900000 179.478 487.744 299.685 667.222 529.342
50000000 210.008 485.487 298.298 695.495 532.129
50100000 218.66 492.037 302.323 710.697 532.479
50200000 222.783 475.99 292.463 698.773 534.918
50300000 203.259 492.718 302.741 695.976 533.954
50400000 199.07 488.115 299.913 687.184 533.433
50500000 184.39 487.986 299.834 672.377 534.067
50600000 195.082 492.025 302.315 687.107 538.161
50700000 183.575 497.269 305.538 680.844 540.408
50800000 195.754 486.242 298.762 681.996 541.46
50900000 188.175 487.068 299.27 675.244 540.731
51000000 183.874 487.907 299.785 671.782 541.118
51100000 178.317 484.417 297.641 662.734 539.332
51200000 178.965 485.71 298.435 664.675 541.577
51300000 166.629 490.947 301.653 657.576 541.864
51400000 155.807 489.831 300.967 645.639 543.352
51500000 167.868 494.047 303.558 661.915 542.481
51600000 187.334 483.824 297.276 671.157 541.597
51700000 184.126 488.435 300.109 672.561 538.779
51800000 177.586 483.176 296.878 660.763 538.948
51900000 188.555 491.747 302.144 680.302 539.201
52000000 184.926 479.238 294.459 664.164 539.302
52100000 196.949 488.754 300.305 685.702 538.388
52200000 203.773 491.148 301.776 694.92 538.199
52300000 180.616 488.237 299.988 668.853 537.066
52400000 184.257 487.002 299.229 671.259 536.186
52500000 191.829 493.682 303.334 685.511 538.501
52600000 182.578 485.158 298.096 667.736 541.513
52700000 189.676 486.198 298.735 675.873 541.256
52800000 205.59 487.024 299.243 692.614 541.539
52900000 199.623 493.552 303.253 693.175 542.596
53000000 193.872 488.538 300.173 682.41 542.767
53100000 205.823 486.988 299.221 692.811 545.982
53200000 183.842 494.608 303.903 678.45 549.166
53300000 190.512 483.56 297.114 674.072 552.151
53400000 200.215 490.375 301.301 690.59 554.754
53500000 196.481 489.321 300.654 685.802 554.266
53600000 201.952 488.316 300.036 690.267 552.674
53700000 202.863 482.893 296.704 685.756 551.288
53800000 212.781 480.006 294.931 692.787 553.007
53900000 207.063 480.222 295.063 687.285 554.049
54000000 203.273 483.669 297.181 686.942 556.557
54100000 202.975 480.344 295.138 683.319 560.546
54200000 209.541 487.849 299.749 697.39 561.182
54300000 207.809 496.306 304.946 704.115 562.939
54400000 209.184 483.534 297.098 692.718 563.672
54500000 211.431 488.693 300.268 700.124 563.528
54600000 208.235 486.907 299.171 695.142 564.131
54700000 220.237 482.277 296.326 702.514 566.328
54800000 223.337 483.709 297.206 707.046 567.105
54900000 218.044 489.534 300.785 707.578 566.317
55000000 220.002 488.461 300.125 708.462 566.019
55100000 205.384 481.732 295.991 687.117 566.362
55200000 201.051 493.661 303.321 694.712 565.689
55300000 208.602 499.659 307.006 708.261 566.022
55400000 199.991 491.154 301.78 691.145 565.631
55500000 199.629 501.275 307.999 700.904 563.839
55600000 196.011 486.861 299.142 682.871 564.355
55700000 193.76 487.72 299.671 681.481 564.483
55800000 177.762 480.105 294.991 657.866 564.745
55900000 165.406 475.513 292.17 640.919 566.521
56000000 187.258 495.836 304.657 683.094 568.123
56100000 183.862 492.781 302.78 676.643 570.297
56200000 198.244 492.973 302.898 691.217 572.435
56300000 205.786 489.612 300.832 695.397 573.135
56400000 205.997 482.62 296.536 688.616 573.089
56500000 225.414 481.39 295.781 706.804 575.219
56600000 211.051 485.903 298.554 696.954 574.128
56700000 212.346 492.134 302.382 704.48 572.348
56800000 196.687 489.179 300.566 685.866 570.585
56900000 215.055 481.707 295.976 696.762 569.093
57000000 200.711 478.634 294.088 679.345 569.926
57100000 190.573 483.448 297.045 674.021 570.243
57200000 190.839 492.207 302.427 683.047 570.528
57300000 190.852 487.311 299.419 678.163 570.14
57400000 194.564 485.873 298.536 680.438 567.965
57500000 214.161 490.676 301.487 704.838 567.549
57600000 210.383 496.628 305.144 707.011 564.488
57700000 198.369 492.649 302.699 691.018 562.125
57800000 206.821 489.774 300.932 696.594 561.039
57900000 203.148 490.354 301.289 693.502 562.129
58000000 211.751 488.73 300.291 700.481 563.617
58100000 205.757 486.312 298.805 692.069 562.886
58200000 182.27 486.522 298.934 668.792 562.687
58300000 193.517 481.63 295.928 675.146 566.174
58400000 197.738 489.436 300.725 687.174 568.374
58500000 190.627 496.78 305.237 687.407 571.006
58600000 186.459 495.382 304.378 681.841 570.653
58700000 185.414 492.52 302.619 677.934 572.635
58800000 195.164 490.519 301.39 685.683 573.089
58900000 188.325 490.237 301.217 678.563 574.094
59000000 193.314 491.352 301.902 684.666 574.149
59100000 185.361 488.284 300.017 673.645 574.892
59200000 192.63 497.99 305.981 690.621 573.96
59300000 206.181 496.175 304.865 702.355 576.041
59400000 196.871 489.881 300.998 686.752 578.5
59500000 184.309 498.115 306.057 682.424 578.488
59600000 187.789 492.234 302.444 680.023 577.315
59700000 188.002 486.689 299.037 674.69 579.752
59800000 187.042 495.219 304.278 682.261 578.814
59900000 165.921 487.214 299.36 653.135 578
60000000 164.089 488.415 300.097 652.504 576.902
60100000 166.766 481.695 295.968 648.46 578.666
60200000 149.761 484.555 297.726 634.317 580.584
60300000 164.594 496.376 304.989 660.97 580.32
60400000 166.816 492.536 302.629 659.352 581.878
60500000 159.389 494.39 303.768 653.779 582.323
60600000 166.081 484.364 297.608 650.445 582.615
60700000 175.06 489.908 301.014 664.967 584.127
60800000 171.196 490.664 301.479 661.861 585.467
60900000 178.933 491.649 302.084 670.582 584.873
61000000 180.074 492.75 302.761 672.824 584.423
61100000 186.259 496.516 305.075 682.776 585.061
61200000 167.515 495.749 304.603 663.263 583.622
61300000 155.156 493.347 303.128 648.504 583.476
61400000 182.332 493.072 302.959 675.405 586.544
61500000 167.6 484.621 297.766 652.222 587.917
61600000 201.612 491.77 302.158 693.381 590.179
61700000 196.102 495.153 304.237 691.254 589.858
61800000 190.731 489.34 300.666 680.071 588.998
61900000 206.035 478.829 294.207 684.863 589.629
62000000 201.926 496.485 305.056 698.411 590.288
62100000 205.099 494.211 303.658 699.31 590.878
62200000 210.069 497.963 305.964 708.033 590.651
62300000 205.514 483.652 297.171 689.166 590.583
62400000 201.539 487.146 299.318 688.685 588.875
62500000 210.277 498.202 306.111 708.479 589.301
62600000 195.316 488.449 300.118 683.765 587.705
62700000 185.626 493.106 302.98 678.733 588.701
62800000 188.427 488.617 300.222 677.044 589.644
62900000 188.227 484.609 297.758 672.836 593.223
63000000 185.569 481.482 295.837 667.051 594.237
63100000 193.709 489.492 300.759 683.201 594.743
63200000 187.42 485.895 298.549 673.315 595.293
63300000 204.053 491.078 301.733 695.131 595.052
63400000 208.219 480.46 295.209 688.678 597.463
63500000 208.053 489.165 300.558 697.218 597.627
63600000 204.872 485.568 298.348 690.44 596.502
63700000 201.031 488.979 300.444 690.01 595.782
63800000 193.271 490.202 301.195 683.473 594.572
63900000 187.024 484.191 297.502 671.214 594.471
64000000 175.445 495.905 304.699 671.35 594.245
64100000 191.935 490.127 301.149 682.061 593.38
64200000 206.542 486.297 298.796 692.839 594.309
64300000 198.085 498.323 306.185 696.408 593.352
64400000 201.445 483.528 297.095 684.973 595.09
64500000 192.721 483.558 297.113 676.279 594.335
64600000 194.031 492.922 302.867 686.953 592.961
64700000 221.336 487.45 299.504 708.785 592.139
64800000 196.275 488.427 300.105 684.702 592.943
64900000 208.954 487.667 299.638 696.621 592.743
65000000 204.35 495.51 304.457 699.86 593.231
65100000 197.111 489.367 300.682 686.478 594.489
65200000 212.715 487.723 299.672 700.438 596.946
65300000 202.688 488.637 300.234 691.325 597.055
65400000 192.143 483.208 296.898 675.351 597.213
65500000 195.107 472.058 290.047 667.165 597.4
65600000 191.623 487.793 299.715 679.415 598.411
65700000 179.516 483.478 297.064 662.994 599.849
65800000 199.99 494.454 303.808 694.444 601.996
65900000 193.46 488.188 299.958 681.648 603.013
66000000 198.226 489.242 300.606 687.468 603.78
66100000 196.023 478.925 294.266 674.947 604.89
66200000 198.691 483.642 297.165 682.333 605.211
66300000 194.967 483.761 297.238 678.728 603.347
66400000 180.258 483.55 297.108 663.809 603.413
66500000 195.361 490.504 301.381 685.865 602.546
66600000 198.925 489.671 300.869 688.596 601.291
66700000 192.806 499.109 306.668 691.915 601.852
66800000 192.367 488.495 300.147 680.863 602.734
66900000 180.721 487.149 299.319 667.87 601.804
67000000 209.515 480.029 294.945 689.544 602.158
67100000 211.897 482.627 296.541 694.525 601.516
67200000 171.333 487.863 299.758 659.195 601.22
67300000 178.78 486.202 298.738 664.982 602.467
67400000 191.801 482.118 296.228 673.919 601.452
67500000 182.388 481.711 295.978 664.099 601.934
67600000 174.269 483.428 297.033 657.697 601.326
67700000 177.474 497.813 305.871 675.287 600.365
67800000 169.55 477.473 293.374 647.024 601.108
67900000 175.239 486.822 299.119 662.061 601.611
68000000 183.353 478.254 293.854 661.607 603.294
68100000 187.836 489.438 300.726 677.274 603.659
68200000 185.049 499.271 306.768 684.32 602.767
68300000 210.201 482.946 296.737 693.146 602.448
68400000 203.963 483.461 297.054 687.424 602.373
68500000 204.404 479.405 294.561 683.809 603.066
68600000 204.791 487.576 299.582 692.367 604.1
68700000 203.079 489.316 300.651 692.396 603.717
68800000 210.085 487.707 299.663 697.793 604.655
68900000 203.129 497.914 305.934 701.043 605.782
69000000 195.081 492.652 302.7 687.733 605.364
69100000 189.642 479.677 294.729 669.32 604.974
69200000 200.062 489.05 300.488 689.113 606.023
69300000 194.123 495.428 304.406 689.551 607.914
69400000 192.062 483.512 297.085 675.574 608.965
69500000 188.486 476.252 292.624 664.738 612.288
69600000 183.218 482.28 296.327 665.498 613.517
69700000 175.488 492.793 302.787 668.281 612.43
69800000 167.636 492.48 302.595 660.116 612.434
69900000 184.808 498.221 306.122 683.029 613.139
70000000 190.647 492.909 302.859 683.557 614.471
70100000 182.89 489.308 300.646 672.199 614.355
70200000 183.811 494.811 304.027 678.622 616.765
70300000 178.898 484.302 297.57 663.2 616.849
70400000 175.661 490.871 301.606 666.532 617.562
70500000 172.935 489.894 301.006 662.829 618.586
70600000 168.766 487.634 299.617 656.4 619.547
70700000 171.762 489.138 300.541 660.9 620.095
70800000 195.112 481.953 296.127 677.065 620.441
70900000 186.148 487.434 299.494 673.582 620.1
71000000 176.946 497.204 305.498 674.15 620.199
71100000 191.031 493.384 303.15 684.415 619.013
71200000 199.653 479.686 294.734 679.339 619.252
71300000 199.77 489.338 300.664 689.107 620.235
71400000 198.129 484.565 297.732 682.695 623.281
71500000 195.56 487.086 299.281 682.646 624.101
71600000 200.713 479.774 294.788 680.487 624.563
71700000 208.337 490.14 301.157 698.477 624.71
71800000 211.76 487.427 299.49 699.187 624.26
71900000 200.333 485.601 298.368 685.933 624.489
72000000 195.438 486.8 299.105 682.238 626.353
72100000 191.679 488.326 300.043 680.005 628.198
72200000 193.589 489.341 300.666 682.929 627.171
72300000 193.83 489.14 300.543 682.971 627.996
72400000 181.066 489.572 300.808 670.639 628.965
72500000 179.196 484.255 297.541 663.452 628.776
72600000 170.825 495.266 304.307 666.091 629.318
72700000 184.83 478.966 294.292 663.797 629.18
72800000 197.529 495.717 304.584 693.245 628.727
72900000 212.397 498.853 306.511 711.25 627.507
73000000 208.01 497.87 305.907 705.88 626.902
73100000 199.497 483.182 296.882 682.679 627.3
73200000 184.556 485.403 298.247 669.959 631.152
73300000 189.925 482.579 296.512 672.504 633.141
73400000 176.424 490.465 301.357 666.889 634.326
73500000 189.113 488.461 300.126 677.574 636.468
73600000 175.881 489.668 300.867 665.55 638.704
73700000 181.688 499.766 307.072 681.454 639.513
73800000 192.472 485.988 298.606 678.46 641.017
73900000 187.18 495.771 304.617 682.951 642.63
74000000 182.267 487.828 299.737 670.095 645.22
74100000 177.379 483.684 297.19 661.063 647.505
74200000 173.609 491.391 301.926 665.001 647.632
74300000 197.266 496.648 305.156 693.913 647.509
74400000 202.453 484.41 297.636 686.863 648.208
74500000 201.466 485.533 298.327 686.999 649.03
74600000 200.313 483.077 296.818 683.39 648.901
74700000 205.51 477.597 293.45 683.106 648.541
74800000 208.272 490.676 301.487 698.949 648.949
74900000 191.938 492.868 302.834 684.806 650.106
75000000 197.449 489.786 300.94 687.235 651.52
75100000 195.648 491.618 302.065 687.266 652.786
75200000 184.379 485.811 298.497 670.19 652.873
75300000 174.415 485.323 298.198 659.739 652.21
75400000 191.62 490.727 301.518 682.346 653.06
75500000 190.763 486.889 299.159 677.652 650.767
75600000 195.72 481.724 295.986 677.444 651.774
75700000 196.813 492.283 302.474 689.096 652.504
75800000 189.452 494.983 304.133 684.435 651.345
75900000 176.037 480.117 294.999 656.154 651.412
76000000 195.308 491.059 301.722 686.367 652.525
76100000 179.121 489.527 300.78 668.648 652.473
76200000 165.937 490.526 301.394 656.463 653.514
76300000 182.087 491.962 302.277 674.049 654.144
76400000 176.299 480.327 295.128 656.626 654.053
76500000 187.678 480.559 295.27 668.237 653.706
76600000 167.045 489.842 300.974 656.887 654.591
76700000 169.533 483.942 297.349 653.475 655.708
76800000 177.578 487.014 299.236 664.592 655.858
76900000 177.57 478.177 293.807 655.747 656.237
77000000 171.574 485.246 298.15 656.82 655.636
77100000 179.86 486.476 298.906 666.336 654.854
77200000 184.502 490.415 301.326 674.917 652.393
77300000 188.038 487.45 299.505 675.489 652.01
77400000 160.195 488.814 300.342 649.009 650.972
77500000 169.597 494.123 303.605 663.72 652.838
77600000 180.778 496.113 304.827 676.891 655.281
77700000 170.901 490.556 301.413 661.456 656.131
77800000 165.496 482.505 296.466 648.001 656.53
77900000 183.7 478.588 294.059 662.288 657.553
78000000 209.46 483.516 297.087 692.975 657.461
78100000 190.909 493.263 303.076 684.171 658.22
78200000 194.767 486.845 299.133 681.613 657.684
78300000 200.447 486.909 299.172 687.356 658.723
78400000 203.182 487.15 299.32 690.332 658.669
78500000 211.17 491.273 301.854 702.443 659.865
78600000 210.45 482.834 296.668 693.284 660.729
78700000 206.757 492.145 302.389 698.902 662.219
78800000 199.672 494.089 303.583 693.761 664.141
78900000 199.474 488.258 300.001 687.732 666.292
79000000 208.491 485.861 298.528 694.351 667.923
79100000 198.555 491.373 301.915 689.928 669.323
79200000 193.431 488.301 300.027 681.732 671.686
79300000 185.619 491.178 301.795 676.797 671.665
79400000 184.139 475.658 292.259 659.797 672.882
79500000 202.202 482.384 296.391 684.586 674.196
79600000 214.012 486.528 298.938 700.54 673.782
79700000 219.444 499.374 306.831 718.818 674.38
79800000 217.575 482.76 296.623 700.335 673.994
79900000 223.016 480.896 295.477 703.912 672.693
80000000 226.098 493.332 303.119 719.43 672.311
80100000 233.227 483.041 296.795 716.268 670.608
80200000 202.777 497.04 305.397 699.817 669.411
80300000 179.986 494.389 303.768 674.374 670.892
80400000 192.215 485.417 298.255 677.632 668.304
80500000 207.68 487.719 299.669 695.398 668.803
80600000 196.213 491.494 301.989 687.707 672.505
80700000 184.461 494.435 303.796 678.895 673.094
80800000 180.641 489.012 300.464 669.653 674.631
80900000 195.232 496.171 304.863 691.404 675.815
81000000 194.708 494.693 303.955 689.401 675.863
81100000 198.421 490.783 301.552 689.204 675.347
81200000 191.854 481.32 295.738 673.175 675.978
81300000 193.894 495.144 304.232 689.038 676.851
81400000 204.818 485.782 298.48 690.601 675.458
81500000 207.893 488.963 300.434 696.856 676.177
81600000 208.617 498.65 306.386 707.266 675.256
81700000 211.22 484.361 297.606 695.581 674.121
81800000 209.919 488.747 300.301 698.666 671.994
81900000 205.567 487.53 299.553 693.097 670.659
82000000 220.352 483.143 296.858 703.495 670.857
82100000 227.42 487.182 299.34 714.602 670.724
82200000 218.961 476.255 292.626 695.216 668.384
82300000 213.125 487.794 299.716 700.919 667.92
82400000 218.092 487.33 299.431 705.423 668.913
82500000 215.052 486.715 299.053 701.767 669.745
82600000 203.397 484.76 297.852 688.157 670.346
82700000 206.373 488.158 299.939 694.531 671.071
82800000 217.86 494.848 304.05 712.709 670.644
82900000 215.768 488.939 300.419 704.707 670.528
83000000 206.629 487.571 299.579 694.2 671.55
83100000 206.162 485.453 298.277 691.615 671.372
83200000 210.277 495.968 304.738 706.245 669.941
83300000 203.601 488.633 300.231 692.233 671.443
83400000 209.81 489.404 300.705 699.214 671.665
83500000 202.298 492.188 302.415 694.486 668.693
83600000 192.231 486.317 298.808 678.548 666.267
83700000 206.595 492.25 302.454 698.845 668.053
83800000 190.653 485.35 298.214 676.003 668.373
83900000 183.161 500.248 307.368 683.409 668.774
84000000 187.959 493.068 302.956 681.027 668.118
84100000 176.721 483.958 297.359 660.679 667.719
84200000 177.305 487.603 299.598 664.908 668.6
84300000 181.182 485.658 298.403 666.84 666.71
84400000 196.074 490.405 301.32 686.48 666.658
84500000 193.008 482.916 296.718 675.924 665.089
84600000 191.787 494.806 304.024 686.593 667.942
84700000 187.06 481.172 295.647 668.231 670.592
84800000 175.079 488.546 300.178 663.625 671.266
84900000 166.013 485.616 298.378 651.629 669.999
85000000 169.424 486.266 298.777 655.689 669.171
85100000 172.892 481.016 295.551 653.908 668.501
85200000 177.459 489.954 301.043 667.414 666.306
85300000 174.739 511.481 314.27 686.22 666.109
85400000 181.684 488.722 300.286 670.405 667.224
85500000 213.266 499.193 306.72 712.459 667.895
85600000 203.212 488.484 300.14 691.695 664.402
85700000 194.942 477.562 293.429 672.504 663.151
85800000 220.067 479.554 294.653 699.621 662.252
85900000 202.136 497.07 305.415 699.206 660.853
86000000 196.647 481.429 295.805 678.076 661.048
86100000 203.334 483.873 297.306 687.207 663.877
86200000 200.519 488.248 299.995 688.768 668.12
86300000 200.743 482.598 296.523 683.341 668.91
86400000 199.936 488.072 299.887 688.008 669.74
86500000 199.232 486.633 299.002 685.865 670.188
86600000 206.437 492.477 302.593 698.914 670.245
86700000 208.763 490.627 301.457 699.391 670.68
86800000 221.68 480.614 295.304 702.294 671.245
86900000 207.326 487.956 299.815 695.282 671.804
87000000 221.51 487.515 299.544 709.024 673.006
87100000 219.247 493.855 303.44 713.102 673.141
87200000 213.097 479.577 294.667 692.674 672.275
87300000 221.543 495.821 304.648 717.364 674.245
87400000 219.485 483.713 297.208 703.198 674.089
87500000 214.931 494.007 303.533 708.938 674.091
87600000 213.077 491.575 302.039 704.652 675.581
87700000 206.679 483.389 297.009 690.068 676.288
87800000 194.624 482.283 296.33 676.907 675.77
87900000 207.385 489.711 300.893 697.096 678.58
88000000 192.161 495.292 304.323 687.453 680.096
88100000 204.419 490.109 301.138 694.528 680.562
88200000 190.997 485.584 298.358 676.582 682.594
88300000 196.443 491.999 302.299 688.441 682.713
88400000 193.68 480.261 295.087 673.942 681.703
88500000 188.928 484.674 297.799 673.602 681.145
88600000 193.454 497.24 305.52 690.695 679.966
88700000 201.202 481.478 295.835 682.68 679.261
88800000 195.773 483.154 296.864 678.927 678.438
88900000 203.177 477.332 293.287 680.509 678.201
89000000 201.048 487.999 299.841 689.046 678.542
89100000 197.152 480.978 295.528 678.13 677.658
89200000 191.071 479.14 294.398 670.211 677.46
89300000 192.806 486.657 299.017 679.463 679.975
89400000 183.843 487.638 299.62 671.481 680.036
89500000 196.427 488.022 299.856 684.448 679.293
89600000 193.418 489.721 300.9 683.139 680.952
89700000 192.107 485.415 298.254 677.521 680.686
89800000 197.688 486.233 298.756 683.921 680.655
89900000 189.066 500.721 307.659 689.787 682.622
90000000 191.741 487.966 299.822 679.707 686
90100000 197.889 492.571 302.651 690.46 686.444
90200000 206.74 489.215 300.589 695.955 685.571
90300000 208.611 495.977 304.744 704.588 684.057
90400000 194.224 494.034 303.55 688.258 683.066
90500000 203.433 487.276 299.398 690.71 679.939
90600000 211.55 485.615 298.377 697.165 680.56
90700000 187.843 489.001 300.457 676.844 680.983
90800000 190.491 489.22 300.592 679.711 679.548
90900000 194.591 483.037 296.793 677.628 678.571
91000000 198.147 490.291 301.25 688.439 677.523
91100000 200.59 485.442 298.27 686.032 679.268
91200000 201.545 495.248 304.295 696.792 677.107
91300000 202.507 487.686 299.649 690.192 676.141
91400000 190.501 489.164 300.557 679.665 677.21
91500000 192.62 501.204 307.955 693.824 679.685
91600000 193.177 492.252 302.455 685.429 681.438
91700000 198.473 488.125 299.919 686.598 683.121
91800000 206.996 487.346 299.44 694.342 685.631
91900000 220.85 494.757 303.994 715.607 688.383
92000000 212.344 487.199 299.35 699.543 686.92
92100000 204.017 487.16 299.326 691.177 685.565
92200000 195.982 482.302 296.342 678.284 684.737
92300000 196.7 493.037 302.937 689.737 682.379
92400000 188.85 502.619 308.825 691.469 682.703
92500000 176.856 488.574 300.195 665.43 685.539
92600000 177.609 496.321 304.955 673.93 687.236
92700000 181.258 487.144 299.317 668.402 686.475
92800000 160.427 485.522 298.32 645.949 685.526
92900000 158.051 486.827 299.122 644.879 685.392
93000000 141.804 483.816 297.271 625.62 685.049
93100000 172.031 490.926 301.64 662.957 687.916
93200000 173.26 487.193 299.347 660.453 690.264
93300000 161.683 489.954 301.043 651.638 690.092
93400000 185.892 487.039 299.252 672.931 688.883
93500000 197.426 496.112 304.826 693.538 690.158
93600000 195.499 496.395 305 691.894 691.965
93700000 177.879 484.625 297.769 662.504 693.512
93800000 191.737 486.706 299.047 678.443 694.675
93900000 197.937 482.679 296.573 680.616 696.977
94000000 186.099 481.885 296.085 667.984 697.103
94100000 190.034 490.829 301.581 680.863 695.54
94200000 172.23 486.948 299.196 659.178 694.89
94300000 188.031 489.236 300.602 677.267 696.06
94400000 187.034 486.838 299.128 673.872 696.307
94500000 184.25 492.724 302.745 676.974 697.906
94600000 172.294 489.992 301.066 662.285 695.442
94700000 180.03 485.453 298.277 665.483 693.031
94800000 186.813 478.93 294.269 665.743 693.246
94900000 186.809 490.737 301.524 677.546 694.704
95000000 180.062 489.387 300.695 669.449 696.038
95100000 180.511 484.08 297.434 664.591 695.947
95200000 180.383 488.922 300.409 669.305 695.577
95300000 185.696 489.518 300.775 675.214 696.819
95400000 170.368 491.282 301.859 661.65 697.048
95500000 178.915 491.836 302.199 670.751 695.628
95600000 185.55 481.741 295.996 667.291 694.635
95700000 186.441 482.954 296.742 669.395 695.068
95800000 170.573 488.709 300.278 659.282 695.145
95900000 171.702 488.442 300.114 660.144 695.002
96000000 169.058 495.963 304.735 665.021 694.704
96100000 157.393 481.022 295.555 638.415 695.042
96200000 145.402 483.441 297.041 628.843 694.466
96300000 148.728 480.774 295.402 629.502 694.091
96400000 159.966 487.168 299.331 647.134 695.527
96500000 157.162 480.161 295.026 637.323 695.309
96600000 144.58 485.103 298.062 629.683 695.695
96700000 140.501 495.52 304.463 636.02 694.294
96800000 168.364 489.232 300.599 657.596 694.043
96900000 169.583 488.464 300.128 658.048 695.465
97000000 189.546 496.807 305.254 686.353 695.264
97100000 190.387 486.515 298.93 676.902 694.483
97200000 181.674 492.874 302.837 674.549 695.295
97300000 154.431 490.867 301.604 645.298 697.425
97400000 168.863 488.662 300.249 657.525 696.691
97500000 182.191 482.01 296.162 664.201 694.727
97600000 191.617 491.274 301.854 682.892 693.686
97700000 194.929 487.305 299.415 682.235 693.626
97800000 193.32 488.249 299.995 681.569 691.855
97900000 189.36 489.054 300.49 678.414 689.861
98000000 195.901 485.888 298.545 681.789 689.849
98100000 191.741 479.584 294.671 671.325 692.278
98200000 210.681 485.925 298.568 696.606 692.505
98300000 193.398 486.632 299.002 680.03 693.87
98400000 181.282 484.317 297.579 665.599 693.768
98500000 190.054 490.29 301.249 680.344 692.525
98600000 182.753 491.166 301.787 673.919 692.754
98700000 191.193 486.754 299.077 677.946 691.718
98800000 172.285 490.725 301.517 663.01 691.257
98900000 186.543 486.786 299.096 673.328 691.776
99000000 197.405 483.17 296.874 680.574 692.401
99100000 187.781 500.233 307.359 688.014 693.16
99200000 203.822 488.429 300.106 692.251 693.852
99300000 190.433 485.888 298.544 676.321 694.066
99400000 188.999 488.671 300.255 677.67 694.734
99500000 202.751 487.771 299.702 690.522 693.116
99600000 196.283 499.831 307.112 696.115 693.3
99700000 188.366 484.433 297.651 672.799 694.295
99800000 190.424 479.013 294.32 669.437 696.53
99900000 190.99 501.349 308.044 692.339 697.962
100000000 199.436 485.606 298.371 685.041 697.46
100100000 187.342 485.235 298.143 672.577 699.136
100200000 193.415 482.154 296.25 675.569 700.31
100300000 191.662 491.78 302.165 683.442 699.428
100400000 190.733 491.345 301.897 682.077 697.733
100500000 174.902 483.435 297.037 658.337 697.858
100600000 152.701 479.891 294.86 632.593 697.569
100700000 180.62 493.05 302.945 673.67 699.306
100800000 181.902 482.744 296.613 664.646 702.425
100900000 180.28 498.188 306.102 678.469 704.878
101000000 162.687 488.876 300.38 651.562 707.539
101100000 165.297 488.356 300.061 653.652 708.686
101200000 170.589 486.53 298.939 657.119 709.075
101300000 167.918 491.404 301.934 659.322 708.737
101400000 171.39 484.475 297.676 655.865 706.365
101500000 170.346 485.114 298.069 655.46 705.024
101600000 165.245 481.681 295.96 646.926 705.949
101700000 178.328 484.443 297.657 662.772 707.09
101800000 169.552 486.698 299.042 656.249 707.041
101900000 170.308 484.351 297.601 654.66 707.716
102000000 178.13 494.507 303.841 672.638 705.579
102100000 192.744 480.877 295.465 673.62 704.816
102200000 198.247 486.572 298.965 684.819 703.857
102300000 190.795 488.21 299.971 679.005 703.848
102400000 197.071 492.928 302.87 689.999 705.82
102500000 197.382 484.379 297.618 681.762 706.991
102600000 195.729 484.366 297.609 680.095 706.417
102700000 193.233 495.774 304.619 689.008 704.844
102800000 188.964 479.69 294.736 668.654 702.617
102900000 191.258 493.203 303.039 684.461 701.012
103000000 176.615 486.716 299.053 663.331 700.025
103100000 200.177 486.088 298.667 686.265 698.947
103200000 202.395 485.653 298.4 688.048 700.463
103300000 210.146 489.144 300.545 699.289 701.387
103400000 207.547 491.373 301.915 698.92 701.429
103500000 210.854 488.016 299.852 698.869 699.971
103600000 199.489 485.774 298.475 685.263 699.318
103700000 205.22 495.59 304.506 700.81 700.566
103800000 191.901 489.744 300.914 681.645 703.879
103900000 202.613 485.89 298.546 688.503 707.711
104000000 221.804 486.469 298.902 708.273 709.011
104100000 213.321 486.516 298.93 699.837 708.647
104200000 216.36 483.554 297.111 699.914 706.449
104300000 210.617 489.419 300.714 700.036 705.698
104400000 216.967 490.392 301.312 707.359 707.082
104500000 204.18 491.676 302.101 695.857 708.423
104600000 208.011 486.748 299.073 694.758 710.617
104700000 218.93 488.965 300.435 707.895 711.275
104800000 231.232 490.197 301.192 721.429 713.104
104900000 241.952 486.276 298.783 728.228 712.621
105000000 225.206 486.474 298.905 711.68 709.891
