# Time-averaged data for fix favg
# TimeStep v_vpe v_vke v_vT v_vE v_vRg
5100000 178.766 468.702 297.803 647.468 334.847
5200000 183.439 477.003 303.077 660.442 331.234
5300000 185.047 470.813 299.144 655.86 329.99
5400000 188.317 471.556 299.616 659.873 331.125
5500000 169.829 466.453 296.374 636.282 331.272
5600000 188.335 471.074 299.31 659.409 331.557
5700000 189.91 473.035 300.556 662.945 331.459
5800000 189.02 475.849 302.344 664.869 329.533
5900000 178.53 461.656 293.326 640.187 330.327
6000000 174.38 480.486 305.29 654.866 331.981
6100000 181.848 470.212 298.762 652.059 332.073
6200000 173.925 481.535 305.957 655.46 334.145
6300000 170.908 475.323 302.01 646.232 334.811
6400000 177.33 476.357 302.666 653.687 337.784
6500000 174.813 471.721 299.721 646.534 338.588
6600000 169.824 468.477 297.66 638.302 339.426
6700000 148.725 476.985 303.066 625.71 339.044
6800000 158.206 469.195 298.116 627.401 338.564
6900000 166.532 472.695 300.34 639.227 338.46
7000000 143.219 474.862 301.717 618.082 339.027
7100000 143.112 478.191 303.832 621.303 339.92
7200000 138.422 472.637 300.303 611.059 340.725
7300000 169.372 473.153 300.63 642.524 339.036
7400000 170.94 474.369 301.403 645.309 337.718
7500000 153.95 484.114 307.595 638.064 337.808
7600000 155.717 478.337 303.925 634.054 338.736
7700000 167.123 478.371 303.946 645.494 335.754
7800000 165.636 466.931 296.677 632.566 337.243
7900000 155.726 472.36 300.127 628.086 341.148
8000000 138.93 471.807 299.775 610.737 340.174
8100000 129.024 472.59 300.273 601.614 338.286
8200000 141.309 470.662 299.048 611.971 337.762
8300000 139.344 479.667 304.769 619.011 337.531
8400000 148.615 462.249 293.702 610.863 340.694
8500000 145.807 478.879 304.269 624.686 342.374
8600000 154.897 476.641 302.847 631.539 343.234
8700000 157.48 473.513 300.859 630.993 345.302
8800000 152.39 476.325 302.646 628.715 345.608
8900000 178.193 480.886 305.544 659.079 345.927
9000000 171.098 461.902 293.482 633 346.931
9100000 163.978 475.331 302.015 639.309 344.442
9200000 165.953 474.596 301.548 640.55 343.436
9300000 173.341 467.016 296.731 640.357 342.984
9400000 151.624 476.059 302.477 627.682 343.676
9500000 141.815 465.153 295.548 606.968 343.095
9600000 146.944 472.893 300.466 619.837 342.908
9700000 152.841 464.075 294.863 616.916 342.054
9800000 142.891 474.142 301.259 617.034 342.142
9900000 131.845 471.227 299.407 603.072 342.457
10000000 133.466 471.666 299.686 605.132 342.739
10100000 137.086 481.052 305.649 618.138 343.948
10200000 128.507 466.591 296.461 595.098 346.409
10300000 120.841 478.392 303.96 599.233 348.883
10400000 127.208 477.312 303.273 604.52 350.477
10500000 144.73 471.912 299.842 616.642 349.928
10600000 140.069 473.785 301.032 613.854 351.133
10700000 127.323 477.82 303.596 605.143 354.994
10800000 112.068 463.468 294.477 575.536 357.018
10900000 106.987 471.102 299.327 578.088 356.701
11000000 110.676 461.47 293.208 572.146 356.88
11100000 117.574 476.938 303.035 594.512 355.708
11200000 104.089 476.047 302.469 580.136 356.045
11300000 100.673 466.071 296.131 566.743 355.014
11400000 117.017 470.216 298.764 587.233 355.313
11500000 102.639 478.141 303.8 580.781 356.225
11600000 84.4644 480.884 305.543 565.348 357.255
11700000 92.8614 469.009 297.998 561.871 360.064
11800000 84.8426 475.757 302.286 560.6 361.02
11900000 79.9158 476.205 302.57 556.121 363.143
12000000 107.731 468.848 297.895 576.578 364.56
12100000 110.508 472.15 299.994 582.658 362.373
12200000 106.662 477.09 303.132 583.753 361.857
12300000 86.5761 474.685 301.604 561.261 362.35
12400000 100.4 467.932 297.313 568.332 362.564
12500000 94.6864 474.332 301.38 569.018 363.334
12600000 92.1116 470.969 299.243 563.08 365.412
12700000 97.3767 469.926 298.58 567.303 368.057
12800000 84.3207 471.177 299.375 555.497 366.575
12900000 96.2099 476.055 302.474 572.265 367.518
13000000 94.3731 469.895 298.561 564.268 367.343
13100000 99.3611 471.171 299.372 570.532 367.88
13200000 96.506 477.422 303.343 573.928 366.386
13300000 99.3357 467.896 297.291 567.232 366.027
13400000 90.2858 470.4 298.882 560.686 368.789
13500000 106.819 465.401 295.705 572.22 369.976
13600000 127.33 475.913 302.385 603.243 369.458
13700000 133.605 473.38 300.775 606.985 370.777
13800000 133.503 469.731 298.456 603.234 373.815
13900000 143.106 472.376 300.137 615.482 372.919
14000000 124.97 470.741 299.098 595.711 372.337
14100000 121.44 471.115 299.336 592.555 371.392
14200000 127.49 468.519 297.686 596.009 370.068
14300000 123.134 465.667 295.874 588.801 369.634
14400000 128.432 473.492 300.846 601.924 369.306
14500000 119.568 475.487 302.113 595.054 368.26
14600000 110.531 471.581 299.632 582.113 367.31
14700000 98.0827 480.906 305.557 578.989 366.282
14800000 112.968 472.533 300.237 585.501 364.599
14900000 123.421 471.914 299.843 595.334 365.173
15000000 106.924 468.421 297.624 575.345 366.774
15100000 124.487 470.292 298.813 594.779 365.895
15200000 123.919 467.224 296.864 591.143 365.319
15300000 115.6 467.97 297.337 583.57 364.729
15400000 121.288 468.002 297.358 589.29 364.843
15500000 124.785 474.005 301.172 598.79 366.833
15600000 112.022 471.456 299.553 583.479 368.522
15700000 116.418 472.049 299.929 588.467 371.422
15800000 122.472 473.47 300.832 595.942 372.714
15900000 118.319 474.579 301.537 592.898 373.468
16000000 122.031 477.874 303.63 599.905 374.173
16100000 119.524 479.652 304.76 599.176 372.61
16200000 142.615 473.213 300.669 615.828 373.691
16300000 128.67 472.927 300.487 601.597 375.067
16400000 135.197 472.011 299.905 607.208 374.076
16500000 117.227 475.151 301.9 592.378 372.019
16600000 130.131 479.95 304.949 610.081 374.663
16700000 113.776 466.832 296.615 580.608 379.254
16800000 97.7348 478.156 303.809 575.89 381.266
16900000 100.23 469.137 298.079 569.367 380.04
17000000 99.04 466.386 296.331 565.426 380.777
17100000 71.4908 475.272 301.977 546.762 381.833
17200000 81.2714 473.092 300.592 554.363 381.434
17300000 88.451 469.335 298.205 557.786 381.676
17400000 92.7577 475.357 302.031 568.115 383.342
17500000 92.5366 470.245 298.783 562.782 384.888
17600000 86.9882 467.201 296.849 554.189 383.953
17700000 94.0338 477.887 303.639 571.921 384.49
17800000 99.034 465.82 295.972 564.854 385.06
17900000 85.95 465.684 295.885 551.634 385.631
18000000 85.718 477.353 303.299 563.071 387.687
18100000 88.3476 467.125 296.8 555.472 388.925
18200000 99.4648 471.019 299.275 570.484 388.749
18300000 95.2139 472.183 300.014 567.397 388.765
18400000 85.8398 466.311 296.283 552.151 391.343
18500000 80.0673 483.829 307.414 563.897 392.347
18600000 88.8656 466.018 296.097 554.884 391.34
18700000 72.5863 476.005 302.443 548.591 391.714
18800000 77.9037 477.031 303.095 554.935 391.83
18900000 93.8722 473.651 300.947 567.524 393.21
19000000 93.5451 469.057 298.028 562.602 394.034
19100000 87.3453 475.48 302.109 562.825 396.043
19200000 88.1644 468.367 297.59 556.532 395.995
19300000 95.6766 465.29 295.635 560.966 394.652
19400000 78.5387 474.192 301.291 552.731 393.95
19500000 80.2868 461.791 293.411 542.078 394.937
19600000 81.6308 472.451 300.185 554.082 395.289
19700000 89.3908 468.71 297.808 558.101 394.21
19800000 89.9033 463.87 294.732 553.773 395.069
19900000 85.0499 474.373 301.406 559.423 396.287
20000000 92.429 471.328 299.471 563.757 396.947
20100000 79.9802 474.437 301.447 554.418 396.826
20200000 82.2502 476.003 302.442 558.254 397.287
20300000 83.3599 475.444 302.086 558.804 397.214
20400000 88.4716 468.283 297.537 556.755 398.23
20500000 98.2837 467.865 297.271 566.149 400.086
20600000 129.518 482.915 306.833 612.432 399.79
20700000 90.7449 471.382 299.506 562.127 398.754
20800000 84.514 458.034 291.024 542.548 399.076
20900000 85.7331 481.688 306.054 567.421 399.993
21000000 83.4687 468.123 297.435 551.592 401.101
21100000 78.0596 479.22 304.485 557.279 401.372
21200000 89.628 476.896 303.009 566.524 401.372
21300000 88.8975 466.909 296.663 555.806 402.487
21400000 80.3922 467.073 296.768 547.466 404.225
21500000 94.6613 482.641 306.659 577.303 406.396
21600000 84.1787 469.307 298.187 553.486 404.885
21700000 79.1921 476.86 302.986 556.052 406.911
21800000 86.8783 475.167 301.91 562.045 408.959
21900000 99.549 466.81 296.601 566.359 408.91
22000000 100.306 467.447 297.005 567.754 408.143
22100000 98.0239 468.999 297.991 567.023 408.169
22200000 87.6121 471.527 299.598 559.14 409.051
22300000 88.7092 475.053 301.838 563.762 409.139
22400000 94.8955 465.846 295.988 560.742 410.03
22500000 95.6815 467.661 297.141 563.342 411.882
22600000 75.5065 479.028 304.364 554.535 414.015
22700000 83.8694 476.117 302.514 559.986 415.904
22800000 77.0283 467.411 296.982 544.439 418.363
22900000 83.7725 466.88 296.645 550.653 420.18
23000000 81.0308 467.8 297.23 548.831 421.025
23100000 85.0811 477.42 303.342 562.501 423.47
23200000 83.5139 476.229 302.585 559.743 424.922
23300000 70.4832 482.485 306.56 552.968 424.051
23400000 75.9973 470.534 298.967 546.532 423.467
23500000 94.6815 469.484 298.3 564.166 424.794
23600000 98.6461 461.78 293.404 560.426 422.943
23700000 95.2487 475.662 302.225 570.91 422.464
23800000 92.8902 480.856 305.525 573.746 422.983
23900000 82.0255 474.359 301.397 556.385 423.121
24000000 93.0105 471.899 299.834 564.909 424.145
24100000 93.1849 467.488 297.031 560.673 425.106
24200000 88.6513 478.015 303.72 566.667 424.866
24300000 77.5745 470.91 299.205 548.484 424.006
24400000 76.0148 474.335 301.382 550.35 426.408
24500000 101.421 465.136 295.537 566.558 426.375
24600000 108.17 472.512 300.223 580.682 426.785
24700000 88.7049 477.706 303.524 566.411 424.922
24800000 80.0886 477.907 303.651 557.995 424.909
24900000 76.6238 477.745 303.548 554.368 424.573
25000000 77.4854 477.353 303.299 554.839 426.28
25100000 84.2246 468.414 297.62 552.639 425.943
25200000 77.0203 466.215 296.222 543.235 426.009
25300000 78.8346 479.855 304.889 558.689 426.248
25400000 79.629 473.948 301.136 553.577 426.193
25500000 102.31 478.414 303.973 580.724 425.153
25600000 89.9763 465.735 295.918 555.711 427.395
25700000 94.827 471.692 299.702 566.519 428.646
25800000 98.6116 467.609 297.108 566.221 428.504
25900000 103.458 479.793 304.849 583.25 426.798
26000000 102.316 469.123 298.07 571.439 427.154
26100000 102.818 476.252 302.6 579.07 425.279
26200000 107.109 470.713 299.081 577.822 421.598
26300000 113.099 471.975 299.883 585.075 419.892
26400000 93.3617 471.758 299.745 565.12 419.64
26500000 110.807 474.927 301.758 585.733 418.439
26600000 117.004 469.937 298.588 586.941 419.837
26700000 108.928 473.903 301.107 582.831 420.698
26800000 108.99 476.477 302.743 585.467 421.098
26900000 111.82 482.798 306.759 594.618 420.616
27000000 100.816 476.609 302.826 577.424 419.215
27100000 112.365 463.848 294.719 576.213 417.012
27200000 123.565 477.338 303.29 600.903 418.613
27300000 104.607 474.063 301.209 578.67 416.536
27400000 109.058 470.699 299.071 579.757 414.112
27500000 96.1164 474.967 301.783 571.084 415.081
27600000 92.61 471.672 299.69 564.282 418.138
27700000 87.9734 475.794 302.309 563.767 418.028
27800000 98.898 471.355 299.488 570.253 417.225
27900000 92.8778 454.821 288.983 547.699 420.448
28000000 93.9304 472.056 299.934 565.987 424.711
28100000 101.702 467.035 296.743 568.736 427.608
28200000 93.1956 470.742 299.099 563.937 426.619
28300000 86.2153 474.594 301.546 560.809 426.638
28400000 78.8387 462.159 293.646 540.998 426.568
28500000 91.7685 474.865 301.718 566.634 427.034
28600000 80.7328 474.435 301.446 555.168 427.339
28700000 91.1335 479.074 304.393 570.207 427.167
28800000 91.1196 472.459 300.19 563.579 426.693
28900000 94.5133 467.661 297.141 562.175 427.33
29000000 105.376 471.485 299.571 576.861 426.83
29100000 95.393 467.982 297.345 563.375 425.517
29200000 108.177 464.501 295.133 572.678 426.538
29300000 98.3728 468.026 297.373 566.398 427.247
29400000 108.791 469.594 298.369 578.385 428.156
29500000 90.6028 468.761 297.84 559.364 426.544
29600000 79.1156 472.532 300.236 551.648 427.436
29700000 66.5177 468.785 297.855 535.303 427.009
29800000 75.4307 469.978 298.613 545.408 425.004
29900000 92.7738 478.143 303.801 570.917 426.482
30000000 91.3728 473.819 301.054 565.192 427.428
30100000 72.202 476.485 302.748 548.687 428.06
30200000 92.0368 477.661 303.495 569.698 429.025
30300000 102.658 478.936 304.305 581.595 428.148
30400000 97.3339 467.975 297.341 565.309 428.621
30500000 107.494 475.121 301.881 582.615 428.991
30600000 100.189 477.346 303.295 577.536 427.627
30700000 91.3384 469.624 298.389 560.963 427.93
30800000 93.2178 470.793 299.131 564.01 430.993
30900000 86.0746 470.558 298.982 556.632 432.487
31000000 85.5692 465.264 295.618 550.833 430.201
31100000 78.3029 468.153 297.454 546.456 430.391
31200000 90.92 468.596 297.735 559.516 428.892
31300000 90.3979 473.953 301.139 564.351 429.902
31400000 82.599 474.847 301.707 557.446 430.144
31500000 85.9052 480.168 305.088 566.073 431.585
31600000 96.9046 467.795 297.226 564.699 431.478
31700000 111.504 484.701 307.968 596.205 430.422
31800000 101.939 466.48 296.391 568.419 431.024
31900000 116.357 474.386 301.414 590.743 431.63
32000000 97.3955 471.068 299.306 568.463 432.252
32100000 107.394 472.831 300.426 580.224 430.419
32200000 105.881 470.299 298.818 576.18 429.269
32300000 109.859 474.048 301.2 583.908 428.856
32400000 102.42 472.002 299.899 574.422 429.955
32500000 94.4878 477.83 303.603 572.318 430.176
32600000 105.767 470.012 298.635 575.779 429.373
32700000 95.536 476.992 303.07 572.528 429.937
32800000 84.4767 469.445 298.275 553.922 429.67
32900000 100.219 479.735 304.813 579.954 427.088
33000000 105.688 475.289 301.988 580.977 427.534
33100000 99.1925 464.971 295.432 564.163 430.098
33200000 92.7148 465.088 295.506 557.803 431.651
33300000 91.6205 473.051 300.566 564.671 431.198
33400000 76.0948 480.529 305.317 556.623 431.348
33500000 78.9605 478.038 303.734 556.998 432.223
33600000 80.8911 470.789 299.129 551.68 433.527
33700000 88.8889 472.359 300.126 561.248 434.129
33800000 74.2847 465.62 295.844 539.904 434.509
33900000 75.6613 466.156 296.185 541.817 435.383
34000000 78.0178 467.961 297.332 545.979 436.026
34100000 92.545 474.682 301.602 567.227 435.372
34200000 113.163 471.177 299.375 584.34 434.564
34300000 116.323 464.416 295.079 580.738 434.272
34400000 115.904 473.401 300.788 589.305 434.71
34500000 123.608 471.639 299.668 595.246 433.834
34600000 126.877 476.239 302.592 603.117 434.83
34700000 127.446 477.831 303.603 605.277 435.994
34800000 117.513 473.076 300.582 590.589 438.945
34900000 125.266 464.03 294.834 589.295 439.953
35000000 129.758 466.626 296.484 596.384 440.322
35100000 119.724 472.883 300.459 592.608 441.114
35200000 122.198 464.497 295.131 586.695 441.323
35300000 115.364 469.357 298.219 584.721 440.34
35400000 112.117 468.235 297.506 580.352 438.523
35500000 116.484 477.131 303.159 593.615 440.935
35600000 132.705 472.339 300.113 605.044 441.891
35700000 117.446 469.685 298.427 587.131 443.452
35800000 113.938 462.512 293.87 576.45 444.124
35900000 127.783 474.592 301.545 602.376 444.733
36000000 107.947 468.768 297.845 576.715 443.429
36100000 96.75 480.74 305.451 577.49 444.932
36200000 101.984 462.452 293.832 564.436 444.188
36300000 91.3424 480.012 304.989 571.354 443.123
36400000 94.697 476.893 303.007 571.59 442.125
36500000 105.371 480.345 305.2 585.715 441.807
36600000 120.89 469.698 298.436 590.588 442.551
36700000 125.701 473.128 300.615 598.829 441.221
36800000 107.107 479.382 304.589 586.489 439.501
36900000 96.9239 455.177 289.209 552.101 439.689
37000000 76.5179 476.375 302.678 552.893 441.424
37100000 87.2192 476.575 302.805 563.795 441.921
37200000 91.0032 477.753 303.554 568.757 444.061
37300000 84.8957 478.132 303.794 563.028 446.681
37400000 96.5517 476.329 302.649 572.88 447.425
37500000 91.7121 474.299 301.359 566.011 445.551
37600000 71.5432 464.066 294.857 535.609 444.6
37700000 81.6644 474.426 301.439 556.09 444.693
37800000 74.8201 463.19 294.3 538.01 444.308
37900000 76.7616 472.044 299.926 548.805 446.3
38000000 70.5327 477.138 303.163 547.671 449.289
38100000 87.1816 476.08 302.49 563.262 450.363
38200000 91.6739 470.011 298.634 561.685 450.825
38300000 84.0134 477.906 303.651 561.92 451.865
38400000 74.1528 472.378 300.138 546.53 455.841
38500000 91.7206 465.805 295.962 557.526 458.679
38600000 83.6515 472.038 299.922 555.689 458.484
38700000 71.8284 468.855 297.9 540.683 461.41
38800000 61.6565 471.651 299.676 533.307 462.549
38900000 74.8083 472.421 300.166 547.229 462.3
39000000 75.6637 469.594 298.37 545.258 463.131
39100000 76.5204 476.432 302.714 552.953 465.916
39200000 77.2781 465.344 295.669 542.622 467.29
39300000 87.66 467.906 297.297 555.566 469.778
39400000 95.1227 470.264 298.795 565.387 471.324
39500000 77.3615 478.021 303.724 555.382 469.402
39600000 92.8368 465.353 295.675 558.19 469.479
39700000 87.0079 471.457 299.553 558.465 467.952
39800000 74.4468 459.13 291.721 533.577 468.187
39900000 101.31 474.27 301.341 575.581 469.318
40000000 85.0804 478.665 304.133 563.745 470
40100000 80.2756 468.593 297.733 548.868 471.788
40200000 74.0796 473.328 300.742 547.408 473.209
40300000 92.7991 476.065 302.481 568.864 474.275
40400000 90.0258 473.226 300.677 563.252 476.299
40500000 101.446 462.588 293.918 564.034 476.227
40600000 101.8 473.536 300.874 575.336 477.889
40700000 105.393 471.27 299.434 576.662 477.146
40800000 106.778 468.598 297.736 575.376 474.99
40900000 93.2007 478.176 303.822 571.377 476.512
41000000 81.1518 480.106 305.048 561.258 475.338
41100000 82.0348 472.515 300.225 554.55 476.675
41200000 73.6231 465.165 295.555 538.788 478.6
41300000 78.3844 466.463 296.38 544.847 480.181
41400000 81.1275 478.885 304.273 560.012 481.744
41500000 86.1924 465.024 295.466 551.217 484.755
41600000 84.2435 467.118 296.796 551.361 485.563
41700000 85.2052 472.195 300.022 557.4 485.519
41800000 90.7482 476.279 302.617 567.027 486.103
41900000 89.4132 467.149 296.816 556.562 486.351
42000000 106.262 467.881 297.281 574.143 485.585
42100000 118.296 472.7 300.343 590.996 487.295
42200000 102.079 476.323 302.645 578.402 489.356
42300000 100.675 464.603 295.198 565.278 492.176
42400000 113.705 466.39 296.333 580.095 494.002
42500000 109.014 489.002 310.701 598.016 493.704
42600000 104.84 471.553 299.614 576.393 493.295
42700000 108.445 463.708 294.63 572.154 493.496
42800000 103.411 471.051 299.295 574.462 493.855
42900000 113.081 462.035 293.567 575.117 495.083
43000000 126.06 474.064 301.21 600.124 495.014
43100000 128.757 473.104 300.6 601.861 496.123
43200000 131.127 475.797 302.311 606.924 496.704
43300000 138.058 473.677 300.963 611.735 497.894
43400000 131.662 461.739 293.379 593.401 498.737
43500000 124.347 467.033 296.743 591.381 497.775
43600000 131.192 463.556 294.533 594.748 497.913
43700000 146.513 469.832 298.521 616.345 496.894
43800000 141.172 466.941 296.684 608.113 497.185
43900000 108.838 471.104 299.329 579.942 499.905
44000000 121.073 470.518 298.956 591.591 501.964
44100000 108.008 475.289 301.988 583.298 502.268
44200000 102.291 480.278 305.158 582.569 502.185
44300000 123.407 470.937 299.223 594.344 503.794
44400000 121.187 472.985 300.524 594.172 505.985
44500000 101.399 473.105 300.6 574.503 507.524
44600000 83.6154 473.935 301.128 557.551 508.048
44700000 102.849 463.348 294.401 566.197 508.712
44800000 96.5249 472.15 299.993 568.674 507.741
44900000 69.5295 476.735 302.907 546.264 508.036
45000000 73.2359 474.39 301.417 547.626 508.915
45100000 69.9768 463.249 294.338 533.226 509.057
45200000 78.0706 468.905 297.932 546.976 508.399
45300000 84.1623 468.527 297.691 552.689 507.803
45400000 83.0931 473.522 300.865 556.615 506.538
45500000 77.1743 471.997 299.896 549.171 507.218
45600000 72.2922 478.595 304.089 550.888 507.633
45700000 75.105 474.348 301.39 549.453 511.229
45800000 67.706 462.967 294.159 530.673 513.301
45900000 58.314 465.617 295.842 523.931 514.238
46000000 67.8733 476.063 302.48 543.936 512.552
46100000 52.8435 482.982 306.876 535.825 510.163
46200000 44.7053 473.745 301.007 518.451 510.461
46300000 52.6233 475.002 301.806 527.626 509.489
46400000 60.7152 462.908 294.121 523.623 511.975
46500000 59.5027 478.492 304.023 537.995 513.385
46600000 65.6174 472.011 299.905 537.628 515.923
46700000 73.8078 478.583 304.081 552.39 516.822
46800000 79.7158 477.131 303.158 556.847 518.634
46900000 60.8222 474.531 301.506 535.353 519.635
47000000 71.717 467.206 296.852 538.923 520.144
47100000 73.5039 465.337 295.664 538.841 520.655
47200000 59.6309 477.681 303.508 537.312 520.797
47300000 75.3283 476.715 302.894 552.043 521.462
47400000 69.9039 467.257 296.884 537.161 520.872
47500000 51.5698 465.309 295.647 516.879 522.647
47600000 76.4003 470.964 299.24 547.365 524.161
47700000 61.9822 472.201 300.026 534.183 526.22
47800000 55.3047 470.62 299.021 525.925 526.033
47900000 64.1743 474.533 301.508 538.708 524.713
48000000 68.3179 481.363 305.847 549.681 524.904
48100000 65.4768 476.65 302.853 542.127 525.352
48200000 78.9428 480.512 305.307 559.455 523.624
48300000 80.2831 472.911 300.477 553.194 523.132
48400000 109.637 474.87 301.722 584.508 524.438
48500000 100.231 479.234 304.494 579.465 524.178
48600000 102.63 470.453 298.915 573.083 525.043
48700000 86.8017 465.743 295.923 552.545 524.159
48800000 68.4409 471.784 299.761 540.224 525.057
48900000 68.2662 479.97 304.962 548.236 526.804
49000000 98.629 466.6 296.467 565.229 529.83
49100000 118.233 476.645 302.849 594.878 533.872
49200000 103.607 470.343 298.845 573.95 533.555
49300000 110.035 466.304 296.279 576.339 534.184
49400000 99.9147 467.336 296.935 567.251 534.326
49500000 107.283 471.671 299.689 578.955 533.522
49600000 100.194 473.053 300.567 573.247 533.376
49700000 115.155 467.879 297.28 583.034 532.036
49800000 100.577 472.317 300.1 572.894 532.671
49900000 96.804 462.501 293.863 559.305 534.645
50000000 90.9468 478.098 303.773 569.045 535.267
50100000 95.1036 467.111 296.792 562.215 535.026
50200000 98.0801 472.768 300.386 570.848 534.662
50300000 92.0109 480.785 305.48 572.796 534.707
50400000 92.6106 470.926 299.216 563.536 534.611
50500000 85.5638 475.703 302.251 561.267 533.438
50600000 73.2586 470.379 298.868 543.637 534.31
50700000 74.02 468.238 297.508 542.258 535.703
50800000 70.3069 470.429 298.9 540.736 533.674
50900000 58.8239 475.326 302.011 534.149 533.045
51000000 76.7975 470.016 298.637 546.813 532.509
51100000 61.219 474.425 301.439 535.644 532.599
51200000 55.3271 463.32 294.383 518.647 532.34
51300000 60.3382 466.058 296.123 526.396 529.862
51400000 64.9259 476.581 302.809 541.507 530.028
51500000 62.8989 471.533 299.602 534.432 529.873
51600000 43.5203 470.648 299.039 514.168 527.926
51700000 36.7554 474.424 301.438 511.18 529.546
51800000 39.007 476.503 302.759 515.51 529.755
51900000 49.9075 478.689 304.148 528.596 530.449
52000000 29.802 476.406 302.698 506.208 528.871
52100000 23.5324 464.318 295.017 487.851 529.097
52200000 63.8462 472.96 300.508 536.806 530.809
52300000 60.8152 465.622 295.846 526.437 530.508
52400000 69.0834 469.158 298.092 538.241 529.198
52500000 56.5985 472.072 299.944 528.671 530.206
52600000 53.2887 470.313 298.826 523.602 529.414
52700000 64.176 474.325 301.375 538.501 531.678
52800000 66.317 474.161 301.271 540.478 533.125
52900000 68.4596 469.154 298.09 537.614 533.999
53000000 55.473 476.119 302.515 531.592 533.665
53100000 76.836 481.752 306.094 558.587 534.826
53200000 102.523 463.722 294.639 566.245 533.759
53300000 96.2843 467.378 296.961 563.662 533.339
53400000 88.3769 471.766 299.75 560.143 531.509
53500000 86.0502 475.843 302.34 561.894 529.51
53600000 73.2165 475.927 302.393 549.144 528.673
53700000 61.5762 472.057 299.935 533.634 528.458
53800000 72.3391 472.367 300.131 544.706 528.206
53900000 101.607 470.698 299.071 572.305 529.166
54000000 74.3826 472.944 300.498 547.327 529.394
54100000 63.234 473.831 301.061 537.065 528.574
54200000 84.3444 469.887 298.556 554.231 529.188
54300000 60.5171 473.718 300.99 534.236 529.756
54400000 47.6801 469.188 298.112 516.868 529.652
54500000 54.1848 485.757 308.639 539.941 531.05
54600000 54.2994 466.6 296.467 520.899 530.446
54700000 58.8236 471.575 299.628 530.398 527.435
54800000 63.0251 472.92 300.483 535.945 527.22
54900000 54.0258 465.751 295.927 519.777 524.272
55000000 70.1361 473.746 301.008 543.883 523.257
55100000 67.8376 468.877 297.914 536.715 526.448
55200000 71.9075 480.609 305.368 552.516 529.18
55300000 76.7447 460.515 292.601 537.26 529.766
55400000 69.8837 470.48 298.932 540.364 529.595
55500000 56.2131 481.158 305.717 537.371 529.819
55600000 55.297 466.098 296.148 521.395 530.342
55700000 51.8542 479.396 304.597 531.25 531.718
55800000 53.3917 472.493 300.211 525.885 532.58
55900000 55.0273 474.807 301.682 529.835 535.394
56000000 66.4569 468.285 297.538 534.742 535.924
56100000 77.3038 469.582 298.362 546.886 537.021
56200000 73.171 471.569 299.625 544.74 537.521
56300000 67.0465 465.627 295.849 532.674 536.723
56400000 46.0242 473.875 301.09 519.899 537.592
56500000 50.6916 465.921 296.035 516.612 537.859
56600000 69.0616 464.178 294.928 533.24 536.231
56700000 81.4827 476.643 302.848 558.125 536.928
56800000 84.2605 473.547 300.881 557.807 537.527
56900000 84.2362 470.637 299.032 554.873 537.437
57000000 94.7648 469.698 298.436 564.463 537.843
57100000 86.9414 467.481 297.027 554.423 537.633
57200000 90.7658 483.847 307.426 574.613 538.57
57300000 82.3005 475.236 301.954 557.536 540.564
57400000 86.7952 473.993 301.164 560.788 542.537
57500000 95.0906 466.773 296.577 561.863 543.932
57600000 79.8201 482.335 306.465 562.155 544.987
57700000 83.9775 470.357 298.854 554.335 547.824
57800000 95.075 477.092 303.133 572.167 549.199
57900000 90.7055 466.385 296.33 557.09 548.871
58000000 86.9136 477.932 303.667 564.845 548.292
58100000 92.6141 476.215 302.576 568.829 551.111
58200000 80.5064 464.904 295.39 545.411 551.653
58300000 83.6998 468.566 297.716 552.266 551.494
58400000 83.6416 474.585 301.541 558.227 550.231
58500000 73.9923 474.613 301.559 548.606 550.273
58600000 73.231 471.352 299.486 544.583 549.442
58700000 73.8213 467.668 297.146 541.489 551.416
58800000 80.6872 470.311 298.825 550.998 553.004
58900000 88.9044 465.834 295.98 554.738 556.132
59000000 72.9559 477.372 303.312 550.328 556.628
59100000 72.9551 469.94 298.589 542.895 557.452
59200000 80.9368 471.913 299.843 552.85 558.162
59300000 68.7821 465.408 295.71 534.19 558.106
59400000 71.772 468.246 297.513 540.018 558.525
59500000 56.8343 481.379 305.858 538.214 558.023
59600000 46.6143 466.78 296.581 513.394 558.123
59700000 66.9176 459.302 291.83 526.22 559.238
59800000 62.1135 468.704 297.804 530.818 560.59
59900000 79.0092 464.513 295.141 543.523 559.848
60000000 74.539 471.798 299.77 546.337 559.013
60100000 76.0773 468.985 297.982 545.062 559.783
60200000 81.6299 462.198 293.67 543.828 559.917
60300000 70.7608 471.41 299.523 542.171 560.402
60400000 61.7096 469.319 298.195 531.029 561.51
60500000 46.8251 464.238 294.966 511.063 561.749
60600000 36.1198 475.58 302.173 511.7 563.158
60700000 41.5503 465.437 295.728 506.987 564.002
60800000 66.0498 472.183 300.014 538.233 562.988
60900000 53.9963 473.875 301.09 527.871 561.64
61000000 69.3133 470.537 298.968 539.85 561.734
61100000 61.849 475.628 302.203 537.477 561.8
61200000 84.8377 477.269 303.246 562.106 561.009
61300000 91.3781 473.709 300.984 565.087 561.345
61400000 83.705 478.825 304.234 562.53 562.309
61500000 95.2962 474.611 301.557 569.907 563.349
61600000 102.743 470.221 298.768 572.964 564.483
61700000 80.5925 477.051 303.107 557.643 562.777
61800000 64.6945 466.629 296.486 531.324 565.342
61900000 81.8272 478.054 303.745 559.881 567.37
62000000 74.9881 480.904 305.556 555.893 568.156
62100000 63.6875 469.769 298.48 533.456 568.581
62200000 55.5717 461.584 293.28 517.155 571.988
62300000 65.0518 471.088 299.319 536.14 573.019
62400000 61.3544 474.926 301.757 536.28 572.389
62500000 44.9816 465.264 295.618 510.245 574.377
62600000 52.2982 467.567 297.081 519.865 577.386
62700000 64.2661 484.503 307.842 548.769 577.363
62800000 96.6589 475.281 301.983 571.94 578.318
62900000 123.875 473.315 300.734 597.19 579.15
63000000 115.81 472.13 299.981 587.94 578.327
63100000 94.5916 474.017 301.18 568.609 578.488
63200000 95.6032 465.717 295.906 561.321 577.189
63300000 106.903 463.944 294.779 570.846 576.73
63400000 102.939 467.969 297.337 570.908 577.782
63500000 94.3025 470.852 299.169 565.155 576.248
63600000 98.7537 468.56 297.713 567.314 574.544
63700000 87.281 468.42 297.624 555.701 574.147
63800000 92.7482 472.932 300.49 565.68 570.262
63900000 78.9757 461.336 293.122 540.311 570.497
64000000 70.3475 463.165 294.285 533.513 571.075
64100000 87.5934 464.35 295.037 551.943 571.151
64200000 73.7037 466.556 296.439 540.26 570.104
64300000 85.6784 476.234 302.588 561.913 568.622
64400000 98.6526 476.607 302.825 575.26 567.852
64500000 98.4967 470.277 298.803 568.773 567.346
64600000 66.5996 475.947 302.406 542.547 567.072
64700000 86.0048 484.401 307.777 570.406 566.118
64800000 80.0441 466.72 296.543 546.764 567.28
64900000 89.0477 473.991 301.163 563.039 568.318
65000000 76.8721 483.093 306.947 559.966 570.458
65100000 77.5527 476.201 302.567 553.754 570.946
65200000 77.87 476.574 302.804 554.444 573.672
65300000 78.4429 468.693 297.797 547.136 574.867
65400000 86.1999 478.163 303.814 564.363 574.771
65500000 80.7127 465.015 295.46 545.728 573.065
65600000 85.7161 469.006 297.996 554.722 573.635
65700000 92.3775 471.267 299.432 563.644 574.921
65800000 111.33 481.114 305.689 592.444 575.222
65900000 104.499 477.91 303.653 582.408 574.309
66000000 79.5453 465.956 296.058 545.501 574.769
66100000 102.369 476.899 303.011 579.268 575.126
66200000 94.4672 476.393 302.689 570.86 574.617
66300000 116.063 462.915 294.126 578.978 572.938
66400000 113.151 477.114 303.147 590.265 571.834
66500000 101.686 475.688 302.242 577.375 569.948
66600000 119.501 462.471 293.844 581.973 567.777
66700000 105.096 472.082 299.95 577.178 567.818
66800000 94.7969 469.253 298.153 564.05 569.926
66900000 97.2386 468.357 297.584 565.596 568.543
67000000 89.7448 466.858 296.631 556.602 568.793
67100000 100.742 474.681 301.602 575.423 570.405
67200000 93.2909 467.167 296.827 560.458 571.542
67300000 95.5804 472.763 300.383 568.343 572.609
67400000 103.978 472.918 300.481 576.896 572.429
67500000 95.2588 470.899 299.199 566.158 573.605
67600000 74.4503 471.607 299.648 546.057 576.039
67700000 69.8297 474.576 301.535 544.406 575.345
67800000 88.4141 477.083 303.128 565.497 575.849
67900000 104.925 471.781 299.759 576.705 575.615
68000000 93.0211 471.674 299.691 564.696 573.961
68100000 83.6687 472.169 300.005 555.838 574.507
68200000 78.3995 470.938 299.223 549.337 572.614
68300000 99.8171 465.608 295.837 565.425 570.487
68400000 93.1166 474.145 301.261 567.261 570.345
68500000 94.7476 480.226 305.125 574.974 571.269
68600000 101.685 479.602 304.728 581.287 569.543
68700000 87.0452 469.626 298.39 556.671 570.911
68800000 91.9161 476.992 303.07 568.908 570.669
68900000 87.9474 479.347 304.566 567.294 571.575
69000000 64.5539 471.088 299.319 535.642 571.247
69100000 78.2056 471.669 299.688 549.875 572.369
69200000 64.6374 471.978 299.884 536.616 572.159
69300000 72.1954 470.063 298.668 542.259 571.412
69400000 67.6383 473.544 300.879 541.182 572.305
69500000 92.5385 471.32 299.466 563.859 572.775
69600000 98.8564 463.087 294.235 561.943 572.621
69700000 89.3161 474.314 301.369 563.63 572.548
69800000 87.5446 474.761 301.652 562.306 571.55
69900000 82.8134 465.744 295.923 548.557 570.745
70000000 87.6109 466.746 296.56 554.357 570.917
70100000 76.9435 475.783 302.302 552.727 570.957
70200000 77.6684 465.079 295.501 542.748 570.939
70300000 74.6119 481.591 305.992 556.202 570.274
70400000 80.3128 471.201 299.391 551.514 569.569
70500000 52.637 474.722 301.627 527.359 570.932
70600000 62.5937 468.342 297.574 530.936 570.674
70700000 86.058 459.034 291.66 545.092 572.002
70800000 88.3293 474.681 301.602 563.01 572.92
70900000 74.0777 473.045 300.562 547.123 575.173
71000000 82.4731 475.043 301.832 557.516 576.657
71100000 75.3343 476.884 303.001 552.218 575.391
71200000 88.7954 479.669 304.771 568.464 575.521
71300000 85.5087 474.861 301.716 560.369 573.05
71400000 75.0388 471.323 299.468 546.362 574.445
71500000 83.2207 475.308 302 558.529 574.585
71600000 68.6049 466.123 296.164 534.728 574.939
71700000 92.5002 466.948 296.688 559.449 573.043
71800000 80.3891 465.627 295.849 546.016 571.945
71900000 77.3833 476.088 302.495 553.471 570.098
72000000 83.63 480.836 305.513 564.466 568.155
72100000 75.1474 487.256 309.591 562.403 570.331
72200000 85.2495 473.387 300.779 558.636 570.042
72300000 73.1909 479.568 304.707 552.759 569.803
72400000 77.9522 472.426 300.169 550.378 571.769
72500000 86.4755 473.425 300.804 559.901 570.763
72600000 73.6827 469.115 298.065 542.798 569.951
72700000 86.3794 463.271 294.352 549.65 569.739
72800000 72.4072 465.362 295.681 537.77 569.137
72900000 74.1544 479.052 304.379 553.207 569.314
73000000 80.1242 466.669 296.511 546.793 569.938
73100000 80.8162 470.374 298.865 551.191 570.05
73200000 101.064 468.2 297.484 569.264 570.311
73300000 106.924 474.444 301.451 581.368 570.219
73400000 98.6719 480.918 305.564 579.59 571.534
73500000 94.8535 467.804 297.232 562.658 569.401
73600000 114.364 474.581 301.538 588.944 567.725
73700000 114.322 463.596 294.558 577.918 566.771
73800000 114.813 472.611 300.286 587.424 569.154
73900000 133.411 476.305 302.634 609.716 569.554
74000000 116.452 467.154 296.819 583.606 567.035
74100000 127.25 475.543 302.149 602.792 568.394
74200000 116.783 467.617 297.113 584.4 569.993
74300000 118.15 477.521 303.406 595.671 569.969
74400000 109.5 474.917 301.752 584.418 569.425
74500000 103.06 467.113 296.793 570.173 568.952
74600000 97.2411 478.462 304.004 575.703 570.412
74700000 113.173 478.125 303.79 591.298 571.4
74800000 95.8793 470.835 299.158 566.714 571.079
74900000 114.86 478.396 303.962 593.256 573.784
75000000 98.1281 463.698 294.623 561.826 575.981
75100000 111.271 462.841 294.079 574.112 575.789
75200000 105.185 474.245 301.325 579.43 575.59
75300000 105.214 464.783 295.313 569.997 574.715
75400000 99.446 477.063 303.115 576.509 575.121
75500000 110.508 467.948 297.324 578.456 575.074
75600000 104.615 474.616 301.56 579.231 575.041
75700000 98.9776 472.43 300.171 571.408 576.031
75800000 103.333 469.119 298.068 572.452 577.368
75900000 97.1527 471.228 299.408 568.381 578.078
76000000 69.3046 475.094 301.864 544.399 577.982
76100000 76.7552 472.43 300.171 549.185 577.23
76200000 83.4293 474.051 301.201 557.48 576.36
76300000 82.7182 470.929 299.218 553.647 576.21
76400000 75.1585 477.854 303.617 553.012 574.705
76500000 95.5792 469.609 298.379 565.189 576.413
76600000 99.2258 472.35 300.12 571.576 578.287
76700000 95.6335 472.325 300.105 567.958 580.087
76800000 83.9698 475.9 302.376 559.87 581.797
76900000 88.8307 470.315 298.828 559.146 580.973
77000000 89.7507 473.883 301.095 563.634 580.484
77100000 85.3173 469.009 297.998 554.326 580.296
77200000 97.8433 470.249 298.785 568.092 578.872
77300000 114.496 475.274 301.979 589.77 577.906
77400000 102.293 464.747 295.289 567.04 578.714
77500000 101.361 471.061 299.302 572.422 580.31
77600000 112.046 476.223 302.582 588.269 581.582
77700000 102.023 474.869 301.721 576.892 581.902
77800000 111.044 473.618 300.926 584.662 581.836
77900000 103.819 477.617 303.467 581.436 580.524
78000000 76.4803 479.067 304.388 555.547 579.444
78100000 82.6222 471.935 299.857 554.557 578.545
78200000 87.0403 476.69 302.878 563.73 575.904
78300000 83.1067 473.092 300.592 556.199 575.384
78400000 107.249 475.105 301.871 582.354 573.242
78500000 120.427 473.14 300.622 593.566 573.051
78600000 128.581 471.74 299.733 600.322 574.684
78700000 105.706 480.237 305.132 585.943 575.045
78800000 115.889 471.826 299.787 587.715 573.834
78900000 114.304 466.206 296.217 580.51 575.096
79000000 121.266 469.692 298.432 590.958 573.923
79100000 133.039 476.459 302.731 609.498 574.633
79200000 123.227 480.772 305.472 603.999 575.998
79300000 112.658 469.411 298.253 582.069 577.684
79400000 110.56 473.32 300.737 583.88 577.927
79500000 107.886 472.485 300.206 580.372 578.613
79600000 99.28 472.786 300.397 572.066 580.172
79700000 100.211 477.861 303.622 578.072 578.933
79800000 116.44 472.239 300.05 588.679 579.789
79900000 101.811 474.942 301.767 576.753 580.944
80000000 107.693 475.213 301.94 582.906 581.542
80100000 115.511 472.754 300.377 588.264 580.027
80200000 104.063 466.989 296.714 571.052 578.737
80300000 114.313 478.835 304.241 593.147 578.639
80400000 101.8 468.915 297.938 570.715 580.198
80500000 99.1567 475.694 302.245 574.851 581.343
80600000 98.2566 466.494 296.399 564.75 582.352
80700000 91.7744 469.425 298.262 561.199 582.63
80800000 102.947 469.601 298.374 572.548 581.203
80900000 118.86 472.462 300.191 591.322 581.921
81000000 115.068 471.186 299.381 586.254 581.665
81100000 114.16 470.796 299.133 584.957 582.734
81200000 114.65 469.657 298.409 584.307 584.236
81300000 114.036 473.337 300.748 587.373 583.853
81400000 106.613 471.557 299.617 578.169 585.456
81500000 95.9563 460.426 292.544 556.383 587.266
81600000 89.03 469.799 298.5 558.829 588.578
81700000 97.5266 476.074 302.487 573.6 588.323
81800000 105.073 465.768 295.939 570.841 586.536
81900000 87.5321 464.551 295.165 552.083 588.788
82000000 104.487 474.911 301.748 579.398 589.023
82100000 92.0806 474.427 301.44 566.507 590.736
82200000 70.139 463.409 294.44 533.548 594.38
82300000 85.2941 474.398 301.422 559.692 594.599
82400000 81.7013 480.345 305.201 562.047 596.851
82500000 95.1056 475.408 302.063 570.513 597.51
82600000 87.3905 472.168 300.005 559.559 598.127
82700000 79.9083 476.382 302.682 556.29 600.006
82800000 83.8697 474.419 301.435 558.289 599.26
82900000 66.4643 464.443 295.097 530.907 599.207
83000000 79.3982 473.418 300.799 552.816 599.352
83100000 76.1857 475.882 302.364 552.067 600.703
83200000 65.1452 473.264 300.701 538.409 601.712
83300000 74.2483 467.882 297.281 542.13 601.06
83400000 83.7963 471.561 299.619 555.357 600.541
83500000 87.3363 478.547 304.058 565.883 600.666
83600000 74.0239 472.232 300.046 546.256 600.855
83700000 86.7027 471.25 299.422 557.953 600.466
83800000 57.1816 473.512 300.859 530.694 599.394
83900000 64.044 472.571 300.261 536.615 598.47
84000000 69.9979 477.47 303.374 547.468 598.257
84100000 73.4505 463.886 294.743 537.336 598.487
84200000 68.9284 472.678 300.329 541.607 597.773
84300000 72.1834 478.526 304.045 550.71 596.894
84400000 65.8706 472.503 300.218 538.374 595.823
84500000 63.7334 469.326 298.199 533.06 595.324
84600000 72.9486 471.634 299.665 544.582 595.207
84700000 77.1491 473.261 300.7 550.41 593.683
84800000 60.6576 462.684 293.979 523.342 592.463
84900000 60.6934 467.052 296.754 527.745 592.535
85000000 68.3138 470.474 298.929 538.788 593.348
85100000 88.0163 474.079 301.219 562.095 593.793
85200000 73.091 460.674 292.702 533.765 592.734
85300000 89.5068 479.872 304.9 569.379 591.412
85400000 73.469 467.906 297.297 541.375 591.424
85500000 88.5322 471.708 299.713 560.241 592.903
85600000 82.7871 465.739 295.92 548.526 595.316
85700000 71.1464 464.879 295.374 536.026 591.36
85800000 71.7616 479.957 304.954 551.719 591.268
85900000 65.577 474.713 301.622 540.29 591.025
86000000 57.6275 482.58 306.62 540.208 588.006
86100000 54.5451 469.471 298.291 524.016 587.414
86200000 66.5646 472.07 299.943 538.635 585.227
86300000 54.193 475.315 302.005 529.508 583.769
86400000 54.5992 473.805 301.045 528.404 584.957
86500000 48.3971 472.207 300.03 520.604 586.108
86600000 57.4926 478.365 303.942 535.857 586.187
86700000 74.6092 473.513 300.859 548.122 587.089
86800000 68.5434 462.97 294.161 531.514 587.579
86900000 80.2862 468.004 297.359 548.291 589.343
87000000 64.0416 472.911 300.477 536.953 591.02
87100000 59.8968 477.239 303.227 537.136 591.42
87200000 57.2999 469.323 298.197 526.623 593.64
87300000 62.3712 479.216 304.483 541.588 592.298
87400000 70.0605 477.177 303.188 547.238 591.817
87500000 64.8773 473.315 300.734 538.193 592.997
87600000 80.1618 473.431 300.808 553.593 592.019
87700000 84.542 464.072 294.861 548.614 591.014
87800000 86.7714 471.82 299.784 558.591 592.593
87900000 88.6257 476.853 302.981 565.478 594.727
88000000 96.2749 475.957 302.413 572.232 594.466
88100000 94.1512 469.743 298.464 563.894 592.77
88200000 72.9351 468.626 297.754 541.561 591.285
88300000 82.0594 472.951 300.502 555.01 592.093
88400000 81.9339 466.427 296.357 548.361 594.25
88500000 81.7294 472.359 300.126 554.089 595.687
88600000 84.9196 473.468 300.831 558.387 596.662
88700000 90.2687 467.048 296.752 557.317 596.921
88800000 74.4305 466.328 296.294 540.758 594.177
88900000 62.313 470.668 299.052 532.981 595.215
89000000 47.92 478.164 303.815 526.084 594.446
89100000 57.9374 471.274 299.437 529.212 594.346
89200000 65.4348 471.288 299.445 536.722 592.396
89300000 65.8835 470.096 298.689 535.98 591.616
89400000 62.3116 465.652 295.865 527.963 591.588
89500000 76.1115 467.173 296.831 543.284 589.667
89600000 58.5231 467.808 297.235 526.331 590.89
89700000 52.6498 468.124 297.436 520.774 590.833
89800000 55.183 475.518 302.133 530.701 590.514
89900000 46.973 472.187 300.017 519.16 588.185
90000000 48.5735 466.064 296.127 514.638 587.191
90100000 54.1685 479.051 304.378 533.219 588.315
90200000 73.1569 472.209 300.031 545.366 587.648
90300000 90.3429 478.169 303.818 568.511 587.805
90400000 82.629 472.239 300.05 554.868 587.612
90500000 89.6306 473.734 301 563.365 587.391
90600000 77.494 475.018 301.816 552.512 589.992
90700000 90.834 461.892 293.476 552.726 591.425
90800000 77.658 470.866 299.178 548.524 592.435
90900000 81.0491 473.052 300.567 554.102 592.769
91000000 84.5163 471.078 299.312 555.594 594.223
91100000 94.8793 473.071 300.579 567.95 594.518
91200000 84.3569 462.951 294.149 547.308 593.928
91300000 75.8757 473.933 301.126 549.809 594.847
91400000 49.2785 471.913 299.843 521.191 593.871
91500000 60.9571 466.156 296.185 527.113 593.951
91600000 46.4695 472.907 300.474 519.377 594.499
91700000 50.1975 474.391 301.418 524.589 591.923
91800000 59.0646 481.854 306.159 540.919 593.276
91900000 56.7765 470.857 299.172 527.633 594.064
92000000 55.3851 465.492 295.763 520.877 593.443
92100000 56.5824 473.625 300.931 530.207 593.19
92200000 62.4065 475.461 302.097 537.867 594.117
92300000 65.7294 470.306 298.822 536.035 594.048
92400000 60.9046 475.463 302.098 536.368 595.082
92500000 51.7089 469.216 298.129 520.924 597.229
92600000 36.7115 471.154 299.36 507.865 599.999
92700000 48.3617 482.544 306.597 530.905 600.479
92800000 66.8947 465.509 295.774 532.404 600.293
92900000 68.7971 473.115 300.606 541.912 600.292
93000000 72.6774 463.864 294.729 536.541 599.121
93100000 52.538 464.773 295.306 517.311 599.809
93200000 47.1206 479.31 304.543 526.431 598.877
93300000 41.5076 475.04 301.829 516.547 599.171
93400000 32.8615 480.742 305.452 513.603 599.915
93500000 41.5892 472.522 300.23 514.111 600.967
93600000 50.3269 464.172 294.925 514.499 600.475
93700000 29.5111 469.9 298.564 499.411 601.368
93800000 35.7134 466.557 296.44 502.271 598.931
93900000 19.1738 479.464 304.64 498.637 598.129
94000000 17.0291 474.098 301.231 491.127 599.056
94100000 31.9942 472.354 300.123 504.348 597.323
94200000 28.7496 470.464 298.923 499.214 597.705
94300000 20.1739 474.246 301.325 494.42 597.861
94400000 47.8793 466.853 296.628 514.732 599.358
94500000 54.5801 482.654 306.668 537.235 598.369
94600000 72.5037 478.264 303.878 550.768 598.189
94700000 66.8798 468.405 297.614 535.285 596.521
94800000 74.8279 472.946 300.499 547.774 595.61
94900000 63.7963 470.709 299.078 534.505 596.88
95000000 92.9238 472.578 300.265 565.502 599.016
95100000 87.9011 473.067 300.576 560.969 598.347
95200000 99.4614 464.976 295.435 564.437 596.269
95300000 84.7852 470.877 299.185 555.662 596.188
95400000 95.9163 471.533 299.602 567.449 595.967
95500000 84.6339 469.878 298.55 554.512 596.474
95600000 92.9445 475.58 302.173 568.525 598.285
95700000 105.409 472.622 300.293 578.031 597.42
95800000 114.928 471.161 299.365 586.089 595.61
95900000 87.929 465.965 296.064 553.894 594.565
96000000 88.3828 477.024 303.09 565.407 595.899
96100000 101.72 475.878 302.362 577.598 596.222
96200000 102.751 475.478 302.108 578.228 596.983
96300000 114.927 474.107 301.237 589.034 596.22
96400000 122.296 473.019 300.546 595.315 594.786
96500000 118.788 474.86 301.715 593.648 592.726
96600000 113.778 470.435 298.904 584.213 593.102
96700000 114.883 481.164 305.721 596.047 593.338
96800000 110.564 481.086 305.671 591.651 591.427
96900000 114.231 479.338 304.561 593.569 591.196
97000000 109.06 483.537 307.228 592.596 589.788
97100000 94.1099 468.859 297.902 562.969 588.507
97200000 79.1955 479.499 304.663 558.694 589.008
97300000 73.0319 471.878 299.82 544.91 587.347
97400000 77.3095 480.346 305.201 557.656 586.824
97500000 82.389 470.296 298.815 552.685 586.295
97600000 73.9608 471.718 299.719 545.679 586.084
97700000 79.8054 471.557 299.616 551.362 587.19
97800000 79.543 476.747 302.914 556.29 588.054
97900000 103.698 479.127 304.426 582.824 590.484
98000000 77.8155 473.278 300.71 551.093 592.575
98100000 78.9161 468.236 297.506 547.152 593.807
98200000 78.7056 467.139 296.809 545.844 595.087
98300000 88.6967 474.406 301.427 563.103 594.045
98400000 89.5684 476.381 302.682 565.949 593.4
98500000 96.5711 475.566 302.164 572.137 591.603
98600000 93.1994 478.481 304.016 571.68 591.729
98700000 84.568 471.687 299.699 556.255 594.96
98800000 89.2992 473.2 300.66 562.499 597.988
98900000 106.151 470.486 298.936 576.637 596.846
99000000 109.04 472.299 300.088 581.339 598.161
99100000 85.0195 475.989 302.432 561.008 599.984
99200000 84.0282 472.562 300.255 556.591 599.689
99300000 93.3215 473.271 300.705 566.592 601.02
99400000 102.231 475.244 301.959 577.475 603.213
99500000 90.04 469.188 298.111 559.228 602.584
99600000 108.488 469.71 298.443 578.198 603.954
99700000 104.053 479.703 304.792 583.756 605.958
99800000 116.102 466.191 296.207 582.293 609.186
99900000 125.531 466.283 296.265 591.814 608.795
100000000 109.072 471.27 299.434 580.342 609.148
100100000 107.677 468.334 297.569 576.011 608.58
100200000 100.645 469.579 298.36 570.225 607.617
100300000 103.219 480.562 305.338 583.781 611.836
100400000 112.543 464.576 295.181 577.12 612.733
100500000 96.3583 479.521 304.677 575.879 611.687
100600000 83.8028 475.316 302.005 559.118 611.794
100700000 81.5047 471.939 299.859 553.443 615.765
100800000 96.7667 467.476 297.024 564.243 620.014
100900000 103.561 463.428 294.452 566.989 618.245
101000000 99.7388 470.377 298.867 570.116 617.014
101100000 109.895 474.038 301.193 583.934 615.496
101200000 110.59 462.828 294.07 573.418 616.21
101300000 116.664 469.901 298.565 586.565 614.777
101400000 109.877 469.226 298.135 579.102 615.658
101500000 118.072 470.804 299.138 588.876 613.451
101600000 108.153 469.405 298.25 577.558 614.715
101700000 105.812 478.903 304.284 584.715 615.514
101800000 119.513 465.476 295.753 584.99 614.344
101900000 106.396 466.329 296.295 572.725 611.261
102000000 113.16 476.973 303.058 590.133 609.918
102100000 105.305 469.068 298.035 574.373 612.531
102200000 102.767 472.779 300.393 575.546 614.8
102300000 88.6579 468.155 297.455 556.813 616.832
102400000 94.042 473.695 300.975 567.737 617.115
102500000 96.0869 464.356 295.041 560.443 618.082
102600000 89.0514 472.871 300.451 561.922 617.829
102700000 112.242 471.553 299.614 583.794 618.498
102800000 101.026 475.986 302.431 577.012 619.406
102900000 95.6375 472.167 300.004 567.805 621.398
103000000 92.655 481.659 306.035 574.314 621.925
103100000 90.3111 465.828 295.976 556.139 622.469
103200000 70.3055 478.209 303.843 548.515 624.084
103300000 69.6446 465.293 295.636 534.937 624.525
103400000 88.8188 466.77 296.575 555.588 624.39
103500000 85.27 473.881 301.093 559.151 625.769
103600000 90.9863 473.498 300.85 564.485 625.814
103700000 90.9866 470.506 298.949 561.493 624.193
103800000 106.637 477.468 303.372 584.105 623.798
103900000 115.122 465.483 295.757 580.605 622.177
104000000 120.266 475.443 302.086 595.709 622.999
104100000 110.49 476.04 302.465 586.53 625.957
104200000 107.807 476.496 302.755 584.303 626.304
104300000 86.9158 475.245 301.96 562.161 624.923
104400000 86.1453 478.219 303.85 564.364 623.646
104500000 103.082 473.29 300.718 576.372 623.904
104600000 119.236 478.906 304.286 598.142 623.924
104700000 104.12 473.334 300.746 577.455 623.122
104800000 116.042 477.986 303.701 594.028 622.498
104900000 115.901 466.248 296.243 582.148 623.029
105000000 107.375 477.404 303.332 584.78 623.643
