# Time-averaged data for fix favg
# TimeStep v_vpe v_vke v_vT v_vE v_vRg
100000 -0.742458 763.845 248.549 763.102 73.0113
200000 -235.174 769.967 250.541 534.793 73.7817
300000 -376.961 765.913 249.222 388.951 76.4515
400000 -424.509 780.664 254.022 356.156 79.432
500000 -473.829 771.069 250.9 297.24 80.6906
600000 -509.046 762.887 248.237 253.841 81.8388
700000 -510.106 780.883 254.093 270.777 81.9647
800000 -542.37 776 252.504 233.63 82.2945
900000 -537.088 768.567 250.086 231.479 83.0573
1000000 -557.954 774.359 251.97 216.405 83.6743
1100000 -567.726 770.985 250.872 203.259 84.9357
1200000 -572.378 769.573 250.413 197.195 85.0363
1300000 -583.927 769.851 250.503 185.923 85.4214
1400000 -593.052 761.589 247.815 168.537 86.4991
1500000 -585.713 765.399 249.055 179.686 87.99
1600000 -580.591 768.943 250.208 188.353 91.0487
1700000 -587.327 777.894 253.121 190.567 91.6908
1800000 -616.793 777.857 253.109 161.064 92.3539
1900000 -598.84 760.85 247.575 162.01 93.0167
2000000 -602.135 769.411 250.36 167.276 94.3351
2100000 -605.24 775.788 252.435 170.548 94.7774
2200000 -648.422 773.061 251.548 124.639 95.5786
2300000 -617.438 769.786 250.482 152.348 96.0545
2400000 -600.192 762.691 248.174 162.498 96.227
2500000 -606.539 775.844 252.454 169.305 96.367
2600000 -635.606 773.25 251.609 137.644 97.3925
2700000 -627.94 766.315 249.353 138.375 98.8663
2800000 -634.509 767.854 249.854 133.345 99.3508
2900000 -621.379 764.472 248.753 143.093 99.9346
3000000 -625.434 762.711 248.18 137.277 100.163
3100000 -590.036 763.415 248.409 173.379 100.303
3200000 -589.925 770.018 250.558 180.092 99.6483
3300000 -598.383 764.088 248.628 165.705 99.9878
3400000 -589.849 779.153 253.53 189.305 101.616
3500000 -611.417 769.515 250.394 158.098 101.902
3600000 -589.088 763.367 248.394 174.279 101.924
3700000 -603.667 774.933 252.157 171.266 103.033
3800000 -608.421 767.569 249.761 159.148 105.346
3900000 -585.305 769.96 250.539 184.655 107.19
4000000 -605.88 760.865 247.58 154.985 107.525
4100000 -639.935 753.98 245.339 114.045 107.287
4200000 -631.976 774.787 252.11 142.811 107.096
4300000 -629.99 773.299 251.625 143.309 107.997
4400000 -618.052 777.422 252.967 159.37 108.688
4500000 -643.19 764.729 248.837 121.539 109.578
4600000 -639.619 770.755 250.798 131.136 111.199
4700000 -672.779 771.615 251.078 98.8368 111.637
4800000 -651.566 763.738 248.514 112.172 112.053
4900000 -636.787 765.73 249.162 128.942 111.403
5000000 -622.46 759.751 247.217 137.291 111.624
