# Time-averaged data for fix favg
# TimeStep v_vpe v_vke v_vT v_vE v_vRg
5100000 -117.918 917.729 298.622 799.812 125.037
5200000 -135.173 919.121 299.075 783.948 125.889
5300000 -111.346 922.894 300.302 811.548 128.065
5400000 -54.0366 920.579 299.549 866.542 127.546
5500000 -82.6238 917.987 298.706 835.363 129.252
5600000 -99.5428 927.55 301.817 828.007 129.613
5700000 -63.994 932.672 303.484 868.678 129.976
5800000 -90.7526 930.655 302.828 839.903 130.313
5900000 -86.5411 924.596 300.856 838.054 130.827
6000000 -77.7135 929.773 302.541 852.059 131.92
6100000 -98.0899 922.282 300.103 824.192 132.276
6200000 -100.129 914.218 297.479 814.088 132.408
6300000 -84.805 909.383 295.906 824.578 133.133
6400000 -82.207 923.856 300.616 841.649 133.435
6500000 -117.266 902.137 293.548 784.872 136.124
6600000 -103.99 921.642 299.895 817.653 136.512
6700000 -82.8557 910.55 296.286 827.694 135.796
6800000 -70.5093 930.293 302.71 859.784 135.958
6900000 -57.1594 917.84 298.658 860.68 135.896
7000000 -28.6279 925.721 301.222 897.093 137.18
7100000 -61.1738 910.036 296.119 848.862 137.59
7200000 -92.0613 913.293 297.178 821.232 137.302
7300000 -76.0995 917.464 298.536 841.365 136.25
7400000 -81.564 912.877 297.043 831.313 136.516
7500000 -76.868 921.662 299.902 844.794 136.964
7600000 -108.57 911.257 296.516 802.687 138.235
7700000 -111.118 920.744 299.603 809.626 139.136
7800000 -132.371 917.405 298.516 785.034 140.973
7900000 -156.539 921.971 300.002 765.432 141.367
8000000 -134.902 912.086 296.786 777.184 141.476
8100000 -117.55 924.001 300.663 806.451 140.418
8200000 -108.783 931.409 303.073 822.627 141.346
8300000 -150.489 929.3 302.387 778.811 142.782
8400000 -126.807 926.576 301.501 799.769 143.32
8500000 -120.351 915.625 297.937 795.274 144.804
8600000 -123.879 924.676 300.882 800.797 145.284
8700000 -99.7848 902.262 293.589 802.477 144.225
8800000 -133.012 919.323 299.14 786.31 144.719
8900000 -153.175 927.102 301.672 773.928 146.776
9000000 -140.351 924.549 300.841 784.198 148.541
9100000 -138.167 926.041 301.326 787.874 150.163
9200000 -96.9089 915.253 297.816 818.344 150.827
9300000 -104.513 913.137 297.128 808.624 151.722
9400000 -108.016 914.155 297.459 806.139 153.513
9500000 -137.621 916.926 298.36 779.304 154.01
9600000 -106.912 919.715 299.268 812.803 153.106
9700000 -111.308 925.679 301.209 814.372 152.662
9800000 -86.3537 912.617 296.958 826.263 153.036
9900000 -102.827 927.982 301.958 825.155 154.123
10000000 -106.072 926.28 301.404 820.208 154.323
10100000 -56.5186 930.398 302.744 873.88 155.942
10200000 -56.3708 923.616 300.537 867.245 157.559
10300000 -68.5166 914.966 297.723 846.449 157.63
10400000 -76.679 917.093 298.415 840.414 157.486
10500000 -75.5078 921.332 299.794 845.824 158.253
10600000 -52.2765 922.888 300.3 870.611 159.16
10700000 -70.4679 918.272 298.799 847.804 158.816
10800000 -79.4382 937.979 305.211 858.541 158.721
10900000 -93.1986 927.307 301.738 834.108 159.687
11000000 -81.7229 916.207 298.127 834.485 160.606
11100000 -75.21 916.927 298.361 841.717 162.647
11200000 -95.2119 919.119 299.074 823.908 163.93
11300000 -102.4 915.44 297.877 813.039 163.858
11400000 -108.023 925.515 301.155 817.493 164.71
11500000 -111.916 931.583 303.13 819.667 165.987
11600000 -107.139 930.304 302.713 823.165 166.789
11700000 -91.6991 919.718 299.269 828.019 165.966
11800000 -87.86 919.14 299.081 831.28 166.151
11900000 -104.63 926.34 301.424 821.711 168.03
12000000 -108.581 921.695 299.912 813.115 168.104
12100000 -134.414 920.87 299.644 786.456 168.465
12200000 -117.193 926.83 301.583 809.638 168.758
12300000 -84.8825 935.177 304.299 850.294 169.429
12400000 -107.367 914.447 297.554 807.081 170.612
12500000 -112.166 917.447 298.53 805.28 171.001
12600000 -95.7416 932.727 303.502 836.986 171.636
12700000 -74.8845 921.433 299.827 846.548 172.986
12800000 -110.779 931.727 303.177 820.948 173.124
12900000 -83.7247 931.969 303.255 848.244 173.341
13000000 -87.9014 933.06 303.61 845.158 175.034
13100000 -107.614 914.137 297.453 806.523 174.327
13200000 -123.917 928.463 302.115 804.546 174.383
13300000 -139.488 924.552 300.842 785.064 175.364
13400000 -118.497 908.447 295.601 789.949 176.061
13500000 -139.354 922.71 300.243 783.356 176.402
13600000 -125.55 917.215 298.455 791.665 176.426
13700000 -113.492 927.423 301.776 813.932 175.988
13800000 -112.401 917.953 298.695 805.552 176.533
13900000 -97.6624 922.39 300.138 824.728 176.929
14000000 -67.3196 909.644 295.991 842.324 176.232
14100000 -106.27 921.908 299.982 815.638 176.098
14200000 -129.652 916.467 298.211 786.815 175.951
14300000 -139.675 912.091 296.787 772.416 176.611
14400000 -122.094 928.242 302.043 806.148 178.141
14500000 -90.2186 918.276 298.8 828.057 179.787
14600000 -105.846 924.255 300.745 818.408 180.105
14700000 -93.3808 925.489 301.147 832.109 180.101
14800000 -117.036 903.906 294.124 786.87 180.738
14900000 -115.862 933.632 303.796 817.77 181.456
15000000 -91.003 935.245 304.321 844.242 181.946
15100000 -119.784 922.759 300.259 802.975 183.206
15200000 -143.841 932.719 303.499 788.878 185.898
15300000 -131.435 924.577 300.85 793.141 186.788
15400000 -151.567 918.103 298.743 766.535 187.766
15500000 -154.488 929.992 302.612 775.503 188.261
15600000 -137.745 923.167 300.391 785.421 189.255
15700000 -141.75 927.595 301.832 785.844 188.118
15800000 -108.251 921.084 299.714 812.833 188.713
15900000 -123.655 931.802 303.201 808.147 188.528
16000000 -99.6383 919.41 299.169 819.772 188.847
16100000 -85.4735 913.156 297.134 827.683 189.007
16200000 -89.7104 931.368 303.06 841.657 189.923
16300000 -130.591 925.201 301.053 794.61 189.691
16400000 -119.837 917.822 298.652 797.986 189.822
16500000 -153.169 926.793 301.571 773.625 189.809
16600000 -112.656 914.395 297.537 801.739 190.946
16700000 -119.415 917.815 298.65 798.4 191.199
16800000 -115.774 921.269 299.774 805.494 191.252
16900000 -128.969 911.537 296.607 782.568 191.356
17000000 -130.191 912.958 297.069 782.767 192.925
17100000 -131.683 920.055 299.379 788.373 193.678
17200000 -116.935 937.352 305.007 820.418 193.935
17300000 -138.729 927.65 301.85 788.921 194.725
17400000 -119.891 913.075 297.108 793.184 194.331
17500000 -103.862 917.302 298.483 813.44 194.184
17600000 -90.296 916.961 298.372 826.665 195.068
17700000 -82.1543 915.662 297.949 833.508 194.966
17800000 -33.6588 926.371 301.434 892.713 194.599
17900000 -65.9554 921.367 299.806 855.412 194.862
18000000 -84.3067 920.772 299.612 836.465 195.453
18100000 -123.809 915.911 298.03 792.102 194.83
18200000 -99.6031 929.495 302.45 829.892 195.121
18300000 -94.6542 920.434 299.502 825.78 196.583
18400000 -34.6787 927.306 301.738 892.627 196.704
18500000 -55.4355 923.304 300.436 867.869 198.649
18600000 -88.962 929.211 302.358 840.249 200.326
18700000 -58.5513 927.14 301.684 868.589 200.085
18800000 -69.5304 917.202 298.45 847.672 200.335
18900000 -67.3923 920.859 299.64 853.467 201.819
19000000 -125.151 930.327 302.721 805.176 202.092
19100000 -142.609 925.587 301.179 782.978 201.548
19200000 -103.163 914.786 297.664 811.623 202.843
19300000 -55.5228 931.976 303.258 876.453 203.058
19400000 -45.335 924.277 300.753 878.942 203.9
19500000 -66.4821 917.288 298.478 850.806 204.011
19600000 -145.253 926.585 301.504 781.332 204.232
19700000 -148.55 916.843 298.334 768.294 205.53
19800000 -137.959 926.573 301.5 788.614 206.516
19900000 -143.151 929.742 302.531 786.59 208.309
20000000 -159.44 909.192 295.844 749.752 209.488
20100000 -113.748 926.186 301.374 812.439 209.145
20200000 -92.0905 916.685 298.282 824.594 209.134
20300000 -35.8902 906.208 294.873 870.318 209.798
20400000 -108.797 920.149 299.409 811.353 211.171
20500000 -97.2341 923.327 300.443 826.093 211.791
20600000 -98.8598 934.061 303.936 835.202 213.166
20700000 -154.817 919.131 299.078 764.314 213.231
20800000 -140.909 924.94 300.968 784.032 211.935
20900000 -111.561 936.712 304.799 825.151 212.217
21000000 -89.271 922.345 300.124 833.074 213.474
21100000 -128.619 915.892 298.024 787.273 214.691
21200000 -98.6646 914.92 297.708 816.256 215.397
21300000 -83.4618 915.542 297.91 832.08 217.501
21400000 -100.29 919.087 299.064 818.797 218.554
21500000 -146.152 929.837 302.562 783.685 220.067
21600000 -155.14 928.123 302.004 772.983 221.32
21700000 -135.451 918.715 298.943 783.264 221.24
21800000 -91.7973 941.936 306.499 850.139 222.184
21900000 -33.2063 935.761 304.489 902.555 222.48
22000000 -69.8668 931.31 303.041 861.444 223.271
22100000 -59.9857 926.588 301.505 866.603 224.151
22200000 -79.6932 921.495 299.847 841.802 224.637
22300000 -99.3863 909.559 295.963 810.172 224.375
22400000 -122.578 910.788 296.363 788.21 224.816
22500000 -108.112 930.435 302.756 822.323 225.411
22600000 -94.7233 916.558 298.241 821.834 226.52
22700000 -53.7651 930.094 302.645 876.329 226.349
22800000 -79.2456 918.15 298.759 838.904 227.185
22900000 -124.32 921.352 299.801 797.031 227.46
23000000 -115.112 912.329 296.865 797.217 227.829
23100000 -56.5417 933.975 303.908 877.433 228.847
23200000 -90.0166 931.568 303.125 841.551 229.69
23300000 -125.678 910.889 296.396 785.211 230.283
23400000 -76.5744 917.379 298.508 840.805 231.19
23500000 -119.259 915.265 297.82 796.006 231.102
23600000 -111.18 937.011 304.896 825.832 231.755
23700000 -114.342 919.561 299.218 805.219 232.882
23800000 -90.0498 925.634 301.194 835.584 232.514
23900000 -97.7833 930.855 302.893 833.072 232.945
24000000 -106.389 923.538 300.512 817.149 233.903
24100000 -126.141 931.165 302.994 805.025 234.918
24200000 -102.601 919.318 299.139 816.717 235.677
24300000 -86.7651 933.33 303.698 846.565 236.464
24400000 -78.0504 929.282 302.381 851.231 237.69
24500000 -109.705 930.149 302.663 820.444 237.702
24600000 -65.1823 928.424 302.102 863.241 237.767
24700000 -42.2838 927.779 301.892 885.495 237.851
24800000 -59.8285 922.299 300.109 862.47 238.604
24900000 -45.8666 912.702 296.986 866.835 239.151
25000000 -85.8868 915.194 297.797 829.307 239.309
25100000 -100.158 928.437 302.106 828.278 240.985
25200000 -101.948 917.48 298.541 815.532 241.926
25300000 -65.3025 921.756 299.932 856.453 242.002
25400000 -61.7157 919.437 299.178 857.721 241.58
25500000 -61.5085 923.569 300.522 862.061 242.031
25600000 -105.195 912.259 296.842 807.064 242.14
25700000 -112.255 917.393 298.512 805.138 243.178
25800000 -153.186 933.572 303.777 780.386 243.828
25900000 -94.7874 916.216 298.129 821.428 244.184
26000000 -98.7552 936.306 304.666 837.551 242.881
26100000 -115.719 914.96 297.721 799.242 243.618
26200000 -77.2504 934.239 303.994 856.989 244.439
26300000 -50.3045 926.764 301.562 876.459 244.754
26400000 -105.302 929.178 302.347 823.877 244.871
26500000 -96.3897 916.085 298.087 819.695 245.593
26600000 -104.898 912.976 297.075 808.078 245.738
26700000 -59.6158 922.649 300.223 863.033 245.621
26800000 -79.3978 907.44 295.274 828.042 244.842
26900000 -78.2504 924.741 300.903 846.491 243.993
27000000 -105.923 926.658 301.527 820.736 244.673
27100000 -114.228 918.637 298.917 804.409 244.902
27200000 -96.7472 909.374 295.903 812.626 244.005
27300000 -54.4147 922.448 300.157 868.033 244.749
27400000 -89.3222 927.585 301.829 838.263 244.981
27500000 -63.9251 929.07 302.312 865.145 244.631
27600000 -98.1014 916.308 298.159 818.207 244.592
27700000 -71.9919 918.074 298.734 846.082 245.467
27800000 -84.2079 919.288 299.129 835.08 246.374
27900000 -106.704 930.61 302.813 823.905 246.256
28000000 -140.822 919.668 299.253 778.846 245.576
28100000 -150.196 925.107 301.023 774.911 244.435
28200000 -149.352 927.471 301.792 778.118 245.098
28300000 -74.0422 909.031 295.791 834.988 245.279
28400000 -97.2665 921.952 299.996 824.686 245.645
28500000 -89.1628 927.509 301.804 838.346 246.814
28600000 -136.257 909.705 296.011 773.447 247.187
28700000 -113.181 926.692 301.538 813.511 247.7
28800000 -99.1926 909.579 295.97 810.386 247.823
28900000 -106.065 909.73 296.019 803.666 248.007
29000000 -78.2544 920.974 299.678 842.72 248.862
29100000 -102.142 923.273 300.426 821.131 250.065
29200000 -90.2083 928.114 302.001 837.905 250.503
29300000 -102.532 909.577 295.969 807.044 249.829
29400000 -75 923.438 300.479 848.438 249.682
29500000 -50.9315 923.086 300.365 872.155 249.907
29600000 -94.8004 908.839 295.729 814.039 250.529
29700000 -94.3195 920.579 299.549 826.26 251.506
29800000 -88.4692 909.418 295.917 820.949 251.27
29900000 -34.6233 922.219 300.083 887.596 252.377
30000000 -56.6572 912.919 297.057 856.261 252.667
30100000 -77.8544 924.615 300.862 846.761 252.818
30200000 -99.6331 921.247 299.767 821.614 253.663
30300000 -123.469 914.248 297.489 790.779 253.444
30400000 -127.618 920.451 299.508 792.833 252.315
30500000 -120.561 918.262 298.795 797.701 252.513
30600000 -92.0776 928.564 302.147 836.486 252.961
30700000 -114.138 919.255 299.118 805.117 254.26
30800000 -108.859 924.917 300.961 816.057 254.598
30900000 -126.2 914.227 297.482 788.028 254.163
31000000 -128.758 920.764 299.609 792.005 254.121
31100000 -99.8358 915.721 297.968 815.885 254.332
31200000 -85.585 922.563 300.195 836.978 254.442
31300000 -97.4219 921.275 299.776 823.853 256.021
31400000 -100.692 919.958 299.347 819.266 256.713
31500000 -105.731 926.107 301.348 820.376 256.982
31600000 -82.9531 911.108 296.467 828.155 257.32
31700000 -90.3644 915.147 297.781 824.782 257.365
31800000 -123.86 920.707 299.591 796.847 256.806
31900000 -152.784 920.15 299.41 767.366 256.551
32000000 -147.758 920.593 299.554 772.835 255.541
32100000 -127.183 909.303 295.88 782.12 255.389
32200000 -102.849 925.804 301.249 822.955 255.655
32300000 -124.788 929.571 302.475 804.783 255.588
32400000 -142.122 911.597 296.626 769.475 255.627
32500000 -95.1097 928.104 301.998 832.994 256.526
32600000 -61.1287 920.998 299.686 859.87 257.313
32700000 -93.9588 923.238 300.414 829.279 256.875
32800000 -112.687 916.105 298.093 803.418 257.186
32900000 -105.377 925.787 301.244 820.41 257.475
33000000 -64.8632 915.503 297.897 850.64 258.226
33100000 -72.839 917.29 298.479 844.451 259.312
33200000 -94.3661 914.182 297.468 819.816 260.238
33300000 -87.7073 918.338 298.82 830.631 260.945
33400000 -101.135 925.556 301.168 824.42 260.244
33500000 -115.397 926.204 301.379 810.806 260.598
33600000 -83.4678 930.675 302.834 847.208 261.871
33700000 -64.1543 907.11 295.166 842.956 262.655
33800000 -104.653 932.997 303.59 828.344 262.964
33900000 -75.3388 919.979 299.354 844.641 263.302
34000000 -71.7134 940.828 306.138 869.114 262.559
34100000 -79.5787 927.082 301.665 847.503 263.075
34200000 -97.4777 933.526 303.762 836.048 264.186
34300000 -82.7539 919.394 299.164 836.64 264.491
34400000 -114.724 927.027 301.647 812.302 265.437
34500000 -88.0552 909.033 295.792 820.978 266.433
34600000 -111.961 927.332 301.747 815.371 267.739
34700000 -121.588 905.232 294.555 783.644 267.111
34800000 -128.76 924.86 300.942 796.1 267.773
34900000 -151.192 921.514 299.853 770.323 267.549
35000000 -116.665 929.317 302.392 812.652 266.925
35100000 -101.924 914.877 297.694 812.953 266.352
35200000 -84.0605 911.193 296.495 827.132 266.108
35300000 -62.3972 921.066 299.708 858.669 265.177
35400000 -88.9252 923.188 300.398 834.262 264.865
35500000 -99.4055 919.572 299.221 820.167 264.544
35600000 -106.479 926.546 301.491 820.067 264.807
35700000 -150.491 917.218 298.456 766.727 263.953
35800000 -95.4204 922.918 300.31 827.497 264.287
35900000 -110.449 925.801 301.248 815.352 264.47
36000000 -118.872 920.796 299.62 801.923 264.408
36100000 -69.0638 936.066 304.589 867.002 264.428
36200000 -98.3615 915.499 297.896 817.137 265.089
36300000 -124.442 929.32 302.393 804.878 264.976
36400000 -136.036 931.608 303.138 795.572 264.926
36500000 -90.359 931.186 303.001 840.827 264.943
36600000 -107.98 920.899 299.653 812.918 265.736
36700000 -145.158 913.477 297.238 768.319 266.006
36800000 -97.9053 916.975 298.376 819.07 265.254
36900000 -100.437 919.888 299.324 819.451 265.846
37000000 -97.2568 921.478 299.842 824.221 266.702
37100000 -82.7722 932.149 303.314 849.376 267.497
37200000 -109.366 915.734 297.973 806.368 267.544
37300000 -95.9085 925.335 301.097 829.426 267.176
37400000 -110.641 915.88 298.02 805.239 267.579
37500000 -108.836 913.797 297.342 804.961 268.191
37600000 -84.3777 919.884 299.323 835.507 268.615
37700000 -108.237 927.639 301.846 819.401 269.594
37800000 -90.2717 931.485 303.098 841.213 270.328
37900000 -62.4131 909.799 296.041 847.386 271.44
38000000 -71.4481 922.366 300.131 850.918 272.213
38100000 -71.2 928.088 301.993 856.888 273.121
38200000 -99.5323 918.668 298.927 819.136 274.398
38300000 -67.1853 931.718 303.174 864.533 275.176
38400000 -100.212 921.857 299.965 821.645 275.774
38500000 -95.1835 933.768 303.841 838.584 276.682
38600000 -79.9038 926.731 301.551 846.827 275.969
38700000 -68.5587 929.254 302.372 860.695 276.982
38800000 -100.019 936.136 304.611 836.117 277.216
38900000 -90.2628 928.089 301.993 837.827 276.797
39000000 -86.9361 926.275 301.403 839.339 276.69
39100000 -62.0081 917.075 298.409 855.066 277.29
39200000 -89.1098 922.189 300.073 833.079 277.836
39300000 -95.425 927.884 301.926 832.459 279.025
39400000 -104.222 926.324 301.419 822.102 280.978
39500000 -101.034 916.578 298.247 815.544 282.114
39600000 -70.3364 930.306 302.714 859.97 282.902
39700000 -83.2323 911.779 296.686 828.547 283.462
39800000 -76.971 927.67 301.856 850.699 282.582
39900000 -99.1659 921.943 299.993 822.777 282.846
40000000 -108.949 925.487 301.146 816.539 283.786
40100000 -76.8973 930.473 302.769 853.576 283.908
40200000 -90.0155 933.736 303.83 843.721 282.411
40300000 -87.7966 930.123 302.655 842.327 282.723
40400000 -83.8465 920.899 299.653 837.053 282.692
40500000 -113.628 927.194 301.702 813.566 281.198
40600000 -146.211 919.031 299.045 772.82 280.459
40700000 -137.137 917.99 298.707 780.853 281.177
40800000 -103.516 922.216 300.082 818.7 281.667
40900000 -96.5985 908.935 295.76 812.337 281.455
41000000 -96.2633 921.518 299.855 825.255 282.212
41100000 -102.878 913.794 297.341 810.915 282.752
41200000 -146.248 922.885 300.3 776.637 282.845
41300000 -124.509 920.682 299.583 796.172 282.317
41400000 -93.0304 909.763 296.03 816.733 283.97
41500000 -106.144 926.646 301.523 820.502 285.579
41600000 -113.773 909.586 295.972 795.813 284.916
41700000 -76.3131 911.15 296.481 834.837 284.051
41800000 -44.8841 919.185 299.095 874.3 284.414
41900000 -88.092 929.029 302.299 840.937 284.945
42000000 -78.3842 929.453 302.437 851.069 286.571
42100000 -129.356 929.793 302.547 800.436 286.558
42200000 -117.88 935.362 304.359 817.481 286.795
42300000 -77.4767 926.103 301.347 848.627 286.5
42400000 -51.0679 912.468 296.91 861.4 285.772
42500000 -48.4647 915.166 297.788 866.701 284.791
42600000 -80.2627 914.552 297.588 834.29 285.53
42700000 -90.2669 915.753 297.979 825.486 286.798
42800000 -94.8678 931.605 303.137 836.738 286.855
42900000 -99.0467 920.113 299.397 821.066 287.289
43000000 -128.859 920.483 299.518 791.623 287.261
43100000 -107.297 912.523 296.928 805.226 288.044
43200000 -87.9017 921.802 299.947 833.901 288.653
43300000 -90.6286 928.407 302.096 837.779 289.219
43400000 -85.7849 917.369 298.505 831.584 289.608
43500000 -96.3263 904.708 294.385 808.382 290.087
43600000 -100.256 925.067 301.009 824.811 290.294
43700000 -68.3858 915.725 297.97 847.339 290.952
43800000 -44.5164 928.382 302.088 883.866 291.193
43900000 -67.1799 923.249 300.418 856.069 292.608
44000000 -75.6399 923.695 300.563 848.055 292.653
44100000 -100.739 921.893 299.977 821.155 293.281
44200000 -103.426 923.615 300.537 820.189 293.341
44300000 -54.3422 917.37 298.505 863.028 293.367
44400000 -111.038 922.051 300.028 811.013 292.694
44500000 -124.639 921.059 299.705 796.419 292.34
44600000 -148.441 938.072 305.241 789.631 292.83
44700000 -170.951 920.817 299.627 749.866 293.742
44800000 -138.978 927.637 301.846 788.659 294.491
44900000 -108.863 931.035 302.951 822.172 294.542
45000000 -145.856 919.549 299.214 773.693 294.021
45100000 -92.1713 904.08 294.18 811.908 295.095
45200000 -108.834 932.537 303.44 823.703 295.757
45300000 -102.502 924.441 300.806 821.939 295.389
45400000 -110.86 912.425 296.896 801.565 296.022
45500000 -129.969 924.72 300.897 794.751 295.614
45600000 -90.1604 913.439 297.226 823.278 295.666
45700000 -120.354 924.727 300.899 804.374 295.582
45800000 -70.1472 923.065 300.358 852.917 295.757
45900000 -78.0623 920.254 299.443 842.191 296.147
46000000 -94.3513 921.253 299.769 826.902 295.894
46100000 -80.2686 907.714 295.363 827.445 296.449
46200000 -104.821 913.762 297.331 808.941 296.496
46300000 -143.483 918.865 298.991 775.382 297.172
46400000 -119.973 920.664 299.577 800.69 298.11
46500000 -79.275 927.311 301.74 848.036 299.546
46600000 -122.461 929.972 302.606 807.511 299.889
46700000 -123.728 917.499 298.547 793.771 300.328
46800000 -122.072 914.381 297.533 792.309 301.608
46900000 -116.633 919.494 299.196 802.861 302.003
47000000 -152.408 913.024 297.091 760.616 302.904
47100000 -125.481 935.236 304.318 809.755 303.232
47200000 -87.9659 919.347 299.148 831.381 303.272
47300000 -81.0636 929.702 302.518 848.638 304.03
47400000 -53.3367 921.262 299.771 867.925 305.252
47500000 -56.7865 920.675 299.58 863.889 306.332
47600000 -53.8349 930.155 302.665 876.32 306.249
47700000 -78.462 927.642 301.847 849.18 307.153
47800000 -119.851 920.3 299.459 800.45 307.798
47900000 -127.903 926.171 301.369 798.268 308.546
48000000 -108.952 923.298 300.434 814.346 309.013
48100000 -76.1997 917.255 298.468 841.056 308.441
48200000 -60.3301 936.317 304.67 875.986 307.53
48300000 -22.5357 920.23 299.436 897.694 308.041
48400000 -81.467 926.847 301.589 845.38 309.132
48500000 -85.066 923.005 300.339 837.939 311.042
48600000 -101.821 921.666 299.903 819.845 310.847
48700000 -129.43 930.193 302.678 800.763 311.725
48800000 -95.0175 916.431 298.199 821.414 313.987
48900000 -60.9091 915.314 297.836 854.405 315.136
49000000 -53.7635 915.254 297.816 861.49 314.559
49100000 -80.5031 912.587 296.949 832.084 314.043
49200000 -141.619 919.769 299.286 778.15 313.843
49300000 -120.729 915.993 298.057 795.264 314.63
49400000 -90.3527 905.146 294.527 814.793 313.889
49500000 -126.759 921.003 299.687 794.244 313.721
49600000 -85.9017 919.57 299.221 833.668 313.928
49700000 -67.9978 918.77 298.96 850.772 314.266
49800000 -58.1448 916.127 298.101 857.982 314.905
49900000 -85.4478 925.469 301.14 840.021 316.278
50000000 -76.819 915.501 297.897 838.682 316.999
50100000 -66.8303 936.74 304.808 869.909 316.993
50200000 -123.22 929.027 302.298 805.807 317.804
50300000 -140.391 913.141 297.129 772.749 318.095
50400000 -172.452 914.576 297.596 742.123 318.979
50500000 -139.13 933.371 303.712 794.241 318.673
50600000 -117.615 929.514 302.457 811.899 317.859
50700000 -98.2593 915.819 298 817.56 317.991
50800000 -66.8901 918.434 298.851 851.544 317.942
50900000 -39.3079 918.387 298.836 879.079 317.264
51000000 -77.7688 920.284 299.453 842.515 316.96
51100000 -90.1637 924.5 300.825 834.336 317.361
51200000 -108.067 929.756 302.535 821.689 316.853
51300000 -120.109 929.692 302.515 809.583 316.968
51400000 -105.235 920.848 299.637 815.613 317.795
51500000 -127.384 922.269 300.099 794.885 317.835
51600000 -106.102 922.643 300.221 816.541 318.471
51700000 -81.3068 922.021 300.018 840.714 319.788
51800000 -87.6199 917.822 298.652 830.202 320.442
51900000 -152.769 908.017 295.462 755.249 320.534
52000000 -136.39 917.156 298.435 780.765 320.751
52100000 -124.574 935.313 304.343 810.739 320.531
52200000 -116.253 928.067 301.986 811.814 322.062
52300000 -100.209 942.17 306.575 841.961 322.268
52400000 -82.9183 922.445 300.156 839.527 323.688
52500000 -126.498 922.476 300.167 795.979 325.385
52600000 -132.741 929.319 302.393 796.579 326.358
52700000 -161.592 913.988 297.404 752.396 327.749
52800000 -154.336 920.166 299.415 765.831 328.267
52900000 -163.613 917.542 298.561 753.93 328.579
53000000 -142.937 914.334 297.517 771.397 328.919
53100000 -123.734 932.986 303.586 809.252 328.885
53200000 -107.845 929.019 302.295 821.174 329.619
53300000 -27.6695 920.675 299.58 893.005 330.07
53400000 -54.6295 913.401 297.214 858.772 331.76
53500000 -60.9709 925.726 301.224 864.755 332.03
53600000 -95.5728 923.638 300.545 828.065 331.856
53700000 -102.335 926.557 301.494 824.222 331.946
53800000 -118.475 923.352 300.451 804.877 332.182
53900000 -91.4432 911.959 296.744 820.515 331.592
54000000 -144.251 920.278 299.451 776.027 332.994
54100000 -113.445 930.261 302.7 816.816 333.503
54200000 -90.2202 915.856 298.012 825.636 334.086
54300000 -112.845 924.555 300.843 811.71 333.657
54400000 -124.394 919.257 299.119 794.863 333.591
54500000 -97.9485 921.597 299.88 823.648 334.073
54600000 -81.5926 933.176 303.648 851.584 334.148
54700000 -94.1583 926.727 301.55 832.569 333.285
54800000 -118.148 929.464 302.44 811.316 334.516
54900000 -88.5457 924.625 300.866 836.08 335.404
55000000 -89.1281 902.575 293.691 813.447 336.48
55100000 -82.4313 923.949 300.646 841.518 337.414
55200000 -105.144 933.755 303.837 828.611 338.007
55300000 -83.9079 918.878 298.996 834.97 337.939
55400000 -60.2867 923.76 300.584 863.474 338.113
55500000 -63.5614 925.928 301.29 862.367 338.169
55600000 -98.813 920.315 299.463 821.502 337.16
55700000 -40.4074 920.299 299.458 879.892 338.122
55800000 -14.8614 920.192 299.423 905.33 339.004
55900000 -34.9302 932.097 303.297 897.166 338.177
56000000 -73.0656 923.155 300.387 850.09 337.789
56100000 -108.128 918.712 298.942 810.584 337.641
56200000 -117.774 909.316 295.884 791.542 336.901
56300000 -122.78 923.774 300.589 800.994 338.154
56400000 -85.046 926.274 301.402 841.228 338.793
56500000 -91.1621 920.667 299.578 829.505 340.057
56600000 -101.48 928.199 302.029 826.719 339.073
56700000 -100.96 940.132 305.912 839.172 339.791
56800000 -53.2491 928.931 302.267 875.682 340.442
56900000 -56.1331 929.947 302.598 873.814 340.694
57000000 -74.423 920.134 299.404 845.711 341.178
57100000 -70.5156 930.335 302.724 859.819 341.806
57200000 -97.7851 920.671 299.579 822.886 344.014
57300000 -106.39 928.293 302.059 821.903 343.97
57400000 -157.393 918.14 298.756 760.747 343.324
57500000 -122.253 909.475 295.936 787.222 343.039
57600000 -75.4866 926.312 301.415 850.826 343.09
57700000 -105.953 917.889 298.674 811.936 343.534
57800000 -99.473 936.965 304.881 837.492 344.532
57900000 -154.242 917.435 298.526 763.193 344.548
58000000 -135.205 923.153 300.387 787.948 344.616
58100000 -130.275 921.108 299.721 790.833 345.246
58200000 -113.329 920.24 299.439 806.911 345.894
58300000 -81.1924 927.223 301.711 846.031 346.697
58400000 -88.7088 927.73 301.876 839.021 347.278
58500000 -59.2778 909.138 295.826 849.861 346.808
58600000 -90.9593 921.739 299.927 830.78 347.512
58700000 -72.057 922.385 300.137 850.328 348.636
58800000 -70.8397 912.433 296.899 841.594 347.507
58900000 -103.538 926.042 301.327 822.504 348.059
59000000 -87.2537 908.793 295.714 821.54 348.151
59100000 -86.0665 906.86 295.085 820.793 349.139
59200000 -97.3037 912.304 296.857 815.001 350.096
59300000 -82.07 918.319 298.814 836.249 349.953
59400000 -117.932 929.692 302.515 811.76 350.791
59500000 -136.158 900.925 293.154 764.767 351.192
59600000 -123.387 920.194 299.424 796.807 350.914
59700000 -107.32 923.722 300.572 816.402 351.983
59800000 -93.319 921.745 299.929 828.426 352.256
59900000 -96.9237 917.594 298.578 820.67 353.192
60000000 -100.68 907.755 295.376 807.074 354.65
60100000 -118.945 920.761 299.608 801.816 355.303
60200000 -72.5901 918.522 298.88 845.932 355.077
60300000 -105.2 925.133 301.031 819.933 355.174
60400000 -104.967 933.304 303.69 828.336 354.261
60500000 -113.407 940.685 306.092 827.278 353.804
60600000 -95.998 926.684 301.536 830.686 354.299
60700000 -71.1274 929.674 302.509 858.547 353.246
60800000 -110.193 925.863 301.269 815.67 353.628
60900000 -110.823 930.574 302.802 819.751 354.997
61000000 -121.388 915.787 297.99 794.399 354.613
61100000 -139.308 928.529 302.136 789.221 353.167
61200000 -63.5404 920.345 299.473 856.804 353.234
61300000 -51.9751 914.303 297.507 862.328 353.66
61400000 -68.7026 923.024 300.345 854.322 354.153
61500000 -110.654 924.373 300.784 813.719 355.253
61600000 -65.4651 927.455 301.787 861.99 356.266
61700000 -69.5527 917.843 298.659 848.29 356.997
61800000 -62.1574 923.909 300.633 861.752 358.563
61900000 -75.1501 925.175 301.045 850.025 359.514
62000000 -77.6018 931.605 303.137 854.003 360.441
62100000 -73.987 932.059 303.285 858.072 360.349
62200000 -100.922 923.158 300.388 822.236 360.818
62300000 -88.2911 914.635 297.615 826.344 359.956
62400000 -80.3217 934.739 304.157 854.417 360.351
62500000 -97.902 924.137 300.707 826.235 359.52
62600000 -94.4635 911.036 296.444 816.572 358.704
62700000 -110.522 930.694 302.84 820.171 359.745
62800000 -156.502 923.962 300.65 767.46 359.894
62900000 -98.5246 938.946 305.526 840.422 360.897
63000000 -80.9616 922.355 300.127 841.394 361.12
63100000 -108.026 917.665 298.601 809.638 361.698
63200000 -118.558 920 299.361 801.442 361.57
63300000 -70.2543 919.859 299.315 849.604 361.192
63400000 -48.6879 916.17 298.114 867.482 361.604
63500000 -53.8322 909.379 295.905 855.547 361.188
63600000 -48.569 916.018 298.065 867.449 360.281
63700000 -59.9273 934.429 304.056 874.502 360.559
63800000 -45.926 926.996 301.637 881.07 360.021
63900000 -112.662 924.188 300.723 811.525 361.141
64000000 -105.245 907.552 295.31 802.307 361.097
64100000 -140.568 914.135 297.452 773.567 360.552
64200000 -158.181 930.771 302.865 772.589 360.161
64300000 -122.957 922.887 300.3 799.93 361.057
64400000 -84.2315 926.912 301.61 842.681 361.514
64500000 -97.5189 910.542 296.283 813.023 362.807
64600000 -109.475 912.964 297.071 803.489 363.909
64700000 -130.694 920.916 299.659 790.222 364.983
64800000 -112.423 907.248 295.211 794.825 366.34
64900000 -92.3905 914.153 297.458 821.762 366.723
65000000 -124.693 920.564 299.544 795.871 367.664
65100000 -93.9477 932.946 303.573 838.998 367.514
65200000 -95.3139 923.426 300.475 828.112 367.489
65300000 -94.1092 920.597 299.555 826.488 367.144
65400000 -122.264 915.321 297.838 793.057 367.253
65500000 -126.238 917.414 298.519 791.176 367.912
65600000 -111.534 922.222 300.084 810.688 369.223
65700000 -138.969 918.742 298.951 779.773 369.15
65800000 -68.9246 932.194 303.329 863.269 367.864
65900000 -112.276 926.869 301.596 814.593 368.773
66000000 -129.685 930.042 302.628 800.357 369.548
66100000 -115.559 924.745 300.905 809.186 369.259
66200000 -133.189 916.25 298.14 783.061 370.051
66300000 -116.568 922.491 300.171 805.922 369.877
66400000 -113.229 909.592 295.974 796.363 370.691
66500000 -108.865 931.506 303.105 822.64 370.733
66600000 -102.608 918.973 299.026 816.364 370.344
66700000 -111.385 933.699 303.818 822.314 370.839
66800000 -127.811 928.756 302.21 800.946 370.681
66900000 -143.592 921.278 299.776 777.686 371.567
67000000 -131.382 915.468 297.886 784.086 372.815
67100000 -100.114 920.688 299.585 820.574 372.572
67200000 -123.264 933.027 303.6 809.762 373.233
67300000 -119.785 933.212 303.66 813.427 374.27
67400000 -104.6 915.704 297.963 811.103 374.413
67500000 -72.2666 923.626 300.541 851.36 375.147
67600000 -56.365 930.076 302.639 873.711 376.127
67700000 -53.6817 928.483 302.121 874.801 377.401
67800000 -94.484 916.549 298.238 822.065 377.044
67900000 -101.978 923.008 300.34 821.031 376.253
68000000 -96.0723 926.739 301.554 830.667 376.156
68100000 -139.477 915.983 298.054 776.507 377.034
68200000 -148.453 929.919 302.588 781.467 377.398
68300000 -152.849 931.345 303.052 778.496 376.737
68400000 -127.511 916.263 298.145 788.752 377.253
68500000 -110.015 922.951 300.321 812.936 376.991
68600000 -125.245 913.404 297.215 788.159 376.507
68700000 -90.992 921.291 299.781 830.299 377.002
68800000 -94.2709 921.388 299.812 827.117 378.862
68900000 -90.1973 901.656 293.392 811.459 379.504
69000000 -85.2358 920.527 299.532 835.291 381.172
69100000 -64.221 911.993 296.755 847.772 381.733
69200000 -55.0306 922.488 300.17 867.457 382.659
69300000 -91.2064 925.11 301.023 833.903 382.836
69400000 -112.314 925.448 301.134 813.135 382.634
69500000 -101.193 925.731 301.225 824.538 382.455
69600000 -128.083 930.492 302.775 802.409 382.749
69700000 -143.653 915.205 297.801 771.552 383.939
69800000 -121.07 922.462 300.162 801.392 384.507
69900000 -105.778 924.439 300.805 818.661 384.602
70000000 -117.747 921.252 299.768 803.505 384.74
70100000 -126.031 922.028 300.02 795.997 385.247
70200000 -119.508 917.201 298.45 797.693 385.781
70300000 -141.44 925.581 301.177 784.141 385.038
70400000 -115.677 918.884 298.998 803.206 384.367
70500000 -104.463 920.23 299.436 815.767 384.666
70600000 -80.689 924.725 300.898 844.036 385.149
70700000 -90.3176 936.095 304.598 845.778 386.4
70800000 -77.3724 914.153 297.458 836.78 387.389
70900000 -100.179 913.969 297.398 813.79 387.501
71000000 -146.647 932.098 303.297 785.452 386.774
71100000 -142.714 927.633 301.845 784.919 387.698
71200000 -135.496 930.881 302.901 795.385 388.01
71300000 -98.8451 925.226 301.061 826.381 388.829
71400000 -129.316 926.987 301.634 797.671 389.327
71500000 -130.689 916.721 298.294 786.032 389.632
71600000 -131.282 917.188 298.446 785.906 388.9
71700000 -122.477 925.472 301.141 802.995 388.585
71800000 -106.527 925.588 301.179 819.061 389.568
71900000 -128.577 922.073 300.035 793.495 389.485
72000000 -138.999 937.062 304.913 798.064 389.484
72100000 -126.674 925.298 301.085 798.624 388.542
72200000 -138.451 911.022 296.44 772.572 388.142
72300000 -93.6093 939.319 305.647 845.71 388.26
72400000 -95.8961 907.756 295.377 811.859 388.425
72500000 -25.1791 919.947 299.344 894.768 390.017
72600000 -37.0879 914.283 297.5 877.195 389.981
72700000 -95.3366 912.314 296.86 816.977 391.116
72800000 -114.091 941.813 306.459 827.722 392.095
72900000 -121.385 916.817 298.325 795.432 391.807
73000000 -108.334 930.33 302.722 821.996 392.535
73100000 -118.863 916.167 298.114 797.304 393.254
73200000 -98.3879 922.865 300.293 824.477 393.584
73300000 -146.287 916.785 298.315 770.498 393.4
73400000 -123.411 915.264 297.82 791.853 393.38
73500000 -113.738 919.258 299.119 805.52 392.941
73600000 -109.383 917.387 298.51 808.004 393.706
73700000 -98.1261 925.968 301.303 827.842 393.595
73800000 -88.7126 926.624 301.516 837.912 392.745
73900000 -51.1762 920.006 299.363 868.83 393.631
74000000 -63.5326 910.178 296.165 846.645 393.583
74100000 -72.1321 915.77 297.984 843.638 395.341
74200000 -109.847 935.379 304.365 825.532 396.077
74300000 -102.39 929.453 302.437 827.063 394.921
74400000 -67.2048 928.632 302.169 861.427 395.957
74500000 -99.9803 924.672 300.881 824.692 396.419
74600000 -143.187 939.407 305.676 796.22 396.655
74700000 -135.25 911.247 296.513 775.997 397.042
74800000 -112.2 917.052 298.402 804.853 397.356
74900000 -128.366 924.579 300.851 796.213 397.458
75000000 -150.588 919.701 299.263 769.113 397.23
75100000 -147.496 925.817 301.254 778.321 396.507
75200000 -145.287 921.883 299.973 776.596 397.485
75300000 -132.839 926.275 301.403 793.436 397.921
75400000 -147.2 922.711 300.243 775.511 397.842
75500000 -129.454 920.782 299.615 791.328 398.281
75600000 -115.242 929.554 302.47 814.312 398.453
75700000 -116.459 924.818 300.929 808.36 399.124
75800000 -156.771 916.685 298.282 759.914 400.595
75900000 -142.763 937.501 305.055 794.738 400.647
76000000 -143.593 917.029 298.394 773.436 401.218
76100000 -139.013 917.213 298.454 778.201 401.556
76200000 -131.911 931.904 303.234 799.992 402.425
76300000 -121.693 916.719 298.293 795.025 403.518
76400000 -116.03 931.709 303.171 815.678 403.993
76500000 -90.7632 923.529 300.509 832.766 404.072
76600000 -105.53 917.571 298.57 812.041 404.598
76700000 -80.9734 922.959 300.324 841.986 404.714
76800000 -93.5646 928.719 302.198 835.155 405.283
76900000 -85.7165 913.204 297.15 827.488 404.686
77000000 -99.0748 915.676 297.954 816.601 403.986
77100000 -98.2464 935.63 304.447 837.384 403.4
77200000 -78.2805 939.41 305.676 861.129 404.052
77300000 -91.1723 918.2 298.775 827.028 403.92
77400000 -105.891 916.094 298.09 810.202 404.335
77500000 -123.054 929.453 302.437 806.399 405.663
77600000 -82.4385 917.352 298.499 834.914 406.597
77700000 -81.7889 925.769 301.238 843.98 407.461
77800000 -60.8926 924.791 300.92 863.898 407.107
77900000 -67.6904 922.41 300.145 854.72 407.66
78000000 -98.3959 914.038 297.421 815.642 405.784
78100000 -92.9709 922.644 300.221 829.673 405.83
78200000 -75.3812 922.509 300.177 847.128 405.689
78300000 -112.684 923.04 300.35 810.356 405.22
78400000 -88.8637 917.977 298.703 829.114 405.399
78500000 -94.7194 924.367 300.782 829.648 404.691
78600000 -99.4591 935.46 304.391 836.001 405.392
78700000 -71.9809 918.12 298.749 846.139 406.639
78800000 -42.7525 931.07 302.963 888.318 407.361
78900000 -76.9437 925.678 301.208 848.734 407.509
79000000 -61.284 912.731 296.995 851.447 408.715
79100000 -8.89113 931.425 303.078 922.534 409.489
79200000 -59.3039 919.723 299.27 860.419 410.552
79300000 -102.637 920.032 299.371 817.395 411.847
79400000 -78.7186 918.759 298.957 840.04 412.126
79500000 -72.1204 934.437 304.058 862.317 412.053
79600000 -84.7105 930.478 302.77 845.768 412.61
79700000 -114.147 916.709 298.29 802.562 412.375
79800000 -111.277 922.745 300.254 811.468 411.275
79900000 -94.018 933.888 303.88 839.87 410.132
80000000 -112.505 921.103 299.72 808.599 410.453
80100000 -110.313 915.237 297.811 804.924 411.495
80200000 -64.7972 924.566 300.847 859.769 414.493
80300000 -79.4275 912.86 297.037 833.432 413.937
80400000 -84.2707 918.365 298.829 834.094 413.28
80500000 -102.739 915.667 297.951 812.928 413.915
80600000 -85.6759 920.918 299.659 835.242 415.6
80700000 -104.045 922.346 300.124 818.301 417.106
80800000 -73.9664 920.629 299.565 846.663 417.314
80900000 -70.4182 924.308 300.763 853.89 417.815
81000000 -69.1395 910.502 296.27 841.362 417.071
81100000 -75.6955 916.146 298.107 840.45 417.106
81200000 -64.3465 917.337 298.494 852.991 417.244
81300000 -102.667 919.699 299.263 817.032 418.007
81400000 -109.813 929.377 302.412 819.564 417.974
81500000 -95.7404 932.638 303.473 836.898 417.542
81600000 -84.177 925.094 301.018 840.917 419.083
81700000 -88.6552 927.193 301.701 838.537 419.845
81800000 -74.0406 916.151 298.108 842.11 419.585
81900000 -118.85 907.364 295.249 788.514 419.723
82000000 -127.951 931.628 303.144 803.677 418.433
82100000 -128.175 921.994 300.01 793.819 416.633
82200000 -96.883 920.184 299.42 823.301 416.496
82300000 -122.436 915.486 297.892 793.05 416.229
82400000 -129.86 925.593 301.181 795.733 416.596
82500000 -166.159 916.811 298.323 750.652 415.833
82600000 -136.58 908.652 295.668 772.072 416.054
82700000 -148.873 936.328 304.674 787.455 416.851
82800000 -170.663 923.08 300.363 752.417 416.385
82900000 -153.035 927.247 301.719 774.212 417.523
83000000 -104.498 932.731 303.503 828.233 418.204
83100000 -98.1167 928.346 302.076 830.229 418.706
83200000 -111.087 922.436 300.153 811.349 419.005
83300000 -122.42 922.842 300.285 800.421 420.611
83400000 -97.6313 925.187 301.048 827.555 420.935
83500000 -78.1175 908.017 295.462 829.9 420.178
83600000 -40.3576 909.999 296.106 869.641 420.47
83700000 -42.8041 925.403 301.119 882.598 420.975
83800000 -72.5904 912.792 297.015 840.202 419.916
83900000 -128.785 917.551 298.564 788.766 420.127
84000000 -141.021 927.005 301.64 785.984 420.625
84100000 -136.548 922.003 300.013 785.456 420.592
84200000 -115.11 909.339 295.892 794.229 422.226
84300000 -134.236 935.399 304.371 801.163 423.578
84400000 -114.003 930.726 302.851 816.723 424.261
84500000 -136.069 924.758 300.909 788.689 425.9
84600000 -116.952 937.788 305.149 820.836 427.594
84700000 -88.3721 939.773 305.795 851.401 429.182
84800000 -71.9585 923.983 300.657 852.025 430.259
84900000 -117.523 924.845 300.937 807.323 430.737
85000000 -46.9193 923.754 300.582 876.835 430.15
85100000 -99.7728 929.766 302.538 829.993 430.792
85200000 -85.6804 922.249 300.093 836.569 430.919
85300000 -130.89 924.634 300.868 793.744 432.239
85400000 -129.265 923.731 300.575 794.467 432.617
85500000 -138.058 926.326 301.419 788.269 432.373
85600000 -90.2377 922.492 300.172 832.254 432.885
85700000 -100.592 924.2 300.728 823.609 433.072
85800000 -104.427 919.675 299.255 815.247 432.998
85900000 -92.0823 914.952 297.718 822.869 432.812
86000000 -56.7831 931.176 302.997 874.393 434.667
86100000 -83.1791 911.783 296.687 828.604 435.623
86200000 -106.219 920.216 299.431 813.997 436.273
86300000 -101.588 930.773 302.866 829.185 436.189
86400000 -136.738 902.323 293.609 765.584 436.374
86500000 -79.9644 918.034 298.721 838.069 437.698
86600000 -66.2032 911.647 296.643 845.444 438.243
86700000 -34.4221 927.587 301.829 893.165 438.432
86800000 -71.6688 918.164 298.763 846.496 439.514
86900000 -63.5808 914.514 297.576 850.934 440.729
87000000 -66.7081 910.962 296.42 844.254 440.702
87100000 -113.641 931.909 303.236 818.269 440.421
87200000 -125.444 912.911 297.054 787.467 440.842
87300000 -101.032 927.193 301.701 826.161 440.706
87400000 -127.951 920.106 299.395 792.154 440.655
87500000 -118.223 923 300.337 804.777 441.103
87600000 -85.4113 921.014 299.691 835.603 441.303
87700000 -96.9994 916.263 298.145 819.263 441.026
87800000 -141.639 928.984 302.284 787.346 441.138
87900000 -133.173 922.512 300.178 789.338 441.573
88000000 -94.1572 922.938 300.317 828.781 441.189
88100000 -111.916 925.964 301.301 814.048 441.499
88200000 -102.33 937.195 304.956 834.865 441.636
88300000 -100.11 931.624 303.143 831.513 442.208
88400000 -83.2769 921.713 299.918 838.436 442.63
88500000 -89.2307 920.117 299.399 830.886 443.592
88600000 -116.412 924.681 300.884 808.269 442.958
88700000 -100.117 919.315 299.138 819.198 442.683
88800000 -83.8923 929.739 302.53 845.846 442.87
88900000 -77.5236 929.721 302.524 852.197 443.233
89000000 -54.925 929.687 302.513 874.762 444.401
89100000 -82.1176 916.661 298.274 834.543 446.34
89200000 -67.2671 913.042 297.097 845.775 446.321
89300000 -70.3281 925.735 301.227 855.406 445.948
89400000 -113.008 919.351 299.15 806.343 444.093
89500000 -134.773 913.857 297.362 779.084 443.712
89600000 -170.904 920.631 299.566 749.727 444.286
89700000 -134.817 908.843 295.73 774.026 443.42
89800000 -82.6931 920.167 299.415 837.474 443.363
89900000 -83.198 931.559 303.122 848.361 444.029
90000000 -81.1982 907.582 295.32 826.384 444.528
90100000 -85.8012 926.897 301.605 841.096 444.688
90200000 -83.1813 906.138 294.85 822.957 446.596
90300000 -92.6081 924.868 300.945 832.26 446.524
90400000 -133.85 930.875 302.9 797.026 448.038
90500000 -119.221 920.551 299.54 801.33 448.358
90600000 -131.825 924.966 300.977 793.14 447.692
90700000 -160.023 932.107 303.3 772.084 447.209
90800000 -132.253 928.927 302.266 796.674 446.455
90900000 -109.917 922.15 300.06 812.232 446.774
91000000 -104.199 909.275 295.871 805.076 446.087
91100000 -74.1648 922.081 300.038 847.916 445.451
91200000 -97.6465 917.547 298.563 819.901 445.25
91300000 -78.6221 931.29 303.035 852.668 445.104
91400000 -100.293 914.567 297.593 814.274 445.482
91500000 -126.899 924.277 300.752 797.378 444.889
91600000 -149.525 912.531 296.93 763.006 444.041
91700000 -140.016 926.623 301.516 786.607 443.19
91800000 -142.176 929.617 302.49 787.441 441.32
91900000 -116.703 922.805 300.273 806.101 442.257
92000000 -106.77 925.899 301.28 819.129 442.721
92100000 -60.8168 916.485 298.217 855.668 443.46
92200000 -82.5996 933.912 303.887 851.312 444.139
92300000 -59.0778 932.065 303.287 872.987 443.11
92400000 -78.5764 922.95 300.321 844.374 443.182
92500000 -93.5962 924.722 300.897 831.126 444.173
92600000 -79.1768 917.656 298.598 838.479 444.393
92700000 -86.6345 925.15 301.036 838.515 445.556
92800000 -80.0041 911.805 296.694 831.801 444.85
92900000 -69.8725 929.733 302.528 859.86 445.389
93000000 -56.3571 910.534 296.281 854.177 446.228
93100000 -71.4537 926.866 301.595 855.412 446.826
93200000 -83.1607 919.894 299.326 836.733 447.499
93300000 -105.023 925 300.988 819.977 448.498
93400000 -115.224 925.885 301.276 810.661 448.733
93500000 -129.943 937.66 305.107 807.717 447.827
93600000 -141.261 915.962 298.047 774.701 448.847
93700000 -87.411 924.518 300.831 837.107 448.947
93800000 -57.2421 907.875 295.415 850.633 448.481
93900000 -51.5687 929.253 302.372 877.684 448.638
94000000 -93.8381 907.951 295.44 814.112 449.562
94100000 -67.7997 918.334 298.819 850.535 449.526
94200000 -90.0975 933.927 303.892 843.829 448.424
94300000 -95.0765 927.257 301.722 832.181 448.485
94400000 -95.4467 915.361 297.851 819.914 448.954
94500000 -85.0602 914.619 297.61 829.559 449.765
94600000 -122.066 931.866 303.222 809.8 450.343
94700000 -105.251 916.659 298.273 811.408 450.457
94800000 -116.983 898.231 292.277 781.248 451.856
94900000 -101.501 927.265 301.725 825.764 451.083
95000000 -114.454 916.318 298.163 801.864 451.115
95100000 -123.349 907.37 295.251 784.021 452.435
95200000 -98.6646 926.654 301.526 827.989 451.805
95300000 -113.671 919.396 299.164 805.724 451.326
95400000 -106.142 907.381 295.255 801.239 451.619
95500000 -65.2491 923.675 300.557 858.426 452.835
95600000 -84.4798 932.886 303.554 848.406 452.638
95700000 -121.646 911.977 296.75 790.331 453.714
95800000 -114.127 923.063 300.358 808.936 453.846
95900000 -96.6268 912.631 296.963 816.004 454.028
96000000 -89.8997 922.649 300.223 832.749 453.347
96100000 -107.287 914.692 297.634 807.405 453.1
96200000 -118.1 924.335 300.771 806.235 452.719
96300000 -121.494 921.148 299.734 799.654 452.596
96400000 -147.445 912.975 297.075 765.53 452.951
96500000 -108.494 917.405 298.516 808.912 453.145
96600000 -55.8579 920.318 299.464 864.46 453.537
96700000 -28.502 916.307 298.159 887.805 453.526
96800000 -55.3322 904.321 294.259 848.989 452.958
96900000 -84.9115 920.927 299.662 836.015 453.19
97000000 -105.302 927.383 301.763 822.081 453.226
97100000 -95.998 931.756 303.186 835.758 453.944
97200000 -115.612 930.85 302.891 815.238 453.922
97300000 -119.205 918.675 298.929 799.47 454.005
97400000 -116.25 922.667 300.229 806.417 454.858
97500000 -109.373 912.258 296.841 802.884 455.107
97600000 -65.4056 908.581 295.645 843.176 454.91
97700000 -45.821 927.399 301.768 881.578 454.699
97800000 -56.8092 921.599 299.881 864.79 455.29
97900000 -104.39 929.9 302.582 825.511 455.426
98000000 -133.795 907.522 295.301 773.727 454.998
98100000 -102.296 923.07 300.36 820.774 454.758
98200000 -89.6589 911.456 296.58 821.797 454.942
98300000 -70.836 935.23 304.316 864.394 454.735
98400000 -87.6018 907.215 295.201 819.613 453.434
98500000 -69.6511 921.938 299.991 852.287 452.118
98600000 -74.5075 921.347 299.799 846.84 452.225
98700000 -82.7937 931.126 302.981 848.332 452.909
98800000 -93.2048 932.861 303.546 839.656 453.248
98900000 -121.748 928.115 302.001 806.367 452.912
99000000 -136.762 917.925 298.685 781.163 452.585
99100000 -136.863 930.979 302.933 794.116 451.799
99200000 -143.67 926.997 301.638 783.327 451.25
99300000 -117.987 915.553 297.914 797.566 451.319
99400000 -104.6 920.569 299.546 815.969 451.947
99500000 -109.768 937.395 305.021 827.627 451.65
99600000 -89.7623 922.669 300.229 832.907 452.95
99700000 -57.0039 912.268 296.845 855.264 452.58
99800000 -87.3024 924.564 300.846 837.262 453.523
99900000 -98.7073 910.357 296.223 811.65 453.949
100000000 -69.401 929.254 302.372 859.853 454.259
100100000 -83.7028 924.825 300.931 841.122 455.482
100200000 -71.6611 922.642 300.22 850.981 456.306
100300000 -126.883 911.67 296.65 784.787 455.798
100400000 -129.783 921.307 299.786 791.524 454.635
100500000 -114.074 918.569 298.895 804.495 454.215
100600000 -109.639 919.771 299.286 810.132 454.086
100700000 -106.832 936.832 304.838 830 453.152
100800000 -112.598 914.347 297.521 801.749 453.578
100900000 -125.68 918.493 298.87 792.813 453.375
101000000 -109.709 926.383 301.438 816.674 453.858
101100000 -126.631 927.825 301.907 801.194 453.854
101200000 -145.799 918.815 298.975 773.015 452.208
101300000 -116.161 922.61 300.21 806.449 452.163
101400000 -128.973 927.554 301.819 798.58 452.272
101500000 -106.169 929.391 302.416 823.222 452.576
101600000 -104.015 920.402 299.492 816.388 451.021
101700000 -108.449 923.486 300.495 815.036 451.555
101800000 -79.6085 918.941 299.016 839.333 451.036
101900000 -76.8402 926.182 301.372 849.342 450.427
102000000 -85.5304 929.94 302.595 844.409 450.651
102100000 -85.2029 921.283 299.778 836.08 450.483
102200000 -78.9396 923.141 300.383 844.202 451.531
102300000 -88.0203 927.952 301.948 839.931 451.701
102400000 -75.7649 927.525 301.809 851.76 451.671
102500000 -84.9837 925.076 301.013 840.093 451.231
102600000 -85.5814 916.583 298.249 831.001 451.657
102700000 -68.9594 915.363 297.852 846.403 452.828
102800000 -66.1736 920.481 299.517 854.307 453.736
102900000 -90.7169 921.239 299.764 830.523 454.804
103000000 -49.8235 921.215 299.756 871.391 455.434
103100000 -85.0914 933.149 303.639 848.058 454.455
103200000 -62.5834 934.394 304.045 871.811 455.206
103300000 -54.0506 908.472 295.61 854.421 455.325
103400000 -41.3813 917.8 298.645 876.419 455.881
103500000 -54.9109 911.779 296.686 856.868 456.494
103600000 -41.9593 928.004 301.965 886.045 458.217
103700000 -53.167 916.448 298.205 863.281 459.754
103800000 -52.0675 912.833 297.029 860.766 459.648
103900000 -91.4393 931.957 303.251 840.518 459.692
104000000 -80.4359 921.611 299.885 841.175 459.486
104100000 -95.5775 910.31 296.208 814.732 458.479
104200000 -74.8864 925.538 301.163 850.652 457.696
104300000 -80.0374 930.949 302.924 850.912 457.735
104400000 -93.1276 922.531 300.184 829.403 458.738
104500000 -104.952 925.892 301.278 820.94 459.537
104600000 -112.662 912.903 297.051 800.241 460.707
104700000 -81.9318 921.784 299.941 839.852 460.451
104800000 -103.087 920.136 299.405 817.049 460.532
104900000 -113.007 927.587 301.829 814.58 459.47
105000000 -96.1991 929.902 302.583 833.703 459.813
