# Time-averaged data for fix favg
# TimeStep v_vpe v_vke v_vT v_vE v_vRg
5100000 -360.643 917.207 298.452 556.565 124.735
5200000 -408.897 920.363 299.479 511.466 125.853
5300000 -412.146 921.394 299.814 509.248 127.337
5400000 -431.806 906.234 294.881 474.428 129.729
5500000 -410.382 941.581 306.383 531.199 130.135
5600000 -404.625 912.29 296.852 507.664 131.467
5700000 -395.709 923.862 300.617 528.153 132.501
5800000 -395.104 929.934 302.593 534.83 133.177
5900000 -408.904 920.869 299.643 511.965 133.947
6000000 -369.772 918.807 298.973 549.036 134.208
6100000 -391.539 923.804 300.599 532.265 133.696
6200000 -424.8 915.969 298.049 491.169 133.484
6300000 -431.35 911.859 296.712 480.508 133.235
6400000 -432.284 926.136 301.357 493.852 134.63
6500000 -415.087 931.779 303.193 516.692 135.912
6600000 -441.62 912.201 296.823 470.58 136.654
6700000 -418.587 913.951 297.392 495.363 137.024
6800000 -407.098 918.263 298.795 511.164 136.775
6900000 -433.118 909.211 295.85 476.092 136.888
7000000 -402.248 917.26 298.469 515.012 137.7
7100000 -409.849 918.187 298.771 508.338 138.061
7200000 -372.33 914.951 297.718 542.621 138.405
7300000 -397.043 913.152 297.133 516.109 138.734
7400000 -392.979 921.413 299.821 528.433 138.809
7500000 -403.821 915.391 297.861 511.569 139.893
7600000 -394.156 912.987 297.079 518.831 140.431
7700000 -395.369 919.532 299.208 524.163 141.52
7800000 -425.384 919.148 299.084 493.765 142.773
7900000 -431.415 922.976 300.329 491.561 143.672
8000000 -378.824 930.065 302.636 551.241 143.801
8100000 -374.63 925.226 301.061 550.596 143.863
8200000 -376.576 933.506 303.756 556.93 144.471
8300000 -369.96 919.503 299.199 549.543 144.693
8400000 -405.921 917.792 298.642 511.871 144.541
8500000 -379.443 917.502 298.548 538.059 144.964
8600000 -388.175 921.465 299.837 533.289 144.764
8700000 -388.891 921.091 299.716 532.2 144.983
8800000 -375.12 930.187 302.676 555.067 145.433
8900000 -377.15 922.471 300.165 545.321 145.476
9000000 -333.607 926.251 301.395 592.644 145.797
9100000 -376.3 919.928 299.337 543.628 146.563
9200000 -357.821 924.055 300.68 566.234 148.261
9300000 -363.024 920.307 299.461 557.283 149.839
9400000 -356.955 923.584 300.527 566.629 151.489
9500000 -364.855 930.885 302.903 566.03 152.943
9600000 -362.313 934.73 304.154 572.417 154.219
9700000 -347.674 924.512 300.829 576.838 156.006
9800000 -372.661 924.789 300.919 552.128 157.013
9900000 -379.426 919.912 299.332 540.485 158.258
10000000 -421.708 932.77 303.516 511.062 158.013
10100000 -382.035 913.984 297.403 531.949 157.373
10200000 -386.266 929.087 302.318 542.821 156.912
10300000 -359.438 930.629 302.819 571.191 156.785
10400000 -409.716 911.074 296.456 501.358 156.994
10500000 -401.67 916.904 298.353 515.233 157.264
10600000 -412.451 917.207 298.452 504.756 157.655
10700000 -369.707 924.474 300.816 554.767 159.215
10800000 -399.363 921.266 299.773 521.903 159.333
10900000 -418.683 926.08 301.339 507.397 160.18
11000000 -396.52 920.412 299.495 523.892 160.471
11100000 -397.092 919.184 299.095 522.093 160.042
11200000 -387.367 930.278 302.705 542.911 160.464
11300000 -394.297 912.731 296.996 518.434 160.743
11400000 -430.852 925.528 301.16 494.676 160.556
11500000 -361.618 925.353 301.103 563.735 161.676
11600000 -410.968 918.554 298.89 507.586 161.953
11700000 -450.924 920.038 299.373 469.114 161.206
11800000 -397.701 912.544 296.935 514.843 160.893
11900000 -380.295 931.521 303.11 551.226 161.401
12000000 -361.06 916.999 298.384 555.939 161.774
12100000 -338.97 922.086 300.039 583.116 161.214
12200000 -344.559 921.927 299.988 577.368 161.569
12300000 -365.692 923.028 300.346 557.336 161.437
12400000 -374.315 931.266 303.027 556.952 161.357
12500000 -374.67 923.415 300.472 548.744 161.77
12600000 -367.665 923.262 300.422 555.597 162.555
12700000 -383.298 920.767 299.61 537.469 162.969
12800000 -369.946 917.156 298.435 547.21 163.119
12900000 -398.514 918.167 298.764 519.653 164.1
13000000 -391.286 923.735 300.576 532.449 164.024
13100000 -404.716 942.716 306.752 538 164.873
13200000 -363.284 918.298 298.807 555.014 166.019
13300000 -365.851 917.59 298.576 551.738 165.834
13400000 -369.649 922.967 300.326 553.319 165.143
13500000 -364.324 915.543 297.911 551.219 165.904
13600000 -400.588 918.342 298.821 517.754 167.486
13700000 -392.57 918.212 298.779 525.642 168.142
13800000 -416.162 938.981 305.537 522.819 168.636
13900000 -398.656 925.282 301.08 526.626 168.355
14000000 -416.477 917 298.385 500.524 167.533
14100000 -424.185 911.551 296.611 487.366 167.796
14200000 -421.887 922.241 300.09 500.355 168.009
14300000 -447.287 923.714 300.569 476.427 168.395
14400000 -454.092 904.774 294.406 450.681 169.297
14500000 -441.345 927.094 301.669 485.749 168.679
14600000 -411.993 917.56 298.567 505.567 168.469
14700000 -416.706 924.765 300.911 508.059 169.183
14800000 -361.017 922.275 300.101 561.258 170.739
14900000 -355.88 926.169 301.368 570.289 171.441
15000000 -404.745 912.922 297.058 508.177 171.195
15100000 -391.606 923.652 300.549 532.046 172.075
15200000 -385.213 922.427 300.151 537.214 172.526
15300000 -338.287 930.905 302.909 592.618 172.206
15400000 -347.233 938.069 305.24 590.835 172.336
15500000 -352.718 904.883 294.442 552.165 172.772
15600000 -371.111 922.968 300.327 551.857 172.927
15700000 -356.722 913.192 297.145 556.47 172.668
15800000 -360.374 930.352 302.729 569.978 173.809
15900000 -357.441 921.705 299.915 564.264 174.622
16000000 -379.52 901.18 293.237 521.66 174.492
16100000 -433.617 924.49 300.822 490.873 175.446
16200000 -416.799 913.487 297.241 496.688 175.978
16300000 -445.038 913.542 297.259 468.504 176.971
16400000 -424.74 931.772 303.191 507.032 177.326
16500000 -415.578 920.982 299.68 505.404 176.937
16600000 -407.086 922.135 300.055 515.049 177.305
16700000 -448.507 916.603 298.256 468.096 176.633
16800000 -414.53 916.709 298.29 502.179 176.451
16900000 -399.786 914.073 297.432 514.287 177.687
17000000 -389.277 912.971 297.074 523.694 177.466
17100000 -387.001 930.678 302.835 543.676 177.257
17200000 -412.158 920.76 299.608 508.602 177.457
17300000 -397.943 921.329 299.793 523.386 177.654
17400000 -393.206 916.839 298.332 523.633 177.515
17500000 -384.734 907.801 295.391 523.067 177.474
17600000 -369.077 928.596 302.158 559.519 178.61
17700000 -387.835 912.294 296.853 524.459 178.42
17800000 -360.805 921.926 299.987 561.121 179.873
17900000 -386.652 910.315 296.209 523.663 180.962
18000000 -398.284 928.679 302.185 530.394 181.767
18100000 -391.97 923.086 300.365 531.116 181.934
18200000 -376.452 911.856 296.711 535.405 182.596
18300000 -379.681 907.021 295.137 527.34 183.984
18400000 -361.746 924.203 300.728 562.456 183.83
18500000 -377.205 920.134 299.404 542.928 184.63
18600000 -366.348 928.522 302.134 562.173 185.175
18700000 -367.116 907.422 295.268 540.306 184.77
18800000 -361.664 919.175 299.092 557.511 184.866
18900000 -379.715 917.013 298.389 537.298 186.416
19000000 -385.689 926.129 301.355 540.439 186.384
19100000 -365.545 917.511 298.551 551.966 186.445
19200000 -392.111 927.565 301.822 535.454 187.62
19300000 -384.861 912.023 296.765 527.162 187.936
19400000 -370.957 923.257 300.42 552.3 188.788
19500000 -379.447 910.074 296.131 530.627 191.278
19600000 -406.971 922.72 300.246 515.749 192.074
19700000 -403.073 915.839 298.007 512.765 191.684
19800000 -427.837 917.223 298.457 489.387 190.373
19900000 -410.977 912.314 296.86 501.338 189.845
20000000 -428.169 914.591 297.601 486.422 190.583
20100000 -376.709 926.764 301.562 550.056 192.302
20200000 -353.105 913.509 297.249 560.404 192.021
20300000 -322.072 917.661 298.6 595.588 191.005
20400000 -344.839 916.05 298.075 571.211 192.358
20500000 -324.926 910.671 296.325 585.745 192.659
20600000 -346.892 913.286 297.176 566.393 194.122
20700000 -407.226 922.669 300.229 515.443 194.994
20800000 -401.876 927.416 301.774 525.539 195.048
20900000 -387.521 923.526 300.508 536.005 196.017
21000000 -390.764 918.962 299.023 528.198 196.927
21100000 -374.828 924.851 300.939 550.023 197.276
21200000 -345.733 930.149 302.663 584.416 197.095
21300000 -377.373 924.278 300.753 546.905 196.191
21400000 -355.783 924.018 300.668 568.236 196.179
21500000 -359.271 920.662 299.576 561.39 196.77
21600000 -358.884 931.353 303.055 572.468 197.422
21700000 -371.83 917.219 298.456 545.389 197.601
21800000 -353.779 929.484 302.447 575.705 198.249
21900000 -361.018 908.878 295.742 547.859 199.946
22000000 -362.607 930.796 302.874 568.189 200.519
22100000 -393.037 926.146 301.36 533.109 200.246
22200000 -382.849 921.621 299.888 538.772 200.179
22300000 -401.398 908.012 295.46 506.614 200.239
22400000 -369.537 908.003 295.457 538.466 201.097
22500000 -407.906 922.788 300.268 514.882 199.995
22600000 -385.758 928.564 302.147 542.806 199.526
22700000 -384.353 916.913 298.356 532.56 199.997
22800000 -373.656 930.261 302.7 556.605 199.811
22900000 -378.348 921.403 299.817 543.055 200.194
23000000 -356.458 915.951 298.043 559.493 200.205
23100000 -385.96 917.886 298.673 531.926 201.79
23200000 -429.507 933.472 303.744 503.965 203.513
23300000 -378.887 926.948 301.622 548.061 204.552
23400000 -400.406 913.722 297.318 513.315 204.272
23500000 -374.66 913.921 297.383 539.261 204.108
23600000 -441.055 926.748 301.557 485.693 202.566
23700000 -397.039 922.978 300.33 525.939 203.117
23800000 -382.831 917.76 298.632 534.93 204.541
23900000 -368.551 915.174 297.79 546.623 204.844
24000000 -375.469 909.777 296.034 534.308 206.374
24100000 -391.976 916.528 298.231 524.552 207.264
24200000 -392.098 921.921 299.986 529.823 208.383
24300000 -363.161 916.238 298.137 553.078 208.524
24400000 -381.7 914.978 297.727 533.279 209.643
24500000 -406.342 937.617 305.093 531.275 209.78
24600000 -384.13 923.694 300.563 539.564 210.071
24700000 -355.001 922.627 300.215 567.626 210.026
24800000 -339.76 914.598 297.603 574.838 209.974
24900000 -346.595 921.772 299.937 575.177 209.946
25000000 -318.735 927.916 301.936 609.181 210.9
25100000 -368.56 941.537 306.369 572.977 210.979
25200000 -385.471 931.047 302.955 545.576 211.153
25300000 -386.032 923.478 300.493 537.447 211.565
25400000 -336.712 919.368 299.155 582.656 212.27
25500000 -315.506 919.089 299.064 603.582 212.734
25600000 -354.388 920.541 299.537 566.152 213.764
25700000 -335.737 919.708 299.266 583.971 214.856
25800000 -351.056 919.604 299.232 568.547 215.74
25900000 -352.597 927.575 301.825 574.978 216.978
26000000 -351.17 922.826 300.28 571.656 218.672
26100000 -347.725 931.392 303.068 583.667 217.966
26200000 -331.044 923.377 300.46 592.333 217.959
26300000 -357.681 910.467 296.259 552.787 220.046
26400000 -342.745 928.271 302.052 585.526 221.421
26500000 -324.74 916.581 298.248 591.841 221.628
26600000 -333.201 917.025 298.393 583.824 221.574
26700000 -337.328 928.845 302.239 591.517 222.677
26800000 -309.777 927.758 301.885 617.981 223.686
26900000 -359.324 924.841 300.936 565.517 224.267
27000000 -350.204 927.86 301.918 577.656 224.969
27100000 -359.699 929.976 302.607 570.277 224.794
27200000 -356.173 916.902 298.353 560.729 225.187
27300000 -359.984 929.756 302.535 569.772 225.285
27400000 -370.527 917.689 298.609 547.162 225.408
27500000 -386.255 914.193 297.471 527.938 226.23
27600000 -376.742 913.688 297.307 536.946 226.928
27700000 -383.568 921.503 299.85 537.935 227.311
27800000 -384.032 915.96 298.046 531.928 227.962
27900000 -365.918 931.147 302.988 565.229 228.726
28000000 -357.715 914.951 297.718 557.236 229.519
28100000 -343.543 920.95 299.67 577.407 229.505
28200000 -336.759 919.617 299.236 582.858 230.776
28300000 -359.261 922.839 300.285 563.578 232.918
28400000 -375.859 928.755 302.21 552.896 233.131
28500000 -371.417 912.301 296.856 540.884 233.224
28600000 -344.201 911.277 296.522 567.077 233.76
28700000 -326.824 926.907 301.608 600.083 235.163
28800000 -368.979 913.436 297.225 544.458 234.639
28900000 -413.012 919.747 299.278 506.735 235.118
29000000 -421.757 932.572 303.452 510.815 236.098
29100000 -399.589 918.294 298.805 518.705 236.96
29200000 -374.747 944.583 307.36 569.836 237.547
29300000 -349.035 931.662 303.156 582.628 237.734
29400000 -418.982 921.377 299.809 502.396 237.736
29500000 -377.47 919.929 299.338 542.459 237.548
29600000 -372.635 920.05 299.377 547.415 238.119
29700000 -384.953 938.564 305.401 553.611 238.318
29800000 -344.398 921.826 299.955 577.429 239.466
29900000 -379.054 914.035 297.42 534.982 239.694
30000000 -403.614 919.837 299.308 516.223 239.414
30100000 -392.924 924.783 300.917 531.859 240.418
30200000 -369.727 932.375 303.388 562.648 241.689
30300000 -366.383 930.081 302.641 563.698 241.96
30400000 -364.66 914.428 297.548 549.768 242.919
30500000 -339.912 921.904 299.98 581.992 244.174
30600000 -313.98 922.31 300.112 608.33 245.372
30700000 -337.181 927.74 301.879 590.559 246.01
30800000 -315.543 921.811 299.95 606.268 245.463
30900000 -317.27 908.03 295.466 590.76 247.235
31000000 -329.451 913.466 297.235 584.015 248.987
31100000 -357.522 925.134 301.031 567.611 249.426
31200000 -352.022 919.593 299.228 567.571 249.762
31300000 -331.588 930.752 302.859 599.163 248.515
31400000 -328.773 928.846 302.239 600.073 248.587
31500000 -361.041 922.693 300.237 561.652 248.416
31600000 -373.244 910.061 296.127 536.816 247.164
31700000 -364.388 922.475 300.166 558.087 247.411
31800000 -362.882 913.055 297.101 550.173 247.974
31900000 -385.341 926.423 301.451 541.082 248.803
32000000 -388.22 920.748 299.604 532.528 250.115
32100000 -412.603 930.132 302.658 517.529 250.734
32200000 -421.992 923.412 300.471 501.42 250.656
32300000 -419.655 923.209 300.405 503.554 250.281
32400000 -402.006 915.191 297.796 513.185 250.714
32500000 -394.438 926.561 301.496 532.123 251.068
32600000 -377.458 928.737 302.204 551.278 251.438
32700000 -331.91 927.105 301.673 595.195 251.848
32800000 -380.713 934.497 304.078 553.784 250.396
32900000 -403.915 925.662 301.203 521.747 250.718
33000000 -358.492 920.703 299.589 562.211 250.665
33100000 -384.482 919.447 299.181 534.965 250.501
33200000 -369.208 921.236 299.763 552.028 251.907
33300000 -367.962 933.007 303.593 565.045 253.252
33400000 -340.017 922.808 300.274 582.791 252.975
33500000 -357.651 918.99 299.032 561.339 254.046
33600000 -380.877 910.824 296.375 529.946 255.125
33700000 -364.216 933.496 303.752 569.279 255.597
33800000 -378.032 934.659 304.131 556.627 256.286
33900000 -368.089 913.382 297.207 545.293 257.004
34000000 -364.065 931.333 303.048 567.268 257.619
34100000 -347.47 914.235 297.485 566.765 258.085
34200000 -383.085 918.855 298.988 535.77 258.652
34300000 -370.319 913.3 297.181 542.981 259.731
34400000 -369.042 921.275 299.775 552.233 259.219
34500000 -338.345 919.468 299.188 581.123 259.206
34600000 -382.706 928.325 302.07 545.618 259.665
34700000 -357.539 926.421 301.45 568.883 259.531
34800000 -365.698 918.022 298.717 552.324 258.516
34900000 -360.223 923.038 300.349 562.815 258.886
35000000 -369.719 925.683 301.21 555.964 260.893
35100000 -358.159 914.172 297.464 556.013 261.829
35200000 -366.413 919.807 299.298 553.394 262.103
35300000 -373.757 914.609 297.607 540.852 261.458
35400000 -382.081 918.464 298.861 536.383 261.128
35500000 -376.841 923.64 300.545 546.8 261.314
35600000 -358.746 925.97 301.303 567.224 260.843
35700000 -376.666 917.619 298.586 540.953 260.545
35800000 -390.348 934.064 303.937 543.716 260.569
35900000 -415.029 936.035 304.578 521.005 260.603
36000000 -399.719 928.78 302.218 529.061 260.797
36100000 -395.93 927.502 301.802 531.572 261.197
36200000 -356.894 915.502 297.897 558.608 261.618
36300000 -359.469 924.027 300.671 564.558 263.337
36400000 -382.428 917.03 298.394 534.601 264.29
36500000 -375.12 924.149 300.711 549.029 265.246
36600000 -405.669 928.785 302.219 523.117 265.68
36700000 -369.407 904.974 294.471 535.567 265.028
36800000 -372.799 935.441 304.385 562.641 265.987
36900000 -396.137 922.348 300.125 526.211 266.242
37000000 -391.052 916.798 298.319 525.746 266.181
37100000 -369.177 914.84 297.682 545.663 267.87
37200000 -370.037 918.567 298.894 548.53 269.401
37300000 -376.405 923.848 300.613 547.443 270.583
37400000 -355.577 912.606 296.955 557.029 269.809
37500000 -356.66 929.517 302.458 572.857 269.967
37600000 -349.994 926.196 301.377 576.202 270.793
37700000 -352.627 929.11 302.325 576.483 272.529
37800000 -365.092 914.452 297.556 549.36 273.939
37900000 -366.395 924.532 300.835 558.137 274.544
38000000 -365.399 921.981 300.005 556.582 275.619
38100000 -362.434 923.775 300.589 561.341 276.418
38200000 -389.412 903.099 293.861 513.688 275.899
38300000 -403.714 911.074 296.456 507.359 276.685
38400000 -387.895 920.692 299.586 532.796 276.277
38500000 -385.958 927.714 301.871 541.756 275.222
38600000 -389.794 908.41 295.59 518.616 275.264
38700000 -402.712 927.189 301.7 524.477 275.091
38800000 -390.493 916.133 298.102 525.64 274.703
38900000 -391.524 928.458 302.113 536.934 274.834
39000000 -420.604 926.3 301.411 505.696 275.018
39100000 -381.279 918.25 298.791 536.971 274.864
39200000 -382.159 924.441 300.806 542.282 275.933
39300000 -390.37 922.852 300.289 532.482 274.635
39400000 -392.469 924.099 300.695 531.631 275.155
39500000 -359.667 901.414 293.313 541.746 275.958
39600000 -350.807 920.802 299.622 569.995 277.055
39700000 -389.416 921.159 299.738 531.743 276.9
39800000 -370.712 917.052 298.401 546.34 276.804
39900000 -372.575 917.845 298.66 545.27 278.171
40000000 -386.721 930.354 302.73 543.633 277.639
40100000 -388.266 927.181 301.697 538.915 277.243
40200000 -390.22 910.027 296.116 519.807 277.234
40300000 -383.984 916.325 298.165 532.341 276.847
40400000 -384.291 909.175 295.838 524.884 276.587
40500000 -380.525 910.533 296.28 530.008 276.983
40600000 -376.504 919.534 299.209 543.03 276.757
40700000 -382.433 921.936 299.991 539.502 276.662
40800000 -325.815 927.754 301.884 601.938 277.673
40900000 -360.977 923.695 300.563 562.718 277.744
41000000 -332.141 916.444 298.204 584.303 277.687
41100000 -347.07 921.862 299.967 574.793 277.502
41200000 -376.185 905.329 294.587 529.144 276.407
41300000 -379.228 923.802 300.598 544.574 276.71
41400000 -342.558 918.272 298.799 575.714 277.236
41500000 -363.232 919.951 299.345 556.719 276.887
41600000 -391.495 928.716 302.197 537.221 276.217
41700000 -378.575 931.75 303.184 553.175 275.824
41800000 -373.994 924.208 300.73 550.214 275.683
41900000 -367.954 921.512 299.853 553.558 276.138
42000000 -357.45 916.337 298.169 558.887 276.812
42100000 -347.231 915.549 297.913 568.318 276.668
42200000 -368.548 936.838 304.84 568.29 277.132
42300000 -370.557 921.053 299.703 550.495 277.346
42400000 -356.847 933.55 303.77 576.704 277.072
42500000 -365.799 907.249 295.212 541.45 278.206
42600000 -357.141 925.518 301.156 568.377 277.822
42700000 -366.183 928.086 301.992 561.904 278.488
42800000 -373.019 931.497 303.102 558.479 279.032
42900000 -367.511 927.152 301.688 559.641 280.152
43000000 -396.189 913.392 297.211 517.203 280.519
43100000 -387.188 922.868 300.294 535.68 280.247
43200000 -359.593 923.137 300.381 563.543 279.833
43300000 -372.969 928.906 302.259 555.937 280.122
43400000 -346.14 915.376 297.856 569.236 280.216
43500000 -340.036 928.372 302.085 588.336 280.252
43600000 -367.239 932.158 303.317 564.919 280.349
43700000 -360.185 926.118 301.352 565.933 281.008
43800000 -386.36 926.741 301.554 540.381 281.267
43900000 -398.481 921.668 299.903 523.187 281.128
44000000 -373.313 928.394 302.092 555.081 281.175
44100000 -389.089 930.107 302.65 541.019 281.373
44200000 -377.859 926.276 301.403 548.417 281.921
44300000 -364.361 918.681 298.931 554.32 282.148
44400000 -361.326 922.454 300.159 561.128 282.036
44500000 -376.948 931.071 302.963 554.123 282.977
44600000 -354.62 917.295 298.48 562.675 283.22
44700000 -347.377 910.202 296.173 562.825 284.457
44800000 -350.889 913.205 297.15 562.316 284.847
44900000 -387.303 916.291 298.154 528.988 285.621
45000000 -370.123 925.333 301.096 555.21 286.562
45100000 -375.566 921.594 299.88 546.029 287.104
45200000 -380.834 918.608 298.908 537.774 287.413
45300000 -343.477 923.505 300.501 580.028 286.918
45400000 -384.487 929.653 302.502 545.167 287.079
45500000 -386.473 913.289 297.177 526.816 287.183
45600000 -386.666 921.18 299.745 534.513 287.401
45700000 -389.215 912.431 296.898 523.216 287.428
45800000 -386.136 918.446 298.855 532.31 288.026
45900000 -393.994 924.677 300.883 530.683 289.45
46000000 -383.437 922.882 300.298 539.444 289.148
46100000 -411.304 922.142 300.058 510.838 288.062
46200000 -408.275 913.581 297.272 505.306 288.048
46300000 -366.662 930.797 302.874 564.136 288.721
46400000 -376.746 910.122 296.146 533.376 290.111
46500000 -355.761 919.981 299.355 564.22 291.904
46600000 -410.85 914.927 297.71 504.078 292.87
46700000 -364.01 934.724 304.152 570.715 293.319
46800000 -363.411 921.706 299.916 558.295 294.343
46900000 -375.749 910.137 296.151 534.388 293.767
47000000 -402.968 918.245 298.79 515.277 294.58
47100000 -403.391 923.363 300.455 519.972 294.653
47200000 -416.904 925.501 301.151 508.596 294.73
47300000 -386.698 923.345 300.449 536.647 294.748
47400000 -366.209 916.123 298.099 549.914 294.873
47500000 -354.929 927.619 301.84 572.69 294.872
47600000 -379.082 928.712 302.196 549.629 295.068
47700000 -332.312 924.145 300.71 591.833 294.557
47800000 -313.737 902.467 293.656 588.731 294.837
47900000 -360.664 931.28 303.031 570.616 294.613
48000000 -362.009 931.755 303.186 569.746 294.507
48100000 -331.541 915.364 297.852 583.823 294.753
48200000 -324.063 937.253 304.975 613.19 295.311
48300000 -273.736 916.49 298.219 642.754 295.418
48400000 -330.467 930.719 302.849 600.252 296.228
48500000 -333.321 913.376 297.205 580.055 295.961
48600000 -335.919 908.583 295.646 572.664 296.635
48700000 -298.877 926.133 301.356 627.256 297.2
48800000 -296.537 930.285 302.707 633.748 297.386
48900000 -297.917 910.914 296.404 612.998 298.889
49000000 -320.542 913.927 297.385 593.386 299.667
49100000 -317.604 930.425 302.753 612.82 300.466
49200000 -304.359 917.998 298.709 613.639 302.139
49300000 -338.835 921.782 299.941 582.948 302.698
49400000 -369.439 915.624 297.937 546.184 302.822
49500000 -353.308 914.351 297.523 561.043 303.326
49600000 -346.407 913.595 297.277 567.189 304.684
49700000 -341.705 920.599 299.556 578.894 305.345
49800000 -357.618 920.38 299.484 562.762 305.211
49900000 -349.503 923.318 300.44 573.815 305.929
50000000 -358.15 927.177 301.696 569.027 306.099
50100000 -377.355 914.294 297.504 536.939 306.045
50200000 -363.83 926.987 301.634 563.157 306.644
50300000 -375.799 928.437 302.106 552.638 307.139
50400000 -376.102 914.173 297.465 538.071 306.96
50500000 -398.186 917.429 298.524 519.243 307.771
50600000 -374.501 913.679 297.304 539.178 308.233
50700000 -401.95 920.802 299.622 518.852 309.968
50800000 -391.39 921.106 299.721 529.716 309.912
50900000 -380.778 919.021 299.042 538.244 310.092
51000000 -400.672 926.612 301.512 525.94 308.765
51100000 -380.98 910.849 296.383 529.869 308.101
51200000 -348.659 912.606 296.955 563.947 307.328
51300000 -345.309 925.745 301.23 580.437 308.093
51400000 -367.31 929.955 302.6 562.644 307.832
51500000 -353.265 922.36 300.129 569.095 307.671
51600000 -306.442 915.309 297.834 608.868 308.163
51700000 -319.739 928.421 302.101 608.682 308.921
51800000 -319.239 925.488 301.147 606.249 308.963
51900000 -282.909 914.711 297.64 631.802 309.358
52000000 -322.623 925.577 301.175 602.954 309.58
52100000 -350.885 904.802 294.415 553.916 309.83
52200000 -306.058 907.849 295.407 601.79 310.385
52300000 -373.539 929.8 302.55 556.261 310.227
52400000 -355.572 925.765 301.237 570.192 309.996
52500000 -330.868 924.364 300.781 593.495 309.596
52600000 -341.436 919.808 299.298 578.373 308.909
52700000 -328.013 925.615 301.188 597.602 308.87
52800000 -309.732 924.786 300.918 615.054 309.842
52900000 -332.294 921.656 299.9 589.362 310.468
53000000 -330.066 917.447 298.53 587.381 310.837
53100000 -360.809 920.653 299.573 559.844 311.37
53200000 -339.981 932.063 303.286 592.082 311.452
53300000 -351.105 915.542 297.91 564.437 311.25
53400000 -331.942 918.623 298.913 586.681 311.194
53500000 -322.957 928.922 302.264 605.965 312.082
53600000 -316.671 904.316 294.257 587.645 312.902
53700000 -317.128 936.857 304.846 619.728 314.171
53800000 -357.283 933.529 303.763 576.246 314.943
53900000 -377.023 919.403 299.167 542.38 314.593
54000000 -373.809 922.923 300.312 549.113 314.42
54100000 -375.405 928.461 302.114 553.056 314.431
54200000 -377.779 923.904 300.631 546.125 313.797
54300000 -366.259 924.725 300.898 558.466 313.91
54400000 -400.026 914.013 297.413 513.987 313.722
54500000 -412.594 920.353 299.476 507.759 313.214
54600000 -401.014 925.017 300.993 524.003 312.954
54700000 -409.39 925.518 301.156 516.128 312.812
54800000 -379.185 920.81 299.624 541.624 312.462
54900000 -445.671 932.993 303.589 487.322 313.501
55000000 -393.289 918.988 299.032 525.699 314.467
55100000 -443.623 932.909 303.561 489.287 314.844
55200000 -448.218 923.814 300.602 475.596 314.514
55300000 -418.476 932.811 303.529 514.335 314.815
55400000 -392.209 908.087 295.484 515.878 314.844
55500000 -339.597 916.912 298.356 577.315 314.826
55600000 -358.358 913.47 297.236 555.112 316.378
55700000 -359.843 922.998 300.336 563.156 316.754
55800000 -301.591 927.237 301.716 625.647 316.367
55900000 -311.485 932.521 303.435 621.036 315.623
56000000 -344.771 921.781 299.94 577.01 315.81
56100000 -394.526 902.96 293.816 508.433 316.451
56200000 -397.271 918.521 298.88 521.25 317.161
56300000 -341.198 918.682 298.932 577.484 316.58
56400000 -352.323 926.389 301.44 574.066 317.465
56500000 -363.036 932.269 303.353 569.232 318.331
56600000 -363.056 911.348 296.546 548.292 319.398
56700000 -346.282 934.321 304.021 588.039 320.242
56800000 -356.317 923.279 300.428 566.962 320.641
56900000 -359.122 915.481 297.89 556.36 320.737
57000000 -376.629 926.908 301.609 550.278 320.64
57100000 -422.244 921.881 299.973 499.637 321.902
57200000 -417.106 932.137 303.31 515.03 322.59
57300000 -386.686 918.224 298.783 531.538 322.541
57400000 -368.765 923.8 300.597 555.035 322.694
57500000 -392.594 924.324 300.768 531.731 323.149
57600000 -379.141 918.506 298.875 539.365 323.485
57700000 -408.303 931.147 302.988 522.844 323.528
57800000 -401.33 920.316 299.463 518.985 322.639
57900000 -371.23 911.207 296.5 539.978 322.661
58000000 -375.289 928.675 302.183 553.386 324.019
58100000 -367.456 921.698 299.913 554.242 323.625
58200000 -306.342 924.897 300.954 618.556 323.712
58300000 -311.353 920.365 299.479 609.011 324.821
58400000 -347.432 919.459 299.185 572.027 325.124
58500000 -327.646 915.965 298.048 588.319 326.371
58600000 -347.018 931.927 303.242 584.909 325.915
58700000 -357.317 920.574 299.548 563.257 326.301
58800000 -378.95 920.602 299.557 541.651 326.052
58900000 -334.426 919.631 299.241 585.205 327.231
59000000 -334.782 918.834 298.981 584.052 328.304
59100000 -333.282 922.816 300.277 589.534 329.059
59200000 -338.765 922.461 300.162 583.696 329.711
59300000 -323.142 911.82 296.699 588.677 329.389
59400000 -370.762 930.649 302.826 559.886 330.53
59500000 -381.954 917.087 298.413 535.134 331.054
59600000 -379.686 927.291 301.733 547.605 331.418
59700000 -409.293 901.634 293.384 492.341 331.544
59800000 -428.002 932.19 303.327 504.189 331.625
59900000 -394.878 930.752 302.859 535.874 332.965
60000000 -394.625 924.773 300.914 530.148 333.66
60100000 -376.051 917.639 298.593 541.588 333.054
60200000 -354.841 921.471 299.839 566.63 333.582
60300000 -389.115 942.432 306.66 553.317 333.519
60400000 -354.606 934.921 304.216 580.316 331.849
60500000 -394.927 915.921 298.033 520.994 330.476
60600000 -373.973 922.522 300.181 548.548 330.387
60700000 -386.178 925.176 301.045 538.998 329.897
60800000 -383.808 932.779 303.519 548.971 330.616
60900000 -352.558 897.754 292.122 545.196 330.578
61000000 -371.826 926.209 301.381 554.383 330.69
61100000 -381.788 915.01 297.737 533.222 330.371
61200000 -396.105 917.141 298.43 521.036 330.55
61300000 -391.894 919.456 299.184 527.563 331.39
61400000 -379.803 897.788 292.133 517.985 332.589
61500000 -358.734 921.745 299.929 563.011 332.661
61600000 -336.603 921.302 299.784 584.698 332.936
61700000 -350.776 911.554 296.613 560.778 333.82
61800000 -344.489 927.863 301.919 583.374 334.826
61900000 -358.192 913.848 297.359 555.656 335.016
62000000 -362.567 917.006 298.387 554.44 335.396
62100000 -384.165 929.167 302.344 545.002 337.089
62200000 -381.895 918.727 298.947 536.832 337.931
62300000 -363.363 931.706 303.17 568.343 338.053
62400000 -340.273 908.158 295.507 567.884 339.867
62500000 -327.022 921.633 299.892 594.611 340.218
62600000 -352.472 923.844 300.612 571.372 341.442
62700000 -351.282 920.528 299.532 569.246 342.899
62800000 -362.861 906.564 294.989 543.703 342.749
62900000 -368.16 924.416 300.798 556.255 342.581
63000000 -360.13 911.388 296.558 551.258 342.709
63100000 -374.977 921.501 299.849 546.524 343.026
63200000 -354.774 925.533 301.161 570.76 343.825
63300000 -356.219 927.132 301.681 570.912 343.367
63400000 -360.043 921.594 299.88 561.552 345.052
63500000 -364.079 913.015 297.088 548.935 345.776
63600000 -345.44 939.374 305.665 593.933 346.471
63700000 -347.153 924.506 300.827 577.353 346.025
63800000 -355.87 921.093 299.716 565.223 345.846
63900000 -352.858 924.845 300.937 571.987 345.425
64000000 -342.159 910.658 296.321 568.499 345.731
64100000 -294.118 915.072 297.757 620.954 345.563
64200000 -320.015 922.088 300.04 602.072 344.962
64300000 -350.116 908.324 295.561 558.208 345.555
64400000 -346.959 922.638 300.219 575.679 345.993
64500000 -351.271 926.278 301.404 575.007 345.463
64600000 -383.719 912.651 296.97 528.933 344.634
64700000 -354.043 932.062 303.286 578.019 344.119
64800000 -371.198 925.289 301.082 554.09 343.827
64900000 -339.662 923.682 300.559 584.021 344.76
65000000 -369.477 918.735 298.949 549.258 344.774
65100000 -348.048 916.918 298.358 568.87 345.22
65200000 -343.354 909.396 295.91 566.042 346.32
65300000 -380.635 927.579 301.827 546.944 347.054
65400000 -364.946 908.833 295.727 543.887 348.312
65500000 -400.091 920.774 299.613 520.683 349.28
65600000 -363.192 913.233 297.159 550.042 349.937
65700000 -346.724 916.996 298.383 570.272 349.955
65800000 -356.258 919.24 299.113 562.982 350.211
65900000 -369.373 919.272 299.124 549.9 350.563
66000000 -369.309 912.26 296.842 542.951 350.198
66100000 -378.9 915.595 297.927 536.696 351.491
66200000 -313.758 928.805 302.226 615.046 352.532
66300000 -359.476 939.806 305.805 580.33 352.824
66400000 -336.78 925.35 301.102 588.57 351.828
66500000 -374.654 937.084 304.92 562.43 351.387
66600000 -410.17 934.376 304.039 524.207 352.032
66700000 -426.311 918.694 298.936 492.383 351.796
66800000 -419.097 924.109 300.698 505.012 352.044
66900000 -392.951 920.003 299.362 527.052 352.416
67000000 -418.222 920.643 299.57 502.422 352.642
67100000 -373.382 918.716 298.943 545.334 353.313
67200000 -391.804 928.82 302.231 537.015 354.918
67300000 -376.256 898.156 292.253 521.901 355.074
67400000 -386.855 937.154 304.943 550.299 355.2
67500000 -376.707 921.05 299.703 544.343 356.196
67600000 -390.36 915.257 297.817 524.897 355.873
67700000 -380.356 931.086 302.968 550.729 355.656
67800000 -398.934 918.392 298.837 519.458 354.842
67900000 -398.85 926.673 301.532 527.823 354.679
68000000 -363.056 920.928 299.663 557.872 353.763
68100000 -398.393 935.94 304.548 537.547 353.537
68200000 -382.275 933.391 303.718 551.116 354.142
68300000 -323.166 930.96 302.927 607.793 354.529
68400000 -313.793 920.56 299.543 606.767 355.43
68500000 -293.435 924.367 300.782 630.932 356.049
68600000 -315.429 928.958 302.276 613.529 355.895
68700000 -317.888 909.692 296.007 591.804 355.34
68800000 -291.864 919.086 299.063 627.221 355.34
68900000 -334.832 914.248 297.489 579.416 356.533
69000000 -324.59 914.907 297.704 590.317 357.035
69100000 -347.904 914.79 297.665 566.886 357.034
69200000 -370.237 922.512 300.178 552.275 356.752
69300000 -342.088 922.243 300.091 580.155 357.288
69400000 -366.518 924.461 300.812 557.943 357.182
69500000 -365.298 924.853 300.94 559.555 357.628
69600000 -328.813 909.255 295.864 580.442 357.899
69700000 -319.809 922.722 300.247 602.913 358.251
69800000 -338.775 928.63 302.169 589.855 359.207
69900000 -351.19 910.851 296.384 559.661 359.008
70000000 -344.233 918.195 298.773 573.961 359.264
70100000 -362.924 924.585 300.853 561.661 360.539
70200000 -352.146 913.469 297.235 561.323 360.512
70300000 -337.78 911.972 296.749 574.192 360.281
70400000 -345.474 926.033 301.324 580.559 360.735
70500000 -321.563 924.191 300.724 602.628 360.956
70600000 -325.153 921.7 299.914 596.547 360.034
70700000 -363.819 926.478 301.469 562.659 359.817
70800000 -379.28 922.386 300.137 543.106 360.185
70900000 -399.534 923.318 300.44 523.784 360.28
71000000 -357.709 924.897 300.954 567.188 360.879
71100000 -338.547 915.053 297.751 576.506 360.708
71200000 -358.648 916.396 298.188 557.748 361.061
71300000 -334.891 922.159 300.063 587.268 360.727
71400000 -378.988 927.186 301.699 548.198 360.82
71500000 -375.153 925.996 301.312 550.843 361.314
71600000 -390.946 926.158 301.365 535.212 361.108
71700000 -430.763 922.222 300.084 491.46 360.869
71800000 -413.036 925.096 301.019 512.06 361.179
71900000 -349.833 922.931 300.315 573.098 361.296
72000000 -352.78 930.201 302.68 577.421 360.453
72100000 -341.67 935.014 304.246 593.344 361.703
72200000 -349.202 922.876 300.297 573.675 362.289
72300000 -339.082 922.573 300.198 583.491 362.719
72400000 -340.244 922.582 300.201 582.338 362.18
72500000 -342.605 924.142 300.708 581.537 362.728
72600000 -365.312 916.736 298.299 551.425 362.283
72700000 -382.208 917.034 298.396 534.827 361.748
72800000 -399.556 931.257 303.024 531.701 362.945
72900000 -396.886 925.768 301.238 528.882 363.076
73000000 -387.513 926.814 301.578 539.301 363.245
73100000 -393.157 927.719 301.872 534.562 362.983
73200000 -388.412 934.684 304.139 546.272 364.206
73300000 -379.23 922.591 300.204 543.361 365.118
73400000 -400.938 929.218 302.36 528.28 366.423
73500000 -383.622 927.105 301.673 543.483 366.85
73600000 -368.402 922.506 300.176 554.104 366.792
73700000 -345.175 920.5 299.524 575.325 366.649
73800000 -393 922.764 300.26 529.763 367.131
73900000 -373.445 931.78 303.194 558.335 367.027
74000000 -397.027 917.161 298.437 520.133 366.61
74100000 -374.36 912.039 296.77 537.679 367.379
74200000 -390.928 923.463 300.488 532.535 368.125
74300000 -391.99 915.872 298.018 523.882 368.39
74400000 -386.987 925.588 301.179 538.601 368.223
74500000 -392.146 906.549 294.984 514.402 368.919
74600000 -419.4 917.894 298.676 498.494 369.306
74700000 -393.035 915.807 297.996 522.772 370.525
74800000 -404.094 933.506 303.756 529.412 371.838
74900000 -405.38 924.029 300.672 518.649 371.721
75000000 -421.807 920.441 299.504 498.634 371.144
75100000 -433.235 911.947 296.74 478.713 370.902
75200000 -402.572 925.566 301.172 522.993 371.188
75300000 -375.877 916.51 298.225 540.633 371.236
75400000 -371.482 927.48 301.795 555.997 371.128
75500000 -384.014 912.3 296.855 528.286 370.672
75600000 -376.859 918.126 298.751 541.267 371.028
75700000 -337.326 930.119 302.653 592.793 370.971
75800000 -352.353 921.704 299.915 569.351 371.428
75900000 -403.991 929.163 302.342 525.172 372.118
76000000 -399.339 925.253 301.07 525.914 372.442
76100000 -429.611 927.524 301.809 497.914 372.71
76200000 -408.114 921.905 299.981 513.792 373.3
76300000 -396.934 933.394 303.719 536.46 373.482
76400000 -379.876 930.366 302.734 550.49 372.807
76500000 -359.567 917.243 298.464 557.676 373.53
76600000 -336.204 939.194 305.606 602.991 373.619
76700000 -388.466 927.661 301.854 539.195 374.083
76800000 -352.088 923.465 300.488 571.377 374.086
76900000 -370.806 923.388 300.463 552.582 374.632
77000000 -345.011 928.51 302.13 583.498 375.826
77100000 -378.89 925.194 301.051 546.305 375.526
77200000 -357.925 926.069 301.336 568.145 376.835
77300000 -363.441 923.458 300.486 560.017 377.155
77400000 -350.979 917.474 298.539 566.495 376.639
77500000 -382.972 922.474 300.166 539.502 376.095
77600000 -348.158 922.104 300.045 573.946 374.832
77700000 -338.569 912.152 296.807 573.583 375.45
77800000 -324.758 911.731 296.67 586.973 375.645
77900000 -360.279 925.395 301.116 565.117 375.475
78000000 -343.264 924.399 300.792 581.136 374.625
78100000 -372.467 908.962 295.769 536.496 374.218
78200000 -398.195 915.547 297.912 517.352 373.788
78300000 -372.989 923.518 300.505 550.528 373.302
78400000 -345.729 926.941 301.619 581.212 373.627
78500000 -357.791 933.159 303.643 575.368 374.074
78600000 -369.704 927.933 301.942 558.23 374.605
78700000 -388.947 929.33 302.397 540.383 375.094
78800000 -386.107 926.806 301.575 540.699 375.305
78900000 -378.111 917.939 298.69 539.828 376.121
79000000 -383.922 916.021 298.066 532.1 376.396
79100000 -401.605 915.603 297.93 513.998 376.192
79200000 -375.556 921.351 299.801 545.796 376.06
79300000 -407.803 918.534 298.884 510.731 375.804
79400000 -411.698 928.419 302.1 516.721 375.363
79500000 -399.876 941.135 306.238 541.258 375.756
79600000 -395.545 923.409 300.47 527.864 376.385
79700000 -404.08 925.811 301.252 521.731 377.154
79800000 -398.49 929.377 302.412 530.887 378.402
79900000 -388.9 941.696 306.42 552.796 377.991
80000000 -394.606 926.898 301.605 532.292 378.663
80100000 -396.731 922.806 300.274 526.074 379.214
80200000 -369.924 924.537 300.837 554.613 379.438
80300000 -367.092 909.198 295.846 542.106 379.239
80400000 -387.22 925.723 301.223 538.502 380.194
80500000 -385.41 924.858 300.942 539.449 379.823
80600000 -380.87 920.69 299.585 539.819 379.689
80700000 -353.774 934.653 304.129 580.879 379.381
80800000 -368.796 940.424 306.006 571.627 380.138
80900000 -345.032 915.782 297.988 570.75 380.803
81000000 -363.853 909.508 295.947 545.656 381.015
81100000 -353.428 921.491 299.846 568.064 380.946
81200000 -315.148 916.475 298.214 601.327 380.601
81300000 -334.441 922.406 300.144 587.966 379.437
81400000 -335.642 922.039 300.024 586.397 380.061
81500000 -350.796 919.643 299.245 568.847 381.02
81600000 -347.133 909.374 295.903 562.242 381.48
81700000 -334.453 939.021 305.55 604.569 380.957
81800000 -336.431 924.363 300.78 587.931 380.986
81900000 -362.886 928.734 302.203 565.849 380.898
82000000 -388.185 923.096 300.368 534.912 380.23
82100000 -361.714 918.945 299.018 557.231 380.74
82200000 -356.255 918.993 299.033 562.738 381.784
82300000 -348.046 912.847 297.033 564.802 383
82400000 -354.863 933.025 303.599 578.162 382.562
82500000 -330.437 920.838 299.633 590.4 383.431
82600000 -361.186 915.37 297.854 554.184 383.775
82700000 -348.908 919.432 299.176 570.524 383.061
82800000 -366.437 935.141 304.288 568.704 382.92
82900000 -309.247 928.611 302.163 619.364 382.164
83000000 -311.362 927.39 301.765 616.028 382.539
83100000 -338.797 921.903 299.98 583.106 382.75
83200000 -357.284 910.083 296.134 552.799 382.455
83300000 -346.052 916.674 298.279 570.623 383.707
83400000 -391.029 917.673 298.603 526.644 383.869
83500000 -343.075 928.964 302.278 585.889 384.243
83600000 -379 929.2 302.354 550.2 385.084
83700000 -388.193 927.225 301.712 539.032 385.338
83800000 -380.527 934.076 303.941 553.549 386.788
83900000 -389.159 922.04 300.025 532.881 387.279
84000000 -365.543 915.391 297.861 549.849 388.218
84100000 -404.724 916.942 298.366 512.218 388.744
84200000 -411.56 919.811 299.299 508.251 389.086
84300000 -395.481 921.414 299.821 525.934 390.193
84400000 -384.093 918.024 298.718 533.931 391.237
84500000 -354.256 920.659 299.575 566.403 392.069
84600000 -361.926 930.14 302.66 568.215 391.681
84700000 -369.493 921.611 299.885 552.118 391.107
84800000 -387.54 917.44 298.528 529.9 392.096
84900000 -393.371 917.864 298.666 524.493 392.279
85000000 -388.52 917.962 298.698 529.442 394.085
85100000 -372.748 920.758 299.607 548.01 394.566
85200000 -350.719 927.178 301.696 576.459 395.218
85300000 -344.408 918.136 298.754 573.728 394.242
85400000 -325.058 925.021 300.994 599.963 392.923
85500000 -321.802 923.668 300.554 601.866 393.005
85600000 -351.678 931.163 302.993 579.485 393.807
85700000 -348.459 915.072 297.757 566.614 394.404
85800000 -351.54 923.693 300.562 572.154 395.277
85900000 -351.358 918.322 298.815 566.963 395.68
86000000 -370.937 928.446 302.109 557.509 396.164
86100000 -364.782 909.232 295.857 544.45 397.643
86200000 -335.793 938.362 305.336 602.569 398.518
86300000 -371.663 927.975 301.956 556.311 399.344
86400000 -400.195 913.853 297.361 513.658 399.911
86500000 -326.569 927.676 301.858 601.107 399.427
86600000 -351.639 927.734 301.877 576.095 399.471
86700000 -342.099 914.726 297.645 572.627 400.513
86800000 -316.299 915.27 297.821 598.97 400.686
86900000 -289.822 916.362 298.177 626.539 401.167
87000000 -318.285 912.728 296.994 594.442 401.933
87100000 -340.764 923.289 300.431 582.526 401.457
87200000 -373.047 914.732 297.646 541.684 401.762
87300000 -373.586 927.508 301.804 553.922 402.4
87400000 -380.439 918.271 298.798 537.831 402.379
87500000 -388.977 917.959 298.697 528.983 403.19
87600000 -388.922 921.615 299.886 532.693 404.28
87700000 -401.652 921.584 299.876 519.932 404.301
87800000 -409.558 925.404 301.119 515.846 404.938
87900000 -368.364 930.842 302.889 562.478 404.503
88000000 -336.603 933.666 303.808 597.063 403.739
88100000 -338.472 930.577 302.802 592.105 404.221
88200000 -333.926 916.749 298.303 582.823 405.045
88300000 -329.41 905.568 294.665 576.157 405.158
88400000 -307.48 908.45 295.603 600.971 404.907
88500000 -293.089 920.238 299.438 627.149 404.606
88600000 -275.473 915.548 297.912 640.075 404.703
88700000 -301.103 917.789 298.641 616.686 406.403
88800000 -361.692 916.232 298.135 554.54 407.117
88900000 -334.292 923.536 300.511 589.244 408.475
89000000 -356.955 914.317 297.512 557.363 409.518
89100000 -366.387 926.73 301.551 560.343 411.526
89200000 -373.071 925.606 301.185 552.535 410.827
89300000 -366.288 920.227 299.435 553.94 411.471
89400000 -352.362 922.803 300.273 570.44 411.79
89500000 -331.899 909.589 295.973 577.69 412.116
89600000 -331.801 918.695 298.936 586.894 411.753
89700000 -358.562 918.69 298.934 560.128 411.028
89800000 -336.656 915.751 297.978 579.096 411.967
89900000 -341.575 918.881 298.997 577.306 411.443
90000000 -289.571 918.049 298.726 628.477 413.155
90100000 -305.879 909.855 296.06 603.976 413.384
90200000 -370.778 926.552 301.493 555.774 413.696
90300000 -342.646 919.952 299.345 577.306 413.901
90400000 -324.377 924.608 300.86 600.231 414.629
90500000 -334.213 920.189 299.422 585.976 415.109
90600000 -339.204 910.658 296.321 571.454 415.78
90700000 -381.267 926.702 301.542 545.435 415.61
90800000 -376.059 929.024 302.297 552.965 415.401
90900000 -378.802 918.363 298.828 539.561 416.366
91000000 -327.157 909.83 296.052 582.674 416.475
91100000 -349.15 912.217 296.828 563.067 417.085
91200000 -356.719 926.515 301.481 569.796 417.313
91300000 -309.055 927.154 301.689 618.099 418.266
91400000 -275.413 914.277 297.498 638.864 419.046
91500000 -302.149 922.42 300.148 620.271 419.463
91600000 -357.132 913.752 297.328 556.62 419.379
91700000 -327.888 917.146 298.432 589.258 418.917
91800000 -346.155 924.576 300.85 578.421 418.447
91900000 -369.793 931.857 303.219 562.064 418.931
92000000 -364.315 916.659 298.274 552.345 419.215
92100000 -332.766 935.05 304.258 602.284 418.822
92200000 -346.88 930.789 302.872 583.91 418.532
92300000 -310.992 930.164 302.668 619.172 420.106
92400000 -305.726 921.699 299.914 615.974 420.733
92500000 -355.276 913.279 297.174 558.004 420.771
92600000 -366.329 914.875 297.693 548.546 421.04
92700000 -349.162 912.605 296.955 563.443 421.1
92800000 -316.748 916.284 298.152 599.536 421.223
92900000 -377.268 923.863 300.618 546.595 420.957
93000000 -376.054 917.927 298.686 541.874 420.563
93100000 -347.393 918.788 298.966 571.395 419.935
93200000 -354.796 922.858 300.291 568.062 421.434
93300000 -354.691 927.273 301.727 572.582 422.486
93400000 -327.561 924.87 300.946 597.309 422.629
93500000 -332.246 917.615 298.585 585.37 422.754
93600000 -344.271 915.538 297.909 571.267 422.719
93700000 -343.29 923.385 300.462 580.094 422.498
93800000 -330.977 922.539 300.187 591.562 423.173
93900000 -383.05 922.271 300.1 539.221 423.728
94000000 -391.546 908.783 295.711 517.237 423.724
94100000 -348.687 912.438 296.9 563.752 423.26
94200000 -372.142 926.447 301.458 554.304 424.187
94300000 -384.357 923.013 300.341 538.656 423.354
94400000 -366.042 913.108 297.118 547.067 423.744
94500000 -337.646 921.216 299.756 583.57 423.401
94600000 -315.779 922.177 300.069 606.398 424.298
94700000 -370.103 933.137 303.635 563.034 424.797
94800000 -359.304 916.755 298.305 557.451 424.764
