# Time-averaged data for fix favg
# TimeStep v_vpe v_vke v_vT v_vE v_vRg
5100000 -49.9435 1106.1 301.441 1056.16 120.38
5200000 -114.353 1091.71 297.52 977.36 120.466
5300000 -112.281 1098.84 299.462 986.557 120.859
5400000 -77.1461 1105.69 301.329 1028.54 121.741
5500000 -66.0432 1099.26 299.576 1033.21 123.06
5600000 -55.4833 1085.27 295.765 1029.79 123.976
5700000 -97.4056 1090.76 297.26 993.353 124.204
5800000 -73.1854 1102.59 300.485 1029.41 124.508
5900000 -67.489 1105.79 301.355 1038.3 125.643
6000000 -44.7048 1088.04 296.518 1043.33 127.035
6100000 -77.0551 1093.93 298.123 1016.87 127.991
6200000 -79.2728 1101.65 300.229 1022.38 126.905
6300000 -108.883 1084.54 295.566 975.661 127.943
6400000 -42.3816 1103.63 300.767 1061.25 129.419
6500000 -58.2671 1104.1 300.896 1045.83 130.662
6600000 -99.9246 1086.84 296.192 986.914 130.514
6700000 -67.6029 1116.13 304.175 1048.53 131.011
6800000 -23.7833 1088.99 296.778 1065.21 132.098
6900000 -34.3604 1095.94 298.672 1061.58 132.603
7000000 -42.2758 1105.82 301.364 1063.54 131.532
7100000 -67.044 1101.84 300.279 1034.79 130.793
7200000 -89.4956 1092.68 297.784 1003.19 131.192
7300000 -34.6821 1098.14 299.27 1063.45 131.035
7400000 -41.9208 1113.46 303.445 1071.54 131.812
7500000 -82.7474 1095.05 298.429 1012.3 133.188
7600000 -39.7153 1095.61 298.582 1055.89 134.348
7700000 -64.1708 1094.35 298.238 1030.18 135.196
7800000 -66.7613 1102.9 300.57 1036.14 134.879
7900000 -72.8379 1087.05 296.249 1014.21 135.008
8000000 -92.8205 1111.83 303.003 1019.01 135.788
8100000 -81.9958 1102.99 300.592 1020.99 135.35
8200000 -82.3616 1112.5 303.184 1030.13 134.758
8300000 -50.3001 1089.54 296.928 1039.24 134.966
8400000 -29.3285 1090.36 297.15 1061.03 135.506
8500000 -34.8904 1102.76 300.53 1067.87 135.445
8600000 -54.9548 1114.84 303.823 1059.89 135.4
8700000 -25.0647 1109.49 302.364 1084.42 135.431
8800000 -71.2663 1090.87 297.291 1019.61 136.571
8900000 -50.9042 1091.85 297.559 1040.95 137.036
9000000 -58.1669 1107.28 301.762 1049.11 136.841
9100000 -119.721 1099.88 299.747 980.163 138.495
9200000 -72.3461 1095.3 298.498 1022.95 139.112
9300000 -67.8229 1093.9 298.116 1026.08 140.631
9400000 -89.4541 1108.36 302.057 1018.91 141.991
9500000 -100.323 1105.78 301.354 1005.46 142.245
9600000 -69.4731 1102.99 300.593 1033.52 142.313
9700000 -62.2653 1112.96 303.311 1050.7 143.415
9800000 -42.6917 1101.19 300.103 1058.5 144.663
9900000 -39.3002 1101.12 300.083 1061.82 144.29
10000000 -22.0092 1107.2 301.742 1085.2 145.182
10100000 -46.1295 1098.63 299.406 1052.5 145.634
10200000 -46.0392 1098.55 299.382 1052.51 146.642
10300000 -19.1482 1109.84 302.46 1090.69 147.3
10400000 -4.58832 1098.4 299.342 1093.81 147.758
10500000 -60.5084 1083.06 295.161 1022.55 147.089
10600000 -56.8222 1108.49 302.092 1051.67 146.998
10700000 -47.589 1080.99 294.599 1033.4 148.744
10800000 -37.558 1099.51 299.646 1061.96 149.181
10900000 -57.1331 1100.5 299.915 1043.37 149.436
11000000 -29.557 1106.05 301.426 1076.49 149.506
11100000 -47.101 1099.86 299.739 1052.75 150.443
11200000 -39.8293 1110.14 302.541 1070.31 151.104
11300000 -43.3115 1089.19 296.832 1045.88 150.962
11400000 -66.512 1100.73 299.978 1034.22 151.453
11500000 -48.7567 1110.32 302.592 1061.57 151.915
11600000 -50.3343 1088.56 296.66 1038.22 152.044
11700000 -95.7103 1105.95 301.4 1010.24 151.977
11800000 -114.809 1108.21 302.016 993.403 152.442
11900000 -85.8289 1102.34 300.417 1016.52 151.409
12000000 -73.7665 1102.23 300.386 1028.46 150.613
12100000 -94.5257 1101.53 300.196 1007.01 151.153
12200000 -87.3237 1085.86 295.924 998.533 151.205
12300000 -96.5649 1104.57 301.025 1008.01 151.173
12400000 -100.838 1110 302.504 1009.16 150.334
12500000 -56.0135 1095.41 298.528 1039.4 150.525
12600000 -67.6806 1089.57 296.935 1021.89 151.949
12700000 -53.549 1109.32 302.318 1055.77 152.818
12800000 -45.6341 1109.62 302.399 1063.98 152.313
12900000 -26.6316 1098.61 299.401 1071.98 151.614
13000000 -27.518 1104.7 301.06 1077.19 151.115
13100000 -93.2567 1088.16 296.552 994.905 151.339
13200000 -76.4636 1098 299.234 1021.54 151.812
13300000 -57.0859 1099.38 299.61 1042.3 152.79
13400000 -83.8925 1090.27 297.128 1006.38 152.265
13500000 -57.3992 1093.64 298.046 1036.25 153.149
13600000 -70.6464 1096.9 298.935 1026.26 154.711
13700000 -55.4053 1105.16 301.184 1049.75 155.553
13800000 -82.8938 1103.24 300.662 1020.35 156.829
13900000 -62.2341 1107.89 301.93 1045.66 157.324
14000000 -73.9813 1101.75 300.256 1027.77 157.434
14100000 -5.80068 1113.11 303.352 1107.31 157.321
14200000 15.1367 1097.93 299.215 1113.07 158.333
14300000 -34.1985 1082.26 294.945 1048.07 158.611
14400000 -43.5989 1088.47 296.637 1044.88 157.778
14500000 -59.7734 1104.06 300.884 1044.28 157.395
14600000 -117.603 1107.86 301.921 990.26 158.589
14700000 -88.0399 1110.55 302.654 1022.51 158.494
14800000 -98.4116 1104.06 300.885 1005.65 157.601
14900000 -95.9014 1101.54 300.199 1005.64 157.532
15000000 -118.811 1100.9 300.024 982.091 158.098
15100000 -81.2422 1096.03 298.695 1014.78 159.298
15200000 -66.1349 1089.51 296.919 1023.37 160.442
15300000 -39.5603 1106.5 301.549 1066.93 160.718
15400000 -80.9246 1092.74 297.801 1011.82 161.33
15500000 -82.7521 1099.94 299.761 1017.18 161.437
15600000 -71.2046 1099.72 299.702 1028.52 163.415
15700000 -50.9805 1104.84 301.098 1053.86 164.203
15800000 -76.5439 1105.22 301.202 1028.68 163.85
15900000 -82.5388 1095.78 298.628 1013.24 164.277
16000000 -68.2117 1118.35 304.779 1050.14 165.205
16100000 -62.6463 1115.5 304.003 1052.86 165.801
16200000 -32.6793 1094.4 298.253 1061.72 166.1
16300000 -40.2471 1098.48 299.365 1058.24 165.812
16400000 -56.2262 1101.56 300.204 1045.34 166.732
16500000 -20.6621 1113.16 303.364 1092.49 167.269
16600000 -91.0676 1097.45 299.084 1006.38 167.693
16700000 -92.8679 1093.79 298.087 1000.93 168.003
16800000 -102.439 1096.14 298.726 993.699 168.508
16900000 -54.0655 1102.16 300.368 1048.1 168.486
17000000 -109.674 1096.8 298.906 987.127 168.347
17100000 -48.1396 1090.46 297.178 1042.32 168.753
17200000 -60.6846 1099.75 299.71 1039.07 169.478
17300000 -89.9129 1096.76 298.895 1006.84 169.876
17400000 -70.963 1090.7 297.244 1019.74 171.179
17500000 -107.538 1099.28 299.582 991.742 171.926
17600000 -75.5578 1099.76 299.713 1024.2 172.663
17700000 -105.369 1122.57 305.929 1017.2 173.274
17800000 -76.9053 1099.36 299.605 1022.46 173.442
17900000 -74.3083 1102.87 300.561 1028.56 173.943
18000000 -73.0797 1117.04 304.422 1043.96 174.507
18100000 -96.6155 1098.43 299.351 1001.82 174.397
18200000 -83.4009 1090.47 297.183 1007.07 174.07
18300000 -96.3369 1093.99 298.141 997.654 174.641
18400000 -76.2296 1115.35 303.96 1039.12 174.604
18500000 -53.2771 1108.32 302.047 1055.05 173.922
18600000 -32.2388 1104.19 300.921 1071.95 173.708
18700000 -36.6918 1108.25 302.026 1071.56 174.406
18800000 -66.5028 1110.14 302.542 1043.64 174.582
18900000 -44.0241 1111.65 302.953 1067.62 174.336
19000000 -85.6472 1097.38 299.064 1011.73 173.012
19100000 -63.511 1109.72 302.427 1046.21 173.043
19200000 -33.4764 1104.74 301.069 1071.26 173.498
19300000 -59.0426 1086.79 296.178 1027.74 173.979
19400000 -62.0833 1096.04 298.7 1033.96 174.24
19500000 -109.218 1100.23 299.842 991.017 174.688
19600000 -65.1269 1095.02 298.422 1029.9 176.084
19700000 -114.308 1101.14 300.088 986.829 176.284
19800000 -133.868 1094.55 298.294 960.683 177.168
19900000 -122.804 1115.77 304.076 992.967 176.846
20000000 -125.8 1099.87 299.744 974.075 177.039
20100000 -121.4 1085.73 295.89 964.33 178.325
20200000 -155.48 1106.09 301.439 950.614 179.123
20300000 -78.4089 1109.72 302.428 1031.31 180.142
20400000 -93.639 1095 298.417 1001.36 179.899
20500000 -109.352 1098.32 299.321 988.971 178.759
20600000 -139.263 1104.99 301.139 965.73 178.175
20700000 -112.914 1093.95 298.129 981.033 178.618
20800000 -114.239 1109.47 302.359 995.23 179.146
20900000 -21.4555 1105.39 301.248 1083.94 179.398
21000000 -59.7063 1097.61 299.126 1037.9 179.938
21100000 -52.1481 1106.24 301.478 1054.09 180.579
21200000 -53.4097 1102.17 300.369 1048.76 180.903
21300000 -33.5357 1107.28 301.763 1073.75 180.484
21400000 -56.4458 1104.88 301.109 1048.44 181.316
21500000 -79.1705 1105.55 301.292 1026.38 182.046
21600000 -17.9876 1104.89 301.111 1086.9 183.45
21700000 -28.2164 1099.73 299.705 1071.52 185.109
21800000 -26.3261 1099.93 299.76 1073.61 185.886
21900000 -2.25765 1095.8 298.634 1093.54 185.284
22000000 -19.4674 1099.52 299.646 1080.05 185.75
22100000 -34.1432 1098.69 299.421 1064.54 186.691
22200000 -44.6864 1099.71 299.698 1055.02 187.451
22300000 -63.262 1098.89 299.475 1035.63 188.985
22400000 -71.2666 1104.77 301.077 1033.5 189.171
22500000 -96.475 1105.43 301.259 1008.96 189.986
22600000 -111.303 1094.84 298.371 983.533 190.943
22700000 -85.9358 1092.29 297.678 1006.36 191.707
22800000 -85.7752 1098.97 299.497 1013.19 192.918
22900000 -109.687 1108.23 302.021 998.541 192.72
23000000 -98.6225 1094.97 298.406 996.343 192.871
23100000 -50.4396 1099.5 299.642 1049.06 192.873
23200000 -36.6033 1080.08 294.35 1043.48 193.73
23300000 -49.4037 1100.81 299.999 1051.41 194.385
23400000 -54.172 1111.26 302.847 1057.09 195.4
23500000 -64.6333 1094.85 298.374 1030.21 196.935
23600000 -81.8879 1102.89 300.566 1021 198.325
23700000 -83.2532 1110.08 302.526 1026.83 199.256
23800000 -34.149 1095.76 298.624 1061.61 199.807
23900000 -48.2992 1107.45 301.81 1059.15 201.227
24000000 -81.9279 1101.36 300.149 1019.43 202.829
24100000 -131.301 1095.38 298.52 964.082 203.465
24200000 -86.2915 1103.76 300.804 1017.47 203.493
24300000 -78.6984 1107.12 301.718 1028.42 204.142
24400000 -82.8094 1097.92 299.211 1015.11 203.618
24500000 -50.981 1089.52 296.922 1038.54 203.63
24600000 -45.7808 1096.59 298.85 1050.81 203.573
24700000 -88.1573 1086.25 296.031 998.092 204.421
24800000 -55.0312 1104.35 300.965 1049.32 203.984
24900000 -86.5854 1093.13 297.905 1006.54 204.981
25000000 -73.1275 1102.07 300.343 1028.94 204.395
25100000 -46.871 1110 302.503 1063.13 203.796
25200000 -100.154 1103.17 300.644 1003.02 203.414
25300000 -82.8391 1114.62 303.762 1031.78 203.936
25400000 -94.5845 1106.51 301.552 1011.93 204.006
25500000 -97.8683 1090.07 297.071 992.198 204.323
25600000 -67.2385 1091.97 297.589 1024.73 205.088
25700000 -64.2086 1095.84 298.644 1031.63 205.504
25800000 -39.1347 1099.04 299.516 1059.9 206.504
25900000 -57.9577 1097.08 298.983 1039.12 206.454
26000000 -64.3225 1107.09 301.711 1042.77 206.478
26100000 -60.8784 1102.9 300.569 1042.02 206.786
26200000 -85.5256 1100.22 299.839 1014.7 207.544
26300000 -45.075 1109.82 302.454 1064.74 207.97
26400000 -67.9169 1107.36 301.785 1039.45 208.811
26500000 -61.8773 1104.68 301.053 1042.8 208.128
26600000 -100.589 1103.18 300.645 1002.59 208.407
26700000 -138.636 1100.85 300.011 962.217 209.616
26800000 -87.0375 1106.65 301.59 1019.61 210.159
26900000 -45.2406 1100.86 300.014 1055.62 210.374
27000000 -18.0094 1085.49 295.824 1067.48 210.869
27100000 -39.2303 1094.67 298.326 1055.44 211.491
27200000 -85.8603 1099.42 299.621 1013.56 212.399
27300000 -62.0228 1094.46 298.269 1032.44 211.902
27400000 -14.0502 1089.74 296.983 1075.69 211.417
27500000 -37.9536 1106.58 301.572 1068.63 212.018
27600000 -38.5559 1101.14 300.089 1062.59 212.505
27700000 -65.5427 1101.49 300.185 1035.95 212.595
27800000 -51.5751 1097.57 299.117 1046 212.174
27900000 -69.4998 1080.78 294.54 1011.28 212.156
28000000 -45.786 1108.68 302.145 1062.9 212.698
28100000 -60.9372 1118.91 304.933 1057.98 213.913
28200000 -31.7104 1105.87 301.379 1074.16 215.89
28300000 -27.4894 1093.88 298.111 1066.39 216.839
28400000 -38.1637 1084 295.417 1045.83 217.127
28500000 -42.4282 1100.38 299.882 1057.95 217.484
28600000 -57.3784 1089.41 296.893 1032.04 218.563
28700000 -54.0303 1097.67 299.143 1043.64 219.037
28800000 -96.6614 1102.58 300.482 1005.92 219.425
28900000 -55.4013 1104.22 300.93 1048.82 218.557
29000000 -61.0851 1105.75 301.345 1044.66 217.823
29100000 -60.4585 1102.81 300.545 1042.36 218.117
29200000 -46.1102 1114.13 303.628 1068.02 219.13
29300000 -38.8878 1099.27 299.58 1060.38 219.688
29400000 -69.6761 1099.79 299.721 1030.11 219.487
29500000 -75.4883 1097.35 299.055 1021.86 220.1
29600000 -73.2366 1104.73 301.068 1031.49 220.674
29700000 -89.6435 1117.76 304.618 1028.11 222.036
29800000 -103.297 1101.66 300.231 998.364 222.973
29900000 -92.2748 1080.43 294.446 988.158 224.202
30000000 -86.6177 1082.54 295.019 995.92 224.522
30100000 -72.0839 1104 300.869 1031.92 224.488
30200000 -76.4496 1091.17 297.372 1014.72 225.452
30300000 -64.3054 1098.32 299.321 1034.02 224.918
30400000 -58.4178 1107.97 301.949 1049.55 225.625
30500000 -124.163 1105.54 301.289 981.382 226.098
30600000 -169.489 1091.68 297.512 922.196 225.707
30700000 -125.072 1098.41 299.346 973.341 225.448
30800000 -103.867 1110.37 302.604 1006.5 226.434
30900000 -133.882 1102.96 300.584 969.074 228.507
31000000 -117.407 1108.25 302.027 990.846 229.899
31100000 -64.2731 1084.56 295.57 1020.29 230.514
31200000 -76.209 1100.57 299.934 1024.36 230.876
31300000 -63.7052 1096.52 298.829 1032.81 230.022
31400000 -46.9622 1090.65 297.232 1043.69 229.618
31500000 -59.881 1101.6 300.213 1041.71 229.403
31600000 -32.9697 1097.44 299.08 1064.47 229.569
31700000 -115.766 1107.42 301.801 991.656 229.875
31800000 -115.95 1096.84 298.918 980.893 230.476
31900000 -123.609 1103.35 300.691 979.741 229.145
32000000 -82.3303 1093.92 298.121 1011.59 228.652
32100000 -109.292 1111.82 302.999 1002.53 228.807
32200000 -61.3763 1099.37 299.607 1037.99 229.195
32300000 -54.7687 1090.73 297.252 1035.96 229.017
32400000 -90.0542 1098.96 299.496 1008.91 228.893
32500000 -72.4179 1099.97 299.769 1027.55 229.247
32600000 -100.149 1093.8 298.088 993.647 230.364
32700000 -98.8807 1105.37 301.242 1006.49 230.965
32800000 -94.3407 1101.26 300.12 1006.91 232.575
32900000 -68.3544 1087.11 296.266 1018.76 232.331
33000000 -99.1442 1096.6 298.852 997.456 232.592
33100000 -123.643 1083.81 295.368 960.172 232.731
33200000 -87.3715 1098.39 299.34 1011.02 233.273
33300000 -68.9891 1104.91 301.117 1035.92 233.48
33400000 -66.9932 1090.6 297.216 1023.6 233.022
33500000 -50.8616 1104.83 301.095 1053.97 233.949
33600000 -85.6505 1099.76 299.712 1014.11 234.546
33700000 -87.7801 1101.25 300.118 1013.47 235.453
33800000 -44.1231 1094.46 298.269 1050.34 235.333
33900000 -26.3122 1101.14 300.089 1074.83 235.059
34000000 -22.4817 1099.01 299.51 1076.53 236.151
34100000 -69.4328 1098.82 299.457 1029.39 236.508
34200000 -58.2142 1109.3 302.312 1051.08 237.279
34300000 -45.584 1088.48 296.639 1042.9 237.313
34400000 -82.3164 1095.51 298.554 1013.19 236.794
34500000 -89.3986 1095.61 298.581 1006.21 237.287
34600000 -79.0778 1098.75 299.438 1019.67 238.638
34700000 -65.2969 1104.4 300.979 1039.11 239.158
34800000 -69.4499 1101.7 300.241 1032.25 238.697
34900000 -54.6323 1088.41 296.62 1033.78 238.756
35000000 -89.1932 1093.44 297.992 1004.25 237.76
35100000 -76.3858 1101.21 300.109 1024.83 239.201
35200000 -84.0505 1088.41 296.62 1004.36 240.559
35300000 -116.159 1094.66 298.322 978.498 240.83
35400000 -111.131 1092.47 297.727 981.343 240.413
35500000 -123.793 1110.2 302.559 986.411 241.018
35600000 -82.877 1094.47 298.272 1011.6 240.906
35700000 -111.252 1104.03 300.876 992.776 241.505
35800000 -113.012 1093.27 297.945 980.262 241.303
35900000 -113.285 1091.05 297.339 977.764 241.23
36000000 -103.589 1104.32 300.956 1000.73 241.926
36100000 -99.4788 1106.29 301.492 1006.81 242.796
36200000 -66.5086 1098.23 299.297 1031.72 243.554
36300000 -45.7268 1090.75 297.257 1045.02 245.192
36400000 -48.0957 1109.11 302.262 1061.02 245.789
36500000 -69.3939 1098.75 299.437 1029.35 246.29
36600000 -105.237 1100.94 300.033 995.699 246.234
36700000 -103.564 1095.13 298.451 991.564 246.843
36800000 -88.5081 1103.46 300.723 1014.96 247.548
36900000 -63.7556 1097.24 299.026 1033.48 246.734
37000000 -96.8645 1101.74 300.253 1004.88 245.591
37100000 -101.563 1116.56 304.29 1014.99 244.906
37200000 -83.1371 1090.12 297.085 1006.98 244.961
37300000 -64.7703 1100.79 299.994 1036.02 245.211
37400000 -45.9911 1088.12 296.542 1042.13 246.632
37500000 -12.461 1105.52 301.283 1093.06 245.828
37600000 -39.5571 1099.7 299.697 1060.14 246.128
37700000 -82.6521 1097.11 298.991 1014.46 246.464
37800000 -99.2751 1093.36 297.968 994.082 247.313
37900000 -125.815 1092.63 297.77 966.816 247.657
38000000 -98.1312 1095.15 298.456 997.017 249.376
38100000 -80.4187 1102.05 300.336 1021.63 249.66
38200000 -80.2428 1098.8 299.452 1018.56 250.125
38300000 -67.2628 1106.65 301.592 1039.39 249.998
38400000 -36.2089 1105.02 301.146 1068.81 250.615
38500000 -44.0503 1099.63 299.678 1055.58 251.246
38600000 -58.1106 1086.99 296.232 1028.88 251.231
38700000 -73.8621 1096.56 298.841 1022.7 251.014
38800000 -47.1045 1120.16 305.273 1073.06 252.244
38900000 -43.6097 1100.03 299.786 1056.42 252.975
39000000 -47.7371 1101.91 300.3 1054.18 252.805
39100000 -86.8689 1099.61 299.671 1012.74 253.355
39200000 -113.39 1102.25 300.392 988.861 253.388
39300000 -65.3961 1102.05 300.336 1036.65 254.194
39400000 -50.8764 1106.11 301.445 1055.24 254.157
39500000 -93.7606 1091.2 297.38 997.44 253.226
39600000 -100.983 1095.02 298.422 994.042 253.909
39700000 -77.2991 1097.08 298.982 1019.78 254.33
39800000 -74.5724 1104.2 300.923 1029.63 254.929
39900000 -116.759 1103.21 300.654 986.455 256.248
40000000 -81.4378 1103.35 300.691 1021.91 256.695
40100000 -123.958 1097.83 299.186 973.867 255.67
40200000 -90.1754 1103.14 300.635 1012.97 255.845
40300000 -54.9308 1099.44 299.626 1044.51 255.355
40400000 -51.3453 1106.35 301.51 1055.01 255.204
40500000 -88.119 1087.13 296.272 999.014 254.373
40600000 -92.3944 1102.78 300.536 1010.38 254.539
40700000 -79.3627 1101.43 300.167 1022.06 255.119
40800000 -127.087 1098.7 299.423 971.609 254.891
40900000 -122.616 1099.12 299.539 976.505 254.102
41000000 -120.093 1084.69 295.606 964.596 253.881
41100000 -74.8065 1088.24 296.575 1013.44 254.351
41200000 -84.8148 1104.54 301.015 1019.72 254.638
41300000 -91.7209 1108.25 302.028 1016.53 254.608
41400000 -77.9067 1104.09 300.893 1026.18 255.24
41500000 -105.832 1099.31 299.589 993.474 254.862
41600000 -91.2775 1099.55 299.656 1008.27 254.957
41700000 -71.3473 1081.78 294.813 1010.43 255.974
41800000 -90.9215 1086.75 296.168 995.83 256.359
41900000 -83.1297 1108.72 302.156 1025.59 257.024
42000000 -55.0997 1096.02 298.695 1040.92 257.539
42100000 -71.7338 1095.26 298.487 1023.53 258
42200000 -85.0763 1090.74 297.255 1005.66 257.11
42300000 -100.185 1100.17 299.825 999.987 256.26
42400000 -72.259 1104.74 301.071 1032.49 256.877
42500000 -74.3392 1102.06 300.339 1027.72 257.977
42600000 -71.1075 1096.4 298.797 1025.29 257.932
42700000 -21.3841 1112.58 303.207 1091.2 257.416
42800000 -32.3699 1095.7 298.607 1063.33 257.297
42900000 -15.0992 1098.27 299.306 1083.17 257.205
43000000 -34.4218 1103.62 300.764 1069.19 257.664
43100000 -21.1677 1100.95 300.039 1079.79 257.692
43200000 5.59262 1109.9 302.475 1115.49 256.997
43300000 -26.4336 1106.43 301.532 1080 257.544
43400000 -32.393 1090.73 297.251 1058.33 258.589
43500000 -44.72 1090.91 297.301 1046.19 260.346
43600000 -73.7547 1109.76 302.438 1036 262.057
43700000 -88.6865 1101.75 300.255 1013.06 262.904
43800000 -84.3124 1116.14 304.178 1031.83 263.007
43900000 -110.588 1095.56 298.567 984.968 264.035
44000000 -85.2819 1105.73 301.339 1020.45 263.43
44100000 -102.859 1105.63 301.314 1002.77 263.563
44200000 -38.5242 1100.08 299.8 1061.56 264.996
44300000 -44.5069 1084.22 295.477 1039.71 264.433
44400000 -76.1324 1100.36 299.878 1024.23 263.913
44500000 -45.0212 1096.55 298.838 1051.53 264.806
44600000 -77.3669 1114.54 303.741 1037.17 265.118
44700000 -76.5101 1094.96 298.404 1018.45 264.482
44800000 -90.6972 1095.98 298.684 1005.29 263.564
44900000 -35.6049 1095.4 298.525 1059.8 263.296
45000000 -31.4102 1105.51 301.281 1074.1 263.969
45100000 -55.3795 1101.18 300.099 1045.8 263.863
45200000 -44.5816 1107.06 301.703 1062.48 263.437
45300000 -45.9559 1099.85 299.737 1053.89 263.13
45400000 -84.6134 1111.78 302.988 1027.17 264.168
45500000 -60.7959 1105.93 301.394 1045.13 265.574
45600000 -37.7117 1109.17 302.277 1071.46 266.59
45700000 -60.5835 1109.87 302.468 1049.29 266.6
45800000 -90.7362 1112.64 303.222 1021.9 266.831
45900000 -81.9501 1111.21 302.834 1029.26 266.932
46000000 -89.3338 1090.16 297.096 1000.82 268.351
46100000 -63.8308 1087.93 296.488 1024.1 268.094
46200000 -46.1639 1102.64 300.498 1056.48 268.248
46300000 -40.8313 1105.61 301.307 1064.78 268.571
46400000 -63.228 1105.75 301.344 1042.52 269.909
46500000 -63.4026 1095.7 298.607 1032.3 269.86
46600000 -81.7014 1096.03 298.697 1014.33 269.453
46700000 -38.6317 1109.8 302.45 1071.17 268.856
46800000 -11.5862 1100.86 300.014 1089.28 269.197
46900000 -35.5805 1094.68 298.329 1059.1 269.468
47000000 -63.4594 1096.61 298.855 1033.15 270.19
47100000 -60.7627 1112.27 303.123 1051.51 270.377
47200000 -29.6123 1095.11 298.446 1065.5 269.968
47300000 -67.699 1115.65 304.043 1047.95 271.515
47400000 -64.8221 1105.86 301.374 1041.03 271.478
47500000 -45.8156 1109.83 302.458 1064.02 272.164
47600000 -90.5551 1106.95 301.671 1016.39 272.253
47700000 -83.5398 1084.3 295.499 1000.76 273.087
47800000 -68.785 1119.16 305 1050.38 273.612
47900000 -58.6791 1099.75 299.709 1041.07 274.773
48000000 -7.7458 1092.5 297.735 1084.76 274.942
48100000 -46.1991 1101.49 300.185 1055.29 274.703
48200000 -37.1236 1100.9 300.024 1063.78 274.827
48300000 -51.1318 1100.73 299.978 1049.6 275.598
48400000 -44.6825 1097.09 298.985 1052.41 275.852
48500000 -95.3044 1088.48 296.64 993.178 276.503
48600000 -83.045 1109.44 302.351 1026.39 276.332
48700000 -28.6835 1090.22 297.114 1061.54 276.153
48800000 -23.1427 1100.76 299.986 1077.62 276.591
48900000 -48.9446 1102.47 300.453 1053.53 277.462
49000000 -80.2245 1106.19 301.464 1025.96 277.554
49100000 -64.272 1112.1 303.076 1047.83 277.043
49200000 -35.4562 1107.47 301.813 1072.01 277.013
49300000 -3.8373 1106.92 301.665 1103.09 276.816
49400000 -27.6129 1093.93 298.124 1066.32 276.216
49500000 -23.8592 1099.29 299.586 1075.43 275.988
49600000 -63.8112 1114.35 303.688 1050.53 276.594
49700000 -86.951 1090.13 297.089 1003.18 276.716
49800000 -116.087 1113.37 303.421 997.278 276.423
49900000 -115.972 1105.16 301.185 989.188 277.431
50000000 -48.2619 1119.51 305.096 1071.25 278.281
50100000 -70.9858 1097.26 299.032 1026.27 278.103
50200000 -77.0479 1105.62 301.309 1028.57 278.917
50300000 -80.8108 1086.52 296.105 1005.71 278.293
50400000 -57.5601 1111.4 302.885 1053.84 278.277
50500000 -71.2282 1086.99 296.234 1015.77 278.694
50600000 -66.8882 1103.78 300.808 1036.89 278.9
50700000 -72.6005 1102.49 300.456 1029.88 279.59
50800000 -91.6865 1104.59 301.031 1012.91 278.607
50900000 -112.35 1083.69 295.334 971.341 279.244
51000000 -53.952 1111.86 303.012 1057.91 278.914
51100000 -70.2998 1115.42 303.979 1045.12 279.772
51200000 -42.4796 1110.46 302.63 1067.99 280.423
51300000 -87.0779 1104.24 300.935 1017.17 280.292
51400000 -78.1295 1083.47 295.272 1005.34 279.218
51500000 -80.4525 1098.77 299.443 1018.32 279.869
51600000 -68.6246 1099.69 299.695 1031.07 280.863
51700000 -41.2747 1096.89 298.932 1055.62 280.425
51800000 -39.0192 1115.5 304.003 1076.48 279.719
51900000 -70.7325 1105.24 301.207 1034.51 280.436
52000000 -53.6148 1104.06 300.886 1050.45 279.445
52100000 -79.7659 1092.46 297.724 1012.7 280.367
52200000 -109.709 1086.86 296.196 977.147 281.244
52300000 -108.344 1111.61 302.942 1003.26 281.975
52400000 -126.571 1090.71 297.246 964.137 281.206
52500000 -119.344 1113.03 303.33 993.69 280.403
52600000 -104.189 1120.07 305.247 1015.88 279.75
52700000 -92.7951 1087.93 296.49 995.138 279.711
52800000 -105.868 1102.53 300.468 996.663 279.795
52900000 -63.5434 1084.4 295.528 1020.86 279.952
53000000 -31.0569 1107.36 301.783 1076.3 279.498
53100000 -0.705554 1116.8 304.358 1116.1 279.217
53200000 -42.6118 1090.61 297.219 1048 279.102
53300000 -66.7571 1099.97 299.771 1033.22 278.703
53400000 -53.599 1106.49 301.548 1052.89 277.496
53500000 -53.4396 1107.17 301.732 1053.73 276.523
53600000 -66.7681 1112.38 303.151 1045.61 276.587
53700000 -64.8683 1117.08 304.432 1052.21 276.946
53800000 -102.193 1110.91 302.752 1008.72 277.326
53900000 -83.7216 1108.82 302.183 1025.1 278.282
54000000 -105.673 1105.46 301.266 999.787 278.737
54100000 -74.0082 1087.8 296.453 1013.79 279.812
54200000 -67.5397 1099.4 299.615 1031.86 280.696
54300000 -85.7481 1103.17 300.641 1017.42 280.991
54400000 -65.474 1092.23 297.661 1026.75 279.568
54500000 -48.1972 1097.67 299.142 1049.47 278.66
54600000 -76.5441 1099.05 299.518 1022.5 279.433
54700000 -63.5361 1109.14 302.268 1045.6 279.409
54800000 -68.4522 1097.32 299.047 1028.86 278.657
54900000 -55.3766 1101.68 300.237 1046.31 277.223
55000000 -74.0941 1094.66 298.324 1020.57 277.661
55100000 -43.7878 1100.97 300.043 1057.18 278.139
55200000 -60.1848 1090.26 297.124 1030.07 277.373
55300000 -88.5958 1094.3 298.226 1005.71 277.23
55400000 -93.3354 1101.75 300.254 1008.41 277.33
55500000 -103.579 1098.48 299.365 994.904 277.138
55600000 -70.7601 1086.29 296.043 1015.53 276.871
55700000 -57.5879 1082.16 294.917 1024.58 275.88
55800000 -73.4411 1089.39 296.888 1015.95 276.987
55900000 -88.4677 1108.3 302.041 1019.83 278.85
56000000 -57.2792 1090.39 297.16 1033.11 280.465
56100000 -69.6503 1097.42 299.075 1027.77 281.366
56200000 -57.4382 1101.01 300.054 1043.57 281.861
56300000 -72.7862 1087.57 296.391 1014.78 281.862
56400000 -50.0066 1115.79 304.081 1065.78 281.879
56500000 -29.6732 1099.66 299.687 1069.99 281.464
56600000 -61.4191 1084.76 295.624 1023.34 281.89
56700000 -51.104 1102.96 300.586 1051.86 282.55
56800000 -47.4358 1100.34 299.871 1052.9 283.145
56900000 -24.8605 1082.42 294.987 1057.56 282.579
57000000 -57.6196 1095.25 298.485 1037.63 282.42
57100000 -62.9151 1105.74 301.342 1042.82 281.438
57200000 -45.3492 1105.18 301.19 1059.83 281.635
57300000 -74.5873 1099.24 299.572 1024.66 281.818
57400000 -63.2364 1094.4 298.251 1031.16 282.94
57500000 -43.4622 1089.63 296.951 1046.16 284.326
57600000 -66.1878 1095.63 298.587 1029.44 285.249
57700000 -97.8347 1101.25 300.119 1003.42 287.167
57800000 -61.4416 1107.67 301.867 1046.22 287.266
57900000 -45.2679 1097.35 299.056 1052.08 287.57
58000000 -40.4458 1107.99 301.956 1067.54 288.308
58100000 -20.7497 1101.39 300.156 1080.64 289.43
58200000 17.7838 1094.21 298.2 1111.99 288.913
58300000 16.8968 1099.52 299.648 1116.42 289.287
58400000 -16.6039 1104.53 301.012 1087.92 290.373
58500000 -65.0928 1102.63 300.495 1037.54 290.762
58600000 -22.8083 1103.49 300.729 1080.68 291.578
58700000 -53.396 1116.61 304.305 1063.21 292.264
58800000 -58.3142 1098.71 299.426 1040.39 292.946
58900000 -70.4018 1103.03 300.603 1032.63 292.887
59000000 -55.8361 1103.59 300.758 1047.76 293.43
59100000 -61.7287 1105.26 301.211 1043.53 293.564
59200000 -55.705 1085.39 295.797 1029.68 294.95
59300000 -78.2763 1107.88 301.926 1029.61 294.786
59400000 -78.8841 1089.96 297.043 1011.08 295.712
59500000 -71.1972 1111.55 302.927 1040.36 296.634
59600000 -88.0349 1108.17 302.004 1020.13 296.628
59700000 -94.7479 1090.23 297.115 995.479 296.519
59800000 -82.0753 1101.4 300.159 1019.32 296.676
59900000 -63.5276 1091.51 297.466 1027.99 295.964
60000000 -48.9022 1087.71 296.428 1038.8 295.28
60100000 -26.4212 1103.81 300.817 1077.39 295.787
60200000 -17.3901 1101.33 300.142 1083.94 296.581
60300000 -56.2062 1090.82 297.276 1034.61 295.858
60400000 -56.1884 1104.27 300.942 1048.08 296.215
60500000 -44.4603 1105.54 301.288 1061.08 296.816
60600000 -52.7723 1109.5 302.366 1056.72 297.365
60700000 -68.3251 1100.73 299.978 1032.41 297.458
60800000 -43.9352 1100.66 299.959 1056.73 297.583
60900000 -28.2638 1115.24 303.933 1086.98 295.986
61000000 -58.4839 1097.01 298.964 1038.53 296.932
61100000 -59.7234 1092.63 297.77 1032.91 297.324
61200000 8.52282 1100.75 299.984 1109.28 297.734
61300000 -58.236 1104.9 301.114 1046.66 297.925
61400000 -65.0339 1100.39 299.884 1035.35 299.476
61500000 -51.3352 1107.54 301.835 1056.21 299.889
61600000 -48.9599 1079.92 294.305 1030.96 300.054
61700000 -105.02 1114.67 303.777 1009.65 300.691
61800000 -69.6719 1103.67 300.778 1034 301.579
61900000 -68.1958 1093.88 298.109 1025.68 301.484
62000000 -87.407 1094.17 298.19 1006.77 300.731
62100000 -95.446 1094.23 298.205 998.782 300.762
62200000 -101.863 1105.72 301.338 1003.86 301.027
62300000 -80.5517 1092.15 297.64 1011.6 301.406
62400000 -85.4468 1095.48 298.548 1010.04 301.559
62500000 -70.5066 1105.96 301.402 1035.45 302.182
62600000 -48.5832 1093.26 297.942 1044.68 302.923
62700000 -50.2651 1099.54 299.653 1049.27 302.481
62800000 -87.1178 1107.07 301.705 1019.95 301.721
62900000 -77.8509 1087.73 296.434 1009.88 300.824
63000000 -50.0753 1107.53 301.831 1057.46 302.748
63100000 -73.8056 1110.05 302.518 1036.25 302.338
63200000 -26.313 1106 301.413 1079.69 301.526
63300000 -58.0612 1097.01 298.963 1038.95 301.483
63400000 -65.4055 1111.19 302.828 1045.79 302.717
63500000 -58.8778 1096.41 298.799 1037.53 302.227
63600000 -84.3005 1100.41 299.89 1016.11 302.07
63700000 -47.7504 1095.34 298.509 1047.59 302.001
63800000 -22.1487 1103.08 300.618 1080.93 301.803
63900000 -37.8163 1096.91 298.937 1059.1 301.628
64000000 -96.4175 1090.33 297.143 993.914 301.864
64100000 -64.8058 1107.08 301.709 1042.28 301.388
64200000 -56.9783 1104.26 300.94 1047.28 301.331
64300000 -36.1407 1106.15 301.456 1070.01 300.86
64400000 -58.7069 1111.05 302.791 1052.35 301.302
64500000 -38.9466 1109.77 302.441 1070.82 302.237
64600000 -57.4006 1104.04 300.88 1046.64 302.731
64700000 -78.7598 1098.79 299.449 1020.03 303.958
64800000 -109.3 1107.87 301.923 998.571 304.079
64900000 -94.6352 1103.4 300.705 1008.76 302.779
65000000 -72.8507 1105.91 301.388 1033.06 301.951
65100000 -82.5489 1098.37 299.334 1015.82 302.212
65200000 -29.6191 1090.17 297.098 1060.55 302.079
65300000 -68.2015 1107.39 301.793 1039.19 302.835
65400000 -65.4391 1104.04 300.879 1038.6 304.051
65500000 -69.8134 1109.18 302.279 1039.36 305.172
65600000 -85.0286 1104.95 301.127 1019.92 305.122
65700000 -46.5211 1097.28 299.036 1050.75 304.903
65800000 -58.278 1093.91 298.118 1035.63 304.384
65900000 -84.7608 1100.18 299.829 1015.42 304.111
66000000 -100.063 1088.48 296.638 988.413 304.683
66100000 -107.45 1101.53 300.194 994.075 304.038
66200000 -87.9956 1092.7 297.788 1004.7 303.898
66300000 -128.388 1087.46 296.361 959.072 303.929
66400000 -135.456 1096.88 298.928 961.423 304.726
66500000 -119.948 1083.68 295.331 963.731 305.337
66600000 -91.6678 1108.74 302.162 1017.08 306.069
66700000 -80.3575 1108.94 302.214 1028.58 307.334
66800000 -58.138 1107.67 301.868 1049.53 308.171
66900000 -87.3316 1093.17 297.918 1005.84 308.327
67000000 -81.8519 1099.69 299.695 1017.84 310.09
67100000 -48.4542 1083.73 295.345 1035.28 310.317
67200000 -13.5258 1105.3 301.222 1091.77 310.045
67300000 -0.562122 1102.28 300.401 1101.72 309.927
67400000 23.3393 1101.1 300.077 1124.44 310.373
67500000 -5.91379 1094.85 298.375 1088.94 310.824
67600000 -5.68712 1103.81 300.818 1098.13 310.412
67700000 -46.7784 1094.82 298.366 1048.04 308.967
67800000 -43.5646 1098.82 299.457 1055.26 308.283
67900000 -48.8068 1112.5 303.185 1063.69 308.5
68000000 -73.8676 1098.23 299.297 1024.36 309.372
68100000 -86.4753 1086.01 295.965 999.53 310.457
68200000 -42.5519 1098.35 299.328 1055.79 310.922
68300000 -29.614 1098.88 299.472 1069.26 310.37
68400000 -48.7653 1102.88 300.562 1054.11 309.606
68500000 -47.3526 1111.71 302.969 1064.36 308.832
68600000 -30.7268 1095.35 298.512 1064.63 309.314
68700000 -29.8035 1103.61 300.762 1073.81 309.248
68800000 -11.3127 1090.06 297.07 1078.75 309.292
68900000 -18.1166 1090.94 297.309 1072.82 310.042
69000000 -34.8032 1117.84 304.64 1083.04 309.777
69100000 -55.6541 1102.73 300.523 1047.08 310.325
69200000 -11.335 1104.83 301.095 1093.5 310.73
69300000 -18.3055 1109.16 302.276 1090.86 310.78
69400000 -44.3856 1094.84 298.371 1050.45 311.478
69500000 -35.0858 1112.55 303.198 1077.46 312.484
69600000 -63.6403 1087.71 296.428 1024.07 313.16
69700000 -78.8025 1094.72 298.338 1015.91 314.144
69800000 -91.7488 1100.74 299.98 1008.99 315.377
69900000 -62.2407 1097.35 299.057 1035.11 317.192
70000000 -65.2454 1108.92 302.209 1043.67 317.819
70100000 -78.7032 1097.91 299.208 1019.2 317.872
70200000 -27.2016 1097.85 299.194 1070.65 318.234
70300000 -55.881 1110.71 302.698 1054.83 318.163
70400000 -110.591 1108.19 302.01 997.6 318.085
70500000 -82.5571 1105.84 301.371 1023.29 318.367
70600000 -66.7484 1098.35 299.329 1031.6 318.938
70700000 -35.3467 1101.28 300.127 1065.93 318.833
70800000 -49.3657 1097.32 299.049 1047.96 319.54
70900000 -45.8585 1099.59 299.665 1053.73 319.543
71000000 -45.1254 1106.68 301.599 1061.56 319.386
71100000 -7.57065 1077.75 293.716 1070.18 319.822
71200000 -3.91745 1094.12 298.175 1090.2 319.979
71300000 -6.55527 1110.1 302.532 1103.55 319.877
71400000 4.6514 1091.23 297.387 1095.88 320.946
71500000 -61.2694 1105.49 301.275 1044.22 320.712
71600000 -63.3955 1101.43 300.169 1038.04 320.792
71700000 -65.125 1106.56 301.566 1041.44 321.259
71800000 -43.4933 1103.39 300.702 1059.89 321.697
71900000 -57.0772 1100.72 299.974 1043.64 321.033
72000000 -91.2081 1095.62 298.584 1004.41 320.136
72100000 -66.7278 1117.87 304.647 1051.14 319.629
72200000 -22.6995 1094.41 298.255 1071.71 319.77
72300000 -23.0948 1095.85 298.646 1072.75 319.985
72400000 -47.8774 1113.99 303.592 1066.12 319.706
72500000 -35.2347 1116.16 304.181 1080.92 319.726
72600000 -53.7776 1095.85 298.648 1042.07 319.796
72700000 -37.0989 1094.15 298.184 1057.05 321.428
72800000 -43.8803 1100.81 299.999 1056.93 322.063
72900000 -47.0504 1104.08 300.89 1057.03 322.964
73000000 -110.125 1098.33 299.325 988.209 324.615
73100000 -79.5414 1107.4 301.794 1027.85 325.394
73200000 -54.0319 1103.38 300.699 1049.35 326.132
73300000 -52.8233 1097.96 299.221 1045.13 325.876
73400000 -57.4059 1123.54 306.193 1066.13 326.504
73500000 -22.8025 1113.27 303.395 1090.47 327.529
73600000 -39.1611 1101.19 300.103 1062.03 327.812
73700000 -64.149 1103.3 300.678 1039.15 328.686
73800000 -66.4596 1109.08 302.252 1042.62 328.602
73900000 -59.6806 1100.69 299.965 1041.01 329.202
74000000 -83.7114 1109.86 302.467 1026.15 329.723
74100000 -49.8143 1095.91 298.664 1046.1 330.01
74200000 -36.0057 1113.77 303.532 1077.77 330.47
74300000 -77.9891 1099.53 299.649 1021.54 331.306
74400000 -107.231 1102.94 300.58 995.712 331.601
74500000 -97.9068 1102.15 300.364 1004.24 331.218
74600000 -99.5112 1089.97 297.046 990.461 330.387
74700000 -84.8314 1099.82 299.729 1014.99 330.844
74800000 -80.4355 1093.49 298.004 1013.05 330.98
74900000 -118.96 1105.14 301.179 986.179 330.522
75000000 -116.361 1109.72 302.428 993.362 330.341
75100000 -62.6023 1102.08 300.346 1039.48 329.302
75200000 -83.6721 1107.97 301.951 1024.3 330.284
75300000 -105.545 1096.49 298.821 990.941 331.293
75400000 -52.2558 1105.88 301.382 1053.63 330.913
75500000 -58.0642 1091.74 297.527 1033.67 330.463
75600000 -67.7787 1087.6 296.4 1019.83 329.214
75700000 -61.9118 1101.82 300.274 1039.91 328.69
75800000 -85.3433 1100.2 299.834 1014.86 328.99
75900000 -63.6609 1104.72 301.065 1041.06 329.831
76000000 -90.0435 1112.49 303.183 1022.45 329.783
76100000 -82.9301 1108.58 302.116 1025.65 330.232
76200000 -3.07898 1094.34 298.237 1091.27 332.145
76300000 -13.482 1097.93 299.214 1084.45 333.625
76400000 -52.5333 1107.25 301.753 1054.71 333.616
76500000 -29.3879 1104.03 300.878 1074.65 334.08
76600000 -47.0089 1103.54 300.743 1056.53 335.556
76700000 -36.8154 1109.17 302.276 1072.35 335.944
76800000 -55.1989 1118.9 304.928 1063.7 336.5
76900000 -89.2482 1093.7 298.061 1004.45 336.07
77000000 -96.7086 1101.78 300.263 1005.07 336.643
77100000 -57.2774 1111.95 303.035 1054.67 337.214
77200000 -51.9746 1106.03 301.422 1054.06 337.489
77300000 -27.3749 1093.37 297.972 1066 337.445
77400000 -46.5439 1108 301.957 1061.45 336.882
77500000 -64.6843 1097.71 299.154 1033.02 338.256
77600000 -61.8751 1084.96 295.68 1023.09 339.918
77700000 -71.4507 1099.84 299.736 1028.39 340.613
77800000 -70.8161 1101.99 300.32 1031.17 340.76
77900000 -82.2293 1114.67 303.778 1032.45 340.735
78000000 -92.6632 1091.55 297.476 998.887 340.383
78100000 -44.0986 1121.35 305.596 1077.25 340.791
78200000 -33.2842 1098.52 299.376 1065.24 341.669
78300000 -61.398 1100.13 299.814 1038.73 341.645
78400000 -32.7124 1112.61 303.215 1079.9 341.483
78500000 -34.3486 1096.54 298.836 1062.19 341.183
78600000 -23.0751 1105.04 301.152 1081.96 341.378
78700000 -32.4844 1105.96 301.403 1073.48 341.263
78800000 -77.0001 1098.23 299.296 1021.23 341.939
78900000 -53.313 1098.57 299.389 1045.26 343.413
79000000 -32.4383 1118.27 304.758 1085.84 343.334
79100000 -72.6874 1103.17 300.643 1030.48 343.534
79200000 -84.9717 1100.78 299.992 1015.81 344.58
79300000 -25.4573 1095.21 298.474 1069.76 344.707
79400000 -35.9079 1100.42 299.892 1064.51 344.126
79500000 -32.0449 1102.97 300.588 1070.93 344.684
79600000 -32.3107 1101.07 300.069 1068.75 345.791
79700000 -22.8866 1089.31 296.866 1066.43 347.242
79800000 -28.9228 1100.2 299.833 1071.28 347.745
79900000 -102.607 1095.86 298.651 993.258 348.504
80000000 -96.554 1104.31 300.954 1007.76 348.949
80100000 -106.616 1095.94 298.671 989.32 348.853
80200000 -89.357 1094.26 298.215 1004.91 348.181
80300000 -114.981 1110.28 302.579 995.294 348.165
80400000 -114.337 1109.61 302.397 995.271 347.487
80500000 -96.4615 1110.9 302.748 1014.44 347.895
80600000 -122.686 1112.97 303.312 990.28 348.038
80700000 -99.5302 1103.37 300.697 1003.84 348.06
80800000 -77.4192 1098.29 299.313 1020.87 347.916
80900000 -68.4938 1105.69 301.328 1037.19 348.503
81000000 -100.042 1103.74 300.797 1003.69 349.885
81100000 -82.5066 1099.41 299.617 1016.9 348.939
81200000 -26.195 1100.26 299.849 1074.06 349.041
81300000 -41.245 1096.15 298.73 1054.91 349.763
81400000 -52.0218 1115.54 304.013 1063.52 350.112
81500000 -96.196 1096.39 298.795 1000.2 351.037
81600000 -115.302 1096.48 298.818 981.174 350.46
81700000 -106.904 1091.25 297.395 984.349 350.522
81800000 -136.944 1101.45 300.174 964.507 350.582
81900000 -102.175 1102.11 300.354 999.938 350.037
82000000 -94.313 1098.56 299.386 1004.25 349.641
82100000 -112.517 1101.8 300.268 989.28 348.411
82200000 -56.133 1097.59 299.121 1041.46 348.961
82300000 -63.5579 1094.94 298.398 1031.38 349.843
82400000 -48.198 1110.32 302.591 1062.12 349.231
82500000 -26.298 1090.08 297.074 1063.78 349.297
82600000 -82.6229 1093.12 297.904 1010.5 349.043
82700000 -62.682 1109.64 302.405 1046.96 349.022
82800000 -48.7138 1080.41 294.439 1031.7 348.669
82900000 -19.9598 1100.86 300.013 1080.9 346.877
83000000 -21.5669 1098.78 299.446 1077.21 346.566
83100000 -34.6869 1100.15 299.821 1065.47 345.769
83200000 -94.9652 1086.93 296.216 991.962 345.26
83300000 -100.918 1092.33 297.688 991.413 345.669
83400000 -129.038 1087.88 296.476 958.842 345.792
83500000 -110.632 1104.13 300.904 993.499 345.744
83600000 -110.68 1096.84 298.917 986.159 345.116
83700000 -108.211 1102.76 300.53 994.548 345.435
83800000 -94.0601 1102.62 300.492 1008.56 345.528
