# Time-averaged data for fix favg
# TimeStep v_vpe v_vke v_vT v_vE v_vRg
5100000 3.61106 924.094 300.693 927.705 138.593
5200000 4.63093 919.377 299.158 924.008 137.687
5300000 2.47269 940.437 306.011 942.91 138.951
5400000 19.2219 929.953 302.599 949.175 138.976
5500000 -7.83018 914.2 297.473 906.37 140.84
5600000 -38.8466 928.88 302.25 890.033 142.878
5700000 -1.10579 915.241 297.812 914.136 142.726
5800000 -11.131 906.712 295.037 895.581 141.907
5900000 -37.9239 920.792 299.618 882.868 143.638
6000000 -45.4051 922.161 300.064 876.756 145.209
6100000 -30.8759 929.118 302.328 898.242 145.756
6200000 14.2909 916.875 298.344 931.166 146.882
6300000 27.5679 916.193 298.122 943.761 148.355
6400000 -8.67941 924.635 300.869 915.955 149.761
6500000 -16.115 915.46 297.883 899.345 149.96
6600000 5.2319 927.694 301.864 932.926 151.454
6700000 7.68936 916.849 298.336 924.539 152.437
6800000 13.9207 914.109 297.444 928.03 153.915
6900000 2.36378 929.684 302.512 932.048 155.387
7000000 -12.0708 923.903 300.631 911.832 156.726
7100000 11.1679 931.909 303.236 943.077 157.408
7200000 -10.5168 914.803 297.67 904.286 158.735
7300000 -34.6218 919.104 299.069 884.483 160.053
7400000 -24.3829 920.427 299.5 896.044 159.864
7500000 18.7249 928.434 302.105 947.159 159.21
7600000 -14.1232 916.38 298.183 902.257 158.852
7700000 9.20093 923.818 300.603 933.019 159.383
7800000 43.9086 935.597 304.436 979.506 160.364
7900000 32.242 923.222 300.409 955.464 161.597
8000000 -35.9946 917.522 298.554 881.527 163.847
8100000 -22.9086 930.518 302.783 907.61 163.736
8200000 3.87169 920.374 299.482 924.246 163.668
8300000 -15.9548 928.957 302.275 913.002 164.696
8400000 11.109 929.618 302.49 940.727 164.495
8500000 -29.3009 913.853 297.36 884.552 165.679
8600000 -7.61944 929.018 302.295 921.398 167.375
8700000 -52.3257 915.795 297.992 863.469 168.108
8800000 -24.3426 917.254 298.467 892.911 170.001
8900000 4.6991 916.722 298.294 921.421 170.382
9000000 37.5349 917.848 298.66 955.383 169.854
9100000 33.6512 931.004 302.941 964.655 170.052
9200000 -0.0340301 926.184 301.373 926.15 170.265
9300000 -29.7648 910.771 296.358 881.006 170.593
9400000 -8.70898 925.933 301.291 917.224 170.539
9500000 -31.5229 930.562 302.797 899.039 170.909
9600000 -39.7217 917.859 298.664 878.137 171.607
9700000 -6.72702 911.366 296.551 904.639 171.227
9800000 -47.0822 920.042 299.374 872.96 170.038
9900000 -48.5305 916.177 298.117 867.647 170.189
10000000 -5.92117 923.858 300.616 917.937 171.063
10100000 21.5266 915.949 298.043 937.476 170.214
10200000 58.9367 919.417 299.171 978.354 169.583
10300000 32.5275 923.916 300.635 956.444 169.181
10400000 20.6462 922.489 300.171 943.135 170.256
10500000 -2.22239 920.589 299.552 918.366 171.176
10600000 -26.8156 922.817 300.277 896.001 172.288
10700000 -23.0132 917.505 298.549 894.491 173.947
10800000 -41.2771 912.518 296.926 871.241 174.678
10900000 -17.5919 931.13 302.982 913.538 176.816
11000000 -40.5267 919.233 299.111 878.706 178.375
11100000 -32.6807 927.923 301.939 895.242 179.877
11200000 -13.1533 909.06 295.801 895.907 181.011
11300000 -54.7705 917.938 298.69 863.168 181.74
11400000 -91.5821 923.476 300.492 831.893 180.699
11500000 -54.469 921.484 299.844 867.015 180.595
11600000 -16.9454 920.632 299.566 903.686 180.694
11700000 -2.95962 929.13 302.331 926.17 181.768
11800000 5.39323 909.496 295.943 914.889 182.535
11900000 12.4796 927.982 301.958 940.462 181.919
12000000 -39.8353 926.047 301.328 886.212 182.065
12100000 -13.5295 926.929 301.615 913.399 182.993
12200000 -36.0999 923.699 300.564 887.599 183.482
12300000 -26.925 922.493 300.172 895.568 182.594
12400000 -26.9242 920.608 299.559 893.684 181.769
12500000 10.525 920.029 299.37 930.554 182.079
12600000 -24.2393 928.91 302.26 904.671 182.187
12700000 -22.3327 927.678 301.859 905.345 182.24
12800000 -49.6878 928.927 302.265 879.239 181.953
12900000 20.3602 918.775 298.962 939.135 184.203
13000000 -20.7324 925.663 301.203 904.93 184.845
13100000 -7.87254 919.642 299.244 911.77 185.929
13200000 -34.7061 919.659 299.25 884.953 186.77
13300000 -7.47528 918.837 298.982 911.361 187.947
13400000 -1.93961 917.949 298.693 916.009 188.451
13500000 -7.07376 922.177 300.069 915.103 188.039
13600000 -5.44518 913.334 297.192 907.889 188.357
13700000 11.0342 921.8 299.946 932.834 188.629
13800000 19.843 924.515 300.83 944.358 189.246
13900000 17.2223 919.415 299.17 936.637 189.538
14000000 27.7025 927.314 301.741 955.017 190.182
14100000 7.37696 921.479 299.842 928.856 190.136
14200000 19.8024 925.073 301.011 944.876 191.026
14300000 3.48088 917.31 298.485 920.79 190.477
14400000 52.954 916.589 298.251 969.543 190.222
14500000 11.3442 907.013 295.135 918.357 191.391
14600000 -23.6199 923.477 300.492 899.858 192.624
14700000 20.8525 929.149 302.338 950.002 194.669
14800000 36.5769 927.283 301.731 963.86 197.618
14900000 7.55928 924.214 300.732 931.773 199.307
15000000 10.5107 930.361 302.732 940.872 202.016
15100000 -11.9581 916.84 298.332 904.882 203.194
15200000 -42.1641 912.25 296.839 870.086 202.507
15300000 -35.8651 918.716 298.943 882.851 202.88
15400000 -37.3103 922.569 300.197 885.259 204.54
15500000 -23.0146 920.189 299.422 897.174 205.335
15600000 -54.423 895.833 291.497 841.41 207.03
15700000 2.00108 917.859 298.664 919.86 208.987
15800000 -13.581 916.406 298.191 902.825 209.611
15900000 -0.817998 927.446 301.784 926.628 209.04
16000000 12.52 932.161 303.318 944.681 209.386
16100000 -15.4124 915.692 297.959 900.28 209.644
16200000 25.4034 913.814 297.348 939.217 210.342
16300000 47.884 932.74 303.506 980.624 211.488
16400000 20.4659 921.666 299.903 942.132 211.546
16500000 6.84065 934.714 304.149 941.555 211.911
16600000 36.182 918.962 299.023 955.144 212.24
16700000 14.9322 926.028 301.322 940.961 213.174
16800000 -1.00896 933.78 303.845 932.771 213.561
16900000 28.6106 924.842 300.936 953.453 214.231
17000000 38.525 919.672 299.254 958.197 214.406
17100000 -9.81858 924.118 300.701 914.3 215.08
17200000 -9.25464 916.537 298.234 907.282 215.688
17300000 4.02538 910.045 296.122 914.071 216.415
17400000 -9.63099 925.539 301.163 915.908 217.555
17500000 10.8527 929.095 302.32 939.947 219.156
17600000 6.81586 911.688 296.656 918.504 219.344
17700000 15.9452 916.756 298.305 932.701 219.581
17800000 40.8989 917.705 298.614 958.604 218.989
17900000 28.3506 927.641 301.847 955.991 220.26
18000000 38.2549 914.482 297.565 952.737 221.107
18100000 23.5135 909.028 295.791 932.541 220.693
18200000 27.3069 913.115 297.12 940.422 220.616
18300000 -20.0537 929.158 302.341 909.104 220.279
18400000 19.6111 916.429 298.199 936.04 219.863
18500000 -3.26591 925.589 301.179 922.323 220.71
18600000 -3.44996 909.971 296.097 906.521 222.425
18700000 1.46448 908.378 295.579 909.843 223.008
18800000 18.4498 916.962 298.372 935.412 224.007
18900000 -13.4508 916.569 298.244 903.118 224.101
19000000 -2.78585 924.058 300.681 921.272 224.962
19100000 -5.49338 920.065 299.382 914.572 225.957
19200000 -14.9942 913.244 297.163 898.25 226.466
19300000 49.0425 942.472 306.673 991.514 226.328
19400000 29.9977 919.376 299.158 949.374 227.528
19500000 -32.037 914.225 297.482 882.188 228.563
19600000 -9.88072 917.574 298.571 907.693 229.624
19700000 12.4751 928.875 302.249 941.35 231.477
19800000 21.4647 936.857 304.846 958.321 232.596
19900000 1.66575 927.559 301.821 929.225 233.266
20000000 23.632 926.352 301.428 949.984 234.641
20100000 16.4002 928.165 302.018 944.565 236.421
20200000 -26.5415 923.561 300.52 897.02 236.699
20300000 -20.3196 910.649 296.318 890.329 237.533
20400000 11.1434 916.668 298.277 927.812 238.041
20500000 13.1618 927.511 301.805 940.673 239.145
20600000 12.5538 914.98 297.727 927.534 238.959
20700000 28.4962 918.283 298.802 946.779 239.677
20800000 56.5828 917.687 298.608 974.269 241.186
20900000 17.5952 930.894 302.906 948.489 241.916
21000000 -15.0907 921.802 299.947 906.711 241.219
21100000 -28.0041 929.982 302.609 901.978 242.241
21200000 -0.494848 931.089 302.969 930.594 242.933
21300000 -4.03988 922.876 300.297 918.836 243.59
21400000 -7.06075 917.86 298.664 910.799 243.716
21500000 -32.0225 922.832 300.282 890.81 245.034
21600000 10.6367 920.989 299.683 931.626 245.597
21700000 19.8777 918.575 298.897 938.453 246.096
21800000 4.66739 927.73 301.876 932.397 246.846
21900000 39.2007 914.681 297.63 953.882 246.918
22000000 10.5218 919.368 299.155 929.89 247.217
22100000 15.8545 926.052 301.33 941.907 247.593
22200000 9.24942 916.899 298.352 926.148 247.161
22300000 3.09422 933.2 303.656 936.294 247.871
22400000 10.1012 913.558 297.265 923.66 247.427
22500000 15.3647 918.156 298.761 933.521 249.127
22600000 10.1359 914.466 297.56 924.602 248.837
22700000 -4.71 917.711 298.616 913.001 248.147
22800000 -19.2792 928.054 301.982 908.775 247.992
22900000 -7.50418 926.131 301.356 918.626 247.619
23000000 -10.8829 932.713 303.498 921.83 248.645
23100000 -12.5531 914.354 297.524 901.801 248.86
23200000 2.68246 926.004 301.315 928.687 250.346
23300000 28.1842 922.324 300.117 950.508 251.2
23400000 14.4608 918.294 298.806 932.754 251.7
23500000 20.8693 924.298 300.759 945.168 253.084
23600000 26.3051 917.488 298.543 943.793 254.351
23700000 7.43996 919.927 299.337 927.367 254.367
23800000 -4.36576 918.274 298.799 913.908 253.268
23900000 42.1943 913.47 297.236 955.664 253.478
24000000 40.6988 924.22 300.734 964.919 253.847
24100000 33.4227 917.104 298.419 950.527 254.083
24200000 25.6506 922.983 300.331 948.633 254.69
24300000 -20.0781 926.887 301.602 906.809 254.841
24400000 -16.9244 918.712 298.942 901.788 254.629
24500000 -7.45798 924.09 300.691 916.632 255.183
24600000 -46.1313 920.025 299.369 873.894 256.075
24700000 -43.1024 924.4 300.793 881.298 254.593
24800000 -48.2502 911.107 296.467 862.857 254.175
24900000 -28.4012 910.706 296.337 882.305 254.786
25000000 -40.5868 927.697 301.865 887.11 254.271
25100000 13.81 907.993 295.454 921.803 255.267
25200000 12.2059 927.318 301.742 939.524 255.51
25300000 -2.22226 924.684 300.885 922.462 255.564
25400000 4.634 906.003 294.806 910.637 255.945
25500000 27.7648 916.057 298.078 943.822 256.998
25600000 3.43932 919.504 299.199 922.944 257.972
25700000 -21.2054 911.926 296.733 890.72 257.926
25800000 45.1918 927.713 301.87 972.904 258.665
25900000 25.0432 929.84 302.563 954.884 258.679
26000000 -9.70887 922.752 300.256 913.043 257.912
26100000 22.8394 918.322 298.815 941.161 258.526
26200000 -3.49344 913.14 297.128 909.646 258.77
26300000 -36.8522 926.768 301.563 889.916 259.936
26400000 -6.73745 923.806 300.599 917.068 259.357
26500000 12.9498 919.435 299.177 932.385 259.822
26600000 0.787063 923.72 300.571 924.507 260.022
26700000 -32.9231 913.606 297.28 880.683 261.009
26800000 -3.11747 930.304 302.714 927.186 261.529
26900000 24.4556 926.523 301.483 950.978 261.865
27000000 3.30835 923.412 300.471 926.72 261.535
27100000 15.2774 915.062 297.754 930.34 261.764
27200000 16.2466 928.456 302.112 944.703 262.284
27300000 17.9478 924.461 300.812 942.409 262.522
27400000 12.1034 919.935 299.34 932.038 263.268
27500000 -34.185 915.834 298.005 881.649 264.052
27600000 3.2893 926.943 301.62 930.232 264.667
27700000 8.90298 910.021 296.114 918.924 265.177
27800000 -6.62035 920.416 299.496 913.796 264.72
27900000 33.7175 914.514 297.576 948.232 265.226
28000000 19.3656 916.052 298.076 935.418 267.387
28100000 -5.52078 918.403 298.841 912.883 268.652
28200000 -2.51248 924.141 300.708 921.629 269.032
28300000 -1.39202 918.882 298.997 917.49 268.733
28400000 32.0482 923.996 300.661 956.045 269.722
28500000 42.8373 903.906 294.124 946.744 270.896
28600000 17.4601 925.139 301.033 942.599 272.3
28700000 51.5912 928.695 302.19 980.286 272.482
28800000 31.4028 923.814 300.602 955.217 273.609
28900000 3.04702 923.637 300.544 926.684 273.793
29000000 15.2786 917.967 298.699 933.246 274.322
29100000 -9.84275 916.046 298.074 906.203 275.113
29200000 19.2167 918.699 298.938 937.916 275.996
29300000 15.9361 928.495 302.125 944.431 276.654
29400000 21.952 918.965 299.024 940.917 277.401
29500000 6.39654 916.51 298.225 922.907 279.663
29600000 16.9471 921.601 299.882 938.548 279.622
29700000 39.1915 925.389 301.114 964.58 279.097
29800000 17.487 931.066 302.962 948.553 277.87
29900000 -6.23905 919.623 299.238 913.384 277.934
30000000 2.63602 919.185 299.095 921.821 279.051
30100000 0.530923 927.595 301.832 928.126 279.479
30200000 3.27353 915.58 297.923 918.854 280.642
30300000 12.3431 919.661 299.25 932.004 281.113
30400000 -14.5536 915.349 297.847 900.796 280.402
30500000 -29.169 933.445 303.736 904.276 280.104
30600000 -27.896 921.023 299.694 893.127 280.239
30700000 -17.6292 936.228 304.641 918.598 280.859
30800000 -19.3507 915.153 297.784 895.803 282.405
30900000 -4.87285 936.447 304.712 931.574 281.885
31000000 -9.98382 916.637 298.267 906.654 282.515
31100000 -25.7211 910.276 296.197 884.555 282.532
31200000 13.1799 920.758 299.608 933.938 282.451
31300000 8.27881 917.114 298.422 925.393 282.064
31400000 -1.55553 934.892 304.206 933.336 282.754
31500000 18.7493 924.186 300.723 942.935 283.045
31600000 4.02905 929.992 302.612 934.022 281.916
31700000 -15.2891 902.767 293.753 887.478 281.506
31800000 4.22409 916.352 298.174 920.576 282.342
31900000 13.7057 922.878 300.297 936.584 282.57
32000000 -27.1819 916.17 298.115 888.988 283.193
32100000 -56.2637 926.192 301.376 869.929 282.462
32200000 -9.10015 931.437 303.082 922.337 283.416
32300000 17.5415 927.795 301.897 945.336 285.364
32400000 38.9462 918.61 298.909 957.556 286.016
32500000 22.3332 917.704 298.614 940.037 284.975
32600000 43.2748 908.273 295.545 951.548 284.679
32700000 55.1125 920.021 299.368 975.134 284.487
32800000 34.8126 924.39 300.789 959.202 283.607
32900000 18.1862 909.264 295.867 927.451 286.055
33000000 20.878 927.02 301.645 947.898 285.433
33100000 32.7531 919.551 299.215 952.304 285.162
33200000 7.92386 922.367 300.131 930.291 284.505
33300000 10.2495 912.878 297.043 923.127 284.962
33400000 55.6029 918.04 298.723 973.643 286.169
33500000 66.0577 923.784 300.592 989.842 286.902
33600000 34.7288 929.991 302.612 964.72 287.197
33700000 8.06133 913.04 297.096 921.102 287.099
33800000 2.62108 922.696 300.238 925.317 287.764
33900000 26.0459 913.964 297.397 940.01 288.122
34000000 39.2356 914.164 297.462 953.399 288.428
34100000 26.6063 919.343 299.147 945.949 289.33
34200000 -3.75756 914.159 297.46 910.402 290.38
34300000 9.73369 917.745 298.627 927.479 289.805
34400000 -21.0081 917.881 298.671 896.873 290.516
34500000 36.4758 922.56 300.194 959.036 290.402
34600000 4.69648 922.829 300.281 927.525 291.708
34700000 -1.09309 908.14 295.502 907.047 292.927
34800000 -1.98981 905.683 294.702 903.693 293.015
34900000 -4.79953 926.39 301.44 921.59 292.161
35000000 -18.9606 923.129 300.379 904.168 290.575
35100000 -18.3847 911.892 296.722 893.507 291.731
35200000 -23.949 925.806 301.25 901.857 291.334
35300000 31.6474 925.76 301.235 957.407 291.615
35400000 -2.60909 923.262 300.422 920.653 293.244
35500000 -41.6936 922.188 300.073 880.495 294.309
35600000 -19.7536 929.23 302.364 909.476 294.264
35700000 36.1275 922.463 300.162 958.591 295.612
35800000 34.7128 923.235 300.413 957.948 295.424
35900000 36.6682 933.936 303.896 970.605 294.367
36000000 3.68408 920.199 299.426 923.883 294.319
36100000 -46.9302 923.067 300.359 876.136 293.373
36200000 34.4257 924.013 300.666 958.438 294.232
36300000 38.8609 913.853 297.361 952.714 295.138
36400000 27.9083 919.504 299.199 947.412 296.589
36500000 42.1289 925.063 301.008 967.192 297.566
36600000 20.7861 915.732 297.972 936.518 298.086
36700000 3.35104 923.283 300.429 926.634 297.326
36800000 -6.89371 924.901 300.956 918.008 296.56
36900000 -15.3813 913.529 297.255 898.148 295.412
37000000 -54.582 912.487 296.916 857.905 295.048
37100000 -47.649 915.483 297.891 867.834 295.714
37200000 -17.5939 912.276 296.847 894.682 296.105
37300000 -13.6945 929.244 302.369 915.549 296.546
37400000 -15.6554 925.875 301.273 910.22 296.994
37500000 -1.11768 925.331 301.095 924.213 297.38
37600000 24.0522 926.454 301.461 950.506 298.524
37700000 6.16543 910.322 296.212 916.488 299.281
37800000 -3.05687 920.185 299.421 917.129 298.286
37900000 3.45981 922.823 300.279 926.282 298.199
38000000 35.9044 919.111 299.071 955.015 298.556
38100000 29.2988 910.266 296.193 939.564 298.445
38200000 -5.98398 909.751 296.026 903.767 299.056
38300000 -0.00645092 923.615 300.537 923.609 297.928
38400000 19.9878 928.047 301.979 948.035 297.703
38500000 -5.45309 930.456 302.763 925.003 297.815
38600000 28.0199 916.82 298.326 944.839 297.569
38700000 -8.58197 915.899 298.026 907.317 296.856
38800000 18.6853 937.011 304.896 955.697 297.66
38900000 -18.5153 919.915 299.333 901.4 298.109
39000000 8.04502 932.401 303.396 940.446 299.874
39100000 -26.6866 942.419 306.656 915.732 301.214
39200000 16.5278 937.356 305.008 953.884 300.454
39300000 -17.8748 927.16 301.69 909.285 299.608
39400000 -2.69147 922.492 300.172 919.801 299.282
39500000 -35.5542 911.123 296.472 875.569 298.821
39600000 7.2501 909.691 296.006 916.941 299.351
39700000 38.6776 905.163 294.533 943.84 298.428
39800000 3.01116 920.007 299.363 923.018 298.723
39900000 44.1886 916.958 298.371 961.146 299.216
40000000 46.0336 923.715 300.57 969.748 300.606
40100000 19.2953 937.353 305.007 956.648 300.291
40200000 -5.31926 918.549 298.889 913.23 301.635
40300000 11.2354 936.115 304.604 947.35 302.274
40400000 -40.2569 917.529 298.557 877.273 303.513
40500000 -19.7525 906.442 294.949 886.689 304.184
40600000 -23.3631 923.197 300.401 899.833 305.426
40700000 -10.5025 932.693 303.491 922.19 306.685
40800000 4.60791 919.82 299.302 924.428 307.693
40900000 44.4306 923.604 300.533 968.035 308.966
41000000 32.0151 920.279 299.452 952.294 309.401
41100000 12.212 908.592 295.649 920.804 309.761
41200000 35.9776 934.857 304.195 970.834 309.154
41300000 -17.1589 915.263 297.819 898.104 308.725
41400000 -26.2961 924.098 300.694 897.802 309.265
41500000 -41.1783 931.245 303.02 890.066 310.621
41600000 -69.1581 912.069 296.78 842.911 311.212
41700000 -35.2199 922.684 300.234 887.464 311.698
41800000 13.1127 916.543 298.236 929.656 311.578
41900000 -3.79829 926.863 301.594 923.064 311.702
42000000 -15.5026 925.624 301.191 910.121 312.025
42100000 -17.1796 919.83 299.305 902.65 311.559
42200000 19.748 920.894 299.652 940.643 312.909
42300000 -13.8038 921.18 299.745 907.377 314.173
42400000 -33.521 915.046 297.749 881.525 315.996
42500000 -13.7228 910.576 296.294 896.853 317.233
42600000 5.54081 923.399 300.467 928.939 317.958
42700000 -19.1041 916.129 298.101 897.024 317.656
42800000 -8.59023 928.047 301.979 919.457 318.157
42900000 -2.04446 921.289 299.78 919.245 319.741
43000000 -40.1183 917.384 298.509 877.266 319.437
43100000 -33.3807 919.159 299.087 885.778 319.254
43200000 5.93918 920.088 299.39 926.028 319.526
43300000 7.22616 922.519 300.181 929.746 319.883
43400000 36.65 895.745 291.468 932.395 320.382
43500000 26.0726 920.093 299.391 946.166 321.385
43600000 -7.38657 918.051 298.726 910.664 322.662
43700000 34.0145 925.342 301.099 959.357 324.011
43800000 39.5484 913.731 297.321 953.279 325.394
43900000 -25.8486 908.316 295.559 882.468 326.045
44000000 -8.19957 916.863 298.34 908.664 325.997
44100000 -31.0928 915.935 298.038 884.842 326.936
44200000 -4.41399 925.001 300.988 920.587 326.674
44300000 -29.2188 924.55 300.841 895.331 326.694
44400000 -51.7729 920.049 299.377 868.276 326.799
44500000 22.2814 925.215 301.058 947.497 327.315
44600000 30.3164 926.568 301.498 956.885 327.795
44700000 25.3246 924.895 300.954 950.22 330.065
44800000 -7.44584 926.299 301.41 918.853 330.756
44900000 -3.46489 922.671 300.23 919.206 331.648
45000000 46.2119 925.584 301.178 971.796 332.129
45100000 24.6607 917.182 298.444 941.843 332.808
45200000 31.8775 923.174 300.394 955.052 331.309
45300000 -38.9277 924.68 300.884 885.753 331.009
45400000 4.59884 918.158 298.762 922.757 332.259
45500000 2.33204 911.864 296.713 914.196 332.828
45600000 16.5968 909.686 296.005 926.283 333.101
45700000 12.8567 926.83 301.583 939.686 334.188
45800000 10.6926 915.945 298.041 926.638 335.21
45900000 4.58 926.73 301.55 931.31 334.903
46000000 -17.2585 910.434 296.248 893.175 336.384
46100000 -6.23491 924.615 300.863 918.38 336.318
46200000 -22.6519 905.871 294.763 883.22 335.958
46300000 -39.4362 937.261 304.977 897.824 335.195
46400000 -36.3417 918.698 298.937 882.357 335.3
46500000 -7.35929 917.063 298.405 909.704 335.963
46600000 -29.1411 919.756 299.281 890.615 336.5
46700000 -6.1708 919.438 299.178 913.267 336.559
46800000 -43.9287 917.651 298.596 873.722 336.703
46900000 27.2527 913.301 297.181 940.553 337.176
47000000 3.23339 908.126 295.497 911.359 338.777
47100000 -29.8594 920.551 299.54 890.692 339.302
47200000 -39.4748 917.984 298.705 878.509 339.83
47300000 -39.0657 933.47 303.744 894.404 339.986
47400000 -58.4015 917.663 298.6 859.262 339.878
47500000 -1.0872 923.902 300.63 922.815 338.62
47600000 10.0236 920.141 299.407 930.165 339.567
47700000 11.0626 925.225 301.061 936.287 339.712
47800000 7.68605 924.557 300.844 932.243 340.32
47900000 -4.79323 929.688 302.513 924.895 340.914
48000000 12.1339 925.07 301.01 937.204 340.596
48100000 -31.0948 927.053 301.656 895.958 342.514
48200000 -23.6992 911.566 296.616 887.866 343.512
48300000 -24.4145 916.563 298.242 892.149 343.477
48400000 -32.1503 919.229 299.11 887.078 343.523
48500000 -22.0687 917.284 298.477 895.215 343.395
48600000 7.70328 909.012 295.785 916.715 343.268
48700000 -14.3737 925.69 301.212 911.317 344.177
48800000 -28.449 923.409 300.47 894.96 345.795
48900000 -10.1541 909.992 296.104 899.838 346.501
49000000 -20.2535 911.837 296.705 891.584 346.201
49100000 -1.00311 920.224 299.434 919.221 346.321
49200000 -8.05733 928.892 302.254 920.835 346.483
49300000 -9.9036 920.481 299.517 910.577 346.72
49400000 -4.61459 927.976 301.956 923.362 346.648
49500000 16.9614 921.195 299.75 938.157 346.137
49600000 25.977 913.968 297.398 939.945 346.091
49700000 23.4318 923.8 300.597 947.231 346.049
49800000 27.6575 945.505 307.66 973.162 346.34
49900000 16.689 921.645 299.896 938.334 347.576
50000000 16.4879 918.064 298.731 934.552 348.697
50100000 24.2754 917.754 298.63 942.029 349.024
50200000 -24.6169 934.187 303.977 909.57 348.001
50300000 -0.273055 930.883 302.902 930.61 347.269
50400000 21.8427 916.275 298.149 938.117 347.39
50500000 -27.0177 917.669 298.602 890.651 347.677
50600000 -5.8501 916.091 298.089 910.241 348.537
50700000 -17.3716 914.409 297.542 897.038 349.388
50800000 -15.7785 915.535 297.908 899.756 348.867
50900000 -15.8762 913.807 297.346 897.93 348.653
51000000 17.5972 920.404 299.492 938.002 349.483
51100000 11.5937 918.226 298.783 929.82 348.343
51200000 29.5271 916.888 298.348 946.415 348.469
51300000 41.6453 909.307 295.881 950.953 350.013
51400000 45.2137 920.286 299.454 965.499 349.904
51500000 15.8841 931.134 302.984 947.018 350.127
51600000 1.33192 919.082 299.062 920.414 349.741
51700000 -0.691753 920.051 299.377 919.36 349.855
51800000 6.05678 924.279 300.753 930.336 349.493
51900000 -29.7122 916.716 298.292 887.004 349.372
52000000 -46.0302 917.892 298.675 871.862 349.156
52100000 -26.1127 915.664 297.95 889.551 348.96
52200000 -3.7586 911.859 296.712 908.1 348.894
52300000 -21.2959 930.468 302.767 909.172 348.982
52400000 -18.4961 913.921 297.383 895.425 349.293
52500000 0.308107 933.742 303.832 934.05 349.772
52600000 3.48805 921.495 299.847 924.983 350.47
52700000 9.3461 923.946 300.645 933.292 350.852
52800000 8.30133 917.241 298.463 925.543 351.035
52900000 -43.7213 931.748 303.184 888.027 352.126
53000000 -7.97095 924.655 300.876 916.684 351.666
53100000 -25.8223 922.717 300.245 896.895 351.937
53200000 -42.3952 917.379 298.508 874.984 352.692
53300000 -26.1403 911.778 296.685 885.638 353.581
53400000 -13.8818 920.645 299.571 906.764 355.183
53500000 -9.47269 919.22 299.107 909.748 354.42
53600000 5.46309 936.611 304.766 942.074 353.716
53700000 11.7822 923.269 300.425 935.051 352.963
53800000 -3.63735 921.584 299.876 917.946 352.822
53900000 -50.9187 914.294 297.504 863.376 353.602
54000000 -46.5791 911.247 296.513 864.668 354.222
54100000 -5.69881 920.722 299.596 915.023 354.127
54200000 -43.2807 924.98 300.981 881.7 354.331
54300000 -35.5672 934.796 304.175 899.228 354.973
54400000 9.18765 918.568 298.895 927.756 356.038
54500000 7.79859 926.841 301.587 934.639 355.667
54600000 51.9119 915.85 298.01 967.762 355.582
54700000 23.7565 938.02 305.224 961.776 355.929
54800000 6.80849 939.991 305.866 946.8 355.903
54900000 -4.52701 928.825 302.232 924.298 356.122
55000000 4.61753 925.894 301.279 930.511 356.274
55100000 32.3555 915.909 298.03 948.265 355.96
55200000 3.06009 915.979 298.052 919.04 355.839
55300000 29.9364 925.153 301.037 955.089 355.84
55400000 21.9198 935.75 304.486 957.67 357.256
55500000 22.1399 921.736 299.926 943.876 358.392
55600000 -11.3851 925.039 301 913.654 359.311
55700000 -10.1764 914.507 297.573 904.331 360.476
55800000 -6.13923 933.196 303.655 927.057 361.569
55900000 -53.2835 922.758 300.258 869.475 362.325
56000000 -13.8054 913.863 297.364 900.057 361.821
56100000 -28.2681 918.158 298.761 889.89 362.086
56200000 -29.6199 914.329 297.515 884.709 362.997
56300000 8.1612 916.554 298.239 924.715 362.574
56400000 11.192 918.931 299.013 930.123 363.516
56500000 24.1517 926.061 301.333 950.213 364.339
56600000 22.7492 930.455 302.763 953.204 364.868
56700000 -10.8599 923.714 300.569 912.854 365.819
56800000 1.81995 925.001 300.988 926.821 367.135
56900000 9.70126 920.174 299.417 929.875 367.927
57000000 -19.7196 921.788 299.943 902.068 368.74
57100000 -22.0369 922.656 300.225 900.619 369.38
57200000 -39.8367 928.008 301.967 888.172 368.852
57300000 -12.3656 927.203 301.705 914.837 369.275
57400000 -32.0302 931.671 303.159 899.641 368.985
57500000 -34.1548 914.367 297.528 880.212 368.366
57600000 -37.4153 921.09 299.715 883.675 368.179
57700000 -25.0792 911.327 296.539 886.248 368.571
57800000 -44.6326 929.939 302.595 885.307 367.679
57900000 -25.4511 925.188 301.049 899.737 366.682
58000000 -6.56671 916.426 298.198 909.859 367.404
58100000 -9.99329 921.167 299.741 911.174 367.095
58200000 3.18121 925.175 301.045 928.356 367.524
58300000 -0.657087 927.459 301.788 926.802 368.086
58400000 6.25559 916.861 298.339 923.116 367.51
58500000 5.86975 920.9 299.654 926.77 367.706
58600000 -17.2668 915.894 298.025 898.627 368.932
58700000 -34.8459 934.245 303.996 899.399 369.171
58800000 -15.248 921.007 299.689 905.759 369.615
58900000 -10.9444 908.345 295.568 897.401 370.293
59000000 -37.1263 938.158 305.269 901.031 369.744
59100000 15.5573 924.136 300.707 939.694 369.12
59200000 27.4029 923.204 300.403 950.607 370.209
59300000 -8.73831 937.033 304.903 928.295 370.16
59400000 -9.45725 927.657 301.852 918.199 370.265
59500000 7.24939 917.03 298.394 924.28 370.422
59600000 24.1923 915.576 297.921 939.768 369.713
59700000 36.7247 923.971 300.653 960.696 369.843
59800000 24.4617 923.69 300.561 948.152 370.529
59900000 2.36823 922.386 300.137 924.754 369.465
60000000 -47.2916 910.702 296.335 863.41 370.016
60100000 -48.7359 914.924 297.709 866.188 369.771
60200000 -32.2755 916.592 298.252 884.316 370.719
60300000 -15.7349 923.34 300.448 907.605 371.372
60400000 -16.8956 932.934 303.569 916.038 370.619
60500000 -6.45861 915 297.734 908.541 370.143
60600000 -1.8297 933.696 303.817 931.866 368.821
60700000 -20.5127 937.034 304.903 916.521 367.306
60800000 10.3723 935.038 304.254 945.411 367.461
60900000 -24.3189 909.634 295.988 885.315 367.168
61000000 -47.4033 911.736 296.672 864.333 366.729
61100000 -25.5062 902.491 293.663 876.985 366.365
61200000 -33.0154 927.616 301.839 894.6 366.858
61300000 10.8936 926.549 301.492 937.442 366.995
61400000 18.2578 933.065 303.612 951.323 367.382
61500000 11.8938 925.208 301.055 937.102 367.041
61600000 -4.91556 921.246 299.766 916.331 367.13
61700000 -38.6955 922.743 300.253 884.048 368.6
61800000 -27.6399 927.235 301.715 899.595 369.993
61900000 -15.3437 921.895 299.977 906.551 369.827
62000000 16.2561 923.155 300.387 939.411 370.811
62100000 -13.6351 918.033 298.721 904.398 370.169
62200000 -27.2741 929.454 302.437 902.18 370.423
62300000 -17.5747 916.947 298.367 899.373 369.786
62400000 5.97484 924.407 300.795 930.382 371.066
62500000 16.1413 924.836 300.934 940.977 371.58
62600000 14.0355 915.745 297.976 929.78 373.407
62700000 -3.95362 918.241 298.789 914.288 374.031
62800000 14.8405 931.903 303.234 946.743 373.901
62900000 7.54991 914.385 297.534 921.935 375.595
63000000 22.7921 920.492 299.521 943.284 376.465
63100000 39.5522 925.104 301.022 964.656 375.969
63200000 46.623 922.601 300.207 969.224 376.984
63300000 26.1046 924.684 300.885 950.789 376.914
63400000 29.7384 917.389 298.511 947.128 377.826
63500000 -29.3957 922.674 300.231 893.278 378.317
63600000 -44.9313 922.229 300.086 877.298 379.638
63700000 -11.9492 935.095 304.272 923.145 379.473
63800000 0.284498 922.455 300.16 922.739 379.099
63900000 44.1839 916.053 298.077 960.237 380.589
64000000 21.7081 927.255 301.721 948.963 381.853
64100000 15.5104 920.784 299.616 936.295 382.069
64200000 13.3649 934.625 304.12 947.99 382.258
64300000 18.7127 918.23 298.785 936.942 383.654
64400000 -32.628 919.441 299.179 886.813 384.463
64500000 -15.6654 923.659 300.551 907.993 384.887
64600000 -47.1499 928.948 302.272 881.798 384.799
64700000 -12.7794 913.772 297.334 900.993 385.21
64800000 -14.7402 917.517 298.553 902.776 384.63
64900000 -19.5946 908.668 295.673 889.073 384.387
65000000 -3.83085 929.285 302.382 925.454 384.022
65100000 -43.1025 916.19 298.121 873.087 385.063
65200000 -33.867 922.735 300.251 888.868 385.943
65300000 -10.2075 920.989 299.683 910.781 387.168
65400000 -4.00054 929.5 302.452 925.499 387.837
65500000 -8.53459 918.636 298.917 910.102 387.712
65600000 -55.0854 906.762 295.053 851.676 388.255
65700000 -17.9327 936.435 304.708 918.502 388.626
65800000 -30.9217 918.367 298.829 887.445 389.457
65900000 -15.0901 917.159 298.436 902.069 390.256
66000000 25.3011 924.188 300.723 949.489 390.331
66100000 37.0393 919.424 299.173 956.463 389.834
66200000 -10.2805 927.04 301.651 916.76 389.597
66300000 -13.9225 927.381 301.762 913.458 390.295
66400000 -2.28197 928.639 302.172 926.357 391.19
66500000 18.8321 917.171 298.44 936.003 391.692
66600000 34.3577 919.379 299.159 953.737 391.557
66700000 8.54049 927.097 301.67 935.638 392.363
66800000 -33.1214 920.179 299.419 887.058 393.266
66900000 -3.13043 914.366 297.527 911.235 393.779
67000000 -23.9711 914.423 297.546 890.452 393.846
67100000 -8.15232 910.858 296.386 902.706 394.524
67200000 -59.8658 930.879 302.901 871.013 394.071
67300000 -19.3743 910.732 296.345 891.358 395.251
67400000 3.24651 922.084 300.039 925.33 394.59
67500000 32.2699 932.913 303.562 965.183 395.112
67600000 33.6624 912.898 297.05 946.56 396.521
67700000 10.6425 926.508 301.478 937.15 397.584
67800000 33.2957 919.648 299.246 952.944 397.967
67900000 12.8449 924.848 300.938 937.693 398.813
68000000 3.992 906.602 295.001 910.594 399.298
68100000 0.658211 911.6 296.627 912.258 398.9
68200000 -3.41456 926.78 301.567 923.365 399.656
68300000 26.749 928.189 302.026 954.938 400.304
68400000 24.9583 919.275 299.125 944.233 399.561
68500000 -11.4587 923.526 300.508 912.067 398.565
68600000 -20.963 924.649 300.874 903.686 399.067
68700000 -22.3341 915.505 297.898 893.171 400.689
68800000 -27.0284 930.038 302.627 903.01 400.254
68900000 -42.7816 925.598 301.182 882.816 400.366
69000000 -21.8073 922.129 300.053 900.322 401.063
69100000 -36.9565 930.871 302.898 893.914 401.905
69200000 -60.7756 915.61 297.932 854.834 401.173
69300000 -40.7904 924.51 300.828 883.719 401.401
69400000 8.75082 921.417 299.822 930.167 403.443
69500000 15.1494 929.161 302.342 944.31 403.937
69600000 32.439 918.758 298.957 951.197 405.464
69700000 -36.2975 926.804 301.575 890.507 406.018
69800000 -21.7274 913.518 297.252 891.791 406.262
69900000 -20.6131 925.872 301.272 905.259 406.879
70000000 -0.318747 923.193 300.4 922.874 406.217
70100000 0.0550361 919.268 299.122 919.323 406.114
70200000 -1.41767 916.217 298.13 914.799 405.313
70300000 21.6774 906.738 295.045 928.415 405.791
70400000 10.0979 922.056 300.03 932.154 405.73
70500000 -60.1597 927.09 301.668 866.93 405.63
70600000 -12.917 919.501 299.198 906.584 405.123
70700000 -4.79974 921.797 299.946 916.997 405.889
70800000 -16.5166 934.317 304.019 917.8 406.739
70900000 7.75407 921.797 299.945 929.551 407.516
71000000 4.4414 920.34 299.471 924.782 407.432
71100000 -27.8799 916.614 298.259 888.735 408.223
71200000 10.5221 916.909 298.355 927.431 408.257
71300000 29.1105 926.209 301.381 955.32 407.926
71400000 10.814 926.848 301.589 937.662 408.719
71500000 2.00228 919.231 299.111 921.233 409.238
71600000 -3.61686 910.119 296.146 906.502 410.668
71700000 -6.62143 934.722 304.151 928.101 411.764
71800000 -29.2458 928.583 302.154 899.337 411.834
71900000 12.1676 922.378 300.135 934.546 412.484
72000000 24.9699 931.077 302.965 956.046 413.331
72100000 13.5966 911.492 296.592 925.089 413.298
72200000 -15.9319 933.471 303.744 917.539 413.162
72300000 -31.7436 930.629 302.819 898.886 413.287
72400000 -34.0987 913.679 297.304 879.581 413.387
72500000 -14.1645 922.126 300.053 907.962 413.425
72600000 -40.5845 913.257 297.167 872.672 413.706
72700000 9.54393 921.919 299.985 931.463 414.641
72800000 -43.3853 927.93 301.941 884.545 415.466
72900000 -50.7277 934.622 304.119 883.895 416.506
73000000 -62.6884 921.438 299.829 858.75 417.192
73100000 -23.1899 923.908 300.632 900.718 418.114
73200000 4.2232 917.437 298.527 921.66 419.064
73300000 -9.47275 916.498 298.221 907.025 420.939
73400000 12.3841 923.777 300.59 936.161 420.22
73500000 4.29391 920.928 299.663 925.222 420.457
73600000 -14.0803 913.765 297.332 899.684 421.069
73700000 -40.103 905.135 294.524 865.032 421.961
73800000 -20.0112 925.675 301.207 905.664 422.876
73900000 -39.6921 925.126 301.029 885.434 422.735
74000000 -21.497 924.244 300.742 902.747 422.44
74100000 -6.41292 931.865 303.222 925.452 423.063
74200000 -26.4987 926.079 301.339 899.58 423.853
74300000 -31.402 908.33 295.563 876.928 423.983
74400000 -62.9011 908.119 295.495 845.218 423.81
74500000 -16.0609 917.078 298.41 901.017 423.786
74600000 -15.0046 919.183 299.095 904.179 424.396
74700000 -14.577 922.979 300.33 908.402 425.286
74800000 -14.7056 909.093 295.812 894.388 424.773
74900000 -33.2103 927.328 301.745 894.118 425.522
75000000 -29.3706 923.908 300.633 894.538 425.722
75100000 -50.1266 911.583 296.622 861.456 425.79
75200000 -44.1374 927.007 301.641 882.869 427.443
75300000 -13.5775 930.03 302.624 916.452 427.766
75400000 -40.4025 923.926 300.638 883.524 427.82
75500000 -14.5499 933.219 303.662 918.669 427.782
75600000 -37.5426 919.593 299.228 882.05 428.35
75700000 -12.0953 920.856 299.639 908.761 428.197
75800000 -12.2748 920.431 299.501 908.156 428.543
75900000 -21.0882 925.491 301.148 904.403 428.457
76000000 -1.4206 921.194 299.749 919.773 429.428
76100000 -13.9583 926.874 301.597 912.915 431.984
76200000 -13.4558 911.395 296.561 897.939 432.524
76300000 22.3269 920.595 299.554 942.922 433.16
76400000 86.0656 935.697 304.468 1021.76 434.272
76500000 40.7492 937.015 304.897 977.764 435.187
76600000 22.2098 924.709 300.893 946.919 434.403
76700000 -7.80378 921.408 299.819 913.604 435.205
76800000 15.8192 928.525 302.135 944.344 436.147
76900000 -4.76242 928.489 302.123 923.726 436.34
77000000 7.05284 928.463 302.115 935.516 436.468
77100000 -5.16695 905.717 294.713 900.55 436.813
77200000 -11.048 908.522 295.626 897.474 437.865
77300000 -45.2968 916.822 298.327 871.525 437.385
77400000 -47.0543 920.638 299.568 873.583 437.935
77500000 -54.0396 921.777 299.939 867.737 438.168
77600000 10.1496 913.757 297.329 923.907 438.41
77700000 -3.48513 938.749 305.462 935.264 437.931
77800000 -54.0777 914.1 297.441 860.022 438.057
77900000 -45.2236 928.278 302.054 883.055 437.884
78000000 -39.8168 924.578 300.85 884.761 438.812
78100000 10.1571 918.522 298.88 928.679 439.752
78200000 19.4573 927.967 301.953 947.424 439.784
78300000 31.7564 932.239 303.343 963.996 439.276
78400000 11.2546 926.672 301.532 937.927 439.64
78500000 -16.6079 920.421 299.498 903.813 438.928
78600000 -11.1201 922.834 300.283 911.713 439.157
78700000 -3.8898 920.046 299.376 916.156 438.94
78800000 -58.3713 918.386 298.836 860.015 439.736
78900000 -43.0726 923.301 300.435 880.228 439.848
79000000 0.945505 926.499 301.476 927.445 440.828
79100000 17.1478 924.861 300.942 942.008 441.804
79200000 24.932 930.215 302.685 955.147 440.933
79300000 -27.7053 934.06 303.936 906.355 441.448
79400000 -33.3901 913.964 297.397 880.574 441.923
79500000 -26.0807 922.235 300.088 896.154 443.676
79600000 -13.6643 930.444 302.759 916.78 444.201
79700000 -32.4646 929.879 302.575 897.415 445.314
79800000 -44.59 933.037 303.603 888.447 446.121
79900000 12.165 921.241 299.765 933.406 447.357
80000000 -11.021 918.436 298.852 907.415 448.089
80100000 43.7352 940.938 306.174 984.673 446.876
80200000 14.7368 908.861 295.736 923.598 447.769
80300000 1.54694 932.639 303.473 934.186 447.618
80400000 3.21936 919.603 299.232 922.823 446.06
80500000 15.5359 909.994 296.105 925.53 447.069
80600000 -40.5286 916.774 298.311 876.245 447.09
80700000 -44.7372 917.057 298.403 872.32 446.762
80800000 -62.22 926.229 301.387 864.009 444.772
80900000 -25.3672 919.458 299.184 894.091 444.229
81000000 -22.5766 926.103 301.347 903.526 445.262
81100000 -35.743 919.987 299.357 884.244 447.005
81200000 -13.7326 925.085 301.015 911.352 445.613
81300000 -29.1995 915.93 298.036 886.73 445.152
81400000 -48.2627 929.621 302.491 881.358 444.893
81500000 -66.1579 931.889 303.229 865.731 445.175
81600000 -29.6305 920.392 299.488 890.761 444.741
81700000 -59.1584 916.23 298.134 857.072 444.832
81800000 -60.4683 919.832 299.306 859.363 445.473
81900000 -40.9752 916.515 298.227 875.54 447.215
82000000 3.38582 919.887 299.324 923.273 447.664
82100000 17.9324 916.745 298.301 934.677 448.907
82200000 40.3454 918.314 298.812 958.659 449.21
82300000 17.9606 922.751 300.256 940.712 450.358
82400000 8.37302 914.161 297.461 922.534 450.425
82500000 13.6067 924.873 300.946 938.48 450.057
82600000 -27.4223 906.922 295.105 879.5 449.625
82700000 -22.2875 905.645 294.69 883.358 449.292
82800000 -40.6908 923.496 300.498 882.805 449.373
82900000 -12.4076 922.86 300.291 910.452 449.666
83000000 -11.4024 919.195 299.099 907.792 451.4
83100000 -21.8309 921.215 299.756 899.384 451.849
83200000 12.6856 928.385 302.089 941.071 451.436
83300000 -27.1574 918.822 298.977 891.664 451.083
83400000 -30.4802 917.837 298.657 887.357 450.272
83500000 14.0447 938.866 305.5 952.911 450.594
83600000 -4.07544 925.422 301.125 921.347 450.094
83700000 -21.5246 910.766 296.356 889.242 449.054
83800000 3.53884 926.456 301.462 929.995 450.06
83900000 -25.8577 920.754 299.606 894.896 449.903
84000000 -17.3008 923.932 300.64 906.632 450.619
84100000 -13.3814 916.127 298.1 902.745 451.013
84200000 -34.0275 919.882 299.322 885.855 453.051
84300000 -10.7845 933.154 303.641 922.37 454.06
84400000 -51.0809 921.486 299.844 870.405 453.75
84500000 -70.7156 917.463 298.535 846.747 454.236
84600000 -21.5946 936.264 304.653 914.67 454.762
84700000 -47.6367 920.3 299.458 872.663 454.331
84800000 -50.5692 927.965 301.953 877.396 453.306
84900000 -27.3448 922.489 300.171 895.144 453.425
85000000 -43.7244 915.299 297.831 871.575 452.623
85100000 30.5478 916.342 298.171 946.89 451.794
85200000 11.0169 913.503 297.247 924.519 453.11
85300000 -12.2645 913.121 297.122 900.857 454.205
85400000 -4.58548 925.498 301.15 920.912 453.442
85500000 5.45791 911.49 296.592 916.948 453.741
85600000 -26.1578 923.299 300.434 897.141 453.586
85700000 -15.8715 920.019 299.367 904.147 454.087
85800000 -2.63191 928.142 302.01 925.51 455.179
85900000 25.0761 919.137 299.08 944.213 454.943
86000000 -4.75297 931.843 303.215 927.091 456.008
86100000 -9.30774 932.804 303.527 923.496 457.576
86200000 33.5858 919.587 299.226 953.173 457.689
86300000 1.71845 925.708 301.218 927.427 457.747
86400000 -21.3495 938.463 305.369 917.114 456.381
86500000 -10.5836 916.298 298.156 905.715 455.735
86600000 37.2857 914.969 297.724 952.255 455.532
86700000 0.762003 916.659 298.274 917.421 456.5
86800000 -6.79701 912.767 297.007 905.97 456.835
86900000 7.8112 929.659 302.504 937.47 456.827
87000000 10.1685 921.178 299.744 931.346 457.31
87100000 4.7468 923.772 300.588 928.519 457.75
87200000 10.1066 926.448 301.459 936.554 457.449
87300000 14.4977 917.564 298.568 932.062 456.574
87400000 -16.2047 913.948 297.392 897.743 455.384
87500000 27.3776 930.827 302.884 958.205 454.817
87600000 15.9937 911.813 296.697 927.807 455.197
87700000 9.63626 917.192 298.447 926.829 455.909
87800000 -10.649 921.518 299.855 910.869 455.097
87900000 -22.7646 909.223 295.854 886.458 455.218
88000000 -47.0136 918.842 298.984 871.828 455.388
88100000 22.1319 914.642 297.617 936.774 455.64
88200000 -17.1507 918.083 298.737 900.932 454.759
88300000 5.41025 937.515 305.06 942.925 455.388
88400000 -47.4678 916.259 298.144 868.791 455.449
88500000 -21.6601 922.911 300.308 901.251 454.561
88600000 -25.6199 922.312 300.113 896.692 455.547
88700000 -27.9557 919.827 299.304 891.871 456.838
88800000 -24.3025 929.719 302.523 905.416 457.006
88900000 -13.693 923.203 300.403 909.51 456.84
89000000 -9.12385 922.155 300.062 913.031 457.036
89100000 -13.1392 927.567 301.823 914.428 457.127
89200000 -29.4626 912.758 297.004 883.295 457.644
89300000 16.1352 933.98 303.91 950.115 458.304
89400000 -10.1481 922.248 300.092 912.1 459.16
89500000 -32.87 919.805 299.297 886.935 459.782
89600000 -26.4763 920.784 299.616 894.308 460.192
89700000 -33.6179 911.225 296.506 877.608 459.286
89800000 -68.8172 924.374 300.784 855.557 459.478
89900000 -40.7271 913.536 297.257 872.808 459.676
90000000 5.51365 924.941 300.968 930.454 459.595
90100000 -0.154539 913.955 297.394 913.801 458.992
90200000 -14.396 917.739 298.625 903.343 460.029
90300000 4.26071 919.76 299.283 924.021 460.074
90400000 -13.436 923.293 300.432 909.857 460.732
90500000 -28.8905 914.774 297.66 885.884 460.114
90600000 24.1485 923.008 300.339 947.156 460.002
90700000 25.4731 911.482 296.589 936.955 460.867
90800000 4.16406 916.368 298.179 920.532 461.173
90900000 -8.96779 920.042 299.374 911.074 461.705
91000000 -27.2727 926.29 301.407 899.017 461.675
91100000 -12.1056 915.745 297.976 903.64 461.172
91200000 -15.7666 923.016 300.342 907.249 460.966
91300000 -15.2188 914.951 297.718 899.733 461.163
91400000 -9.70901 932.15 303.314 922.441 461.085
91500000 -17.6489 919.459 299.185 901.81 460.67
91600000 -17.3184 912.022 296.765 894.704 460.814
91700000 14.6146 918.975 299.027 933.59 459.473
91800000 30.9429 927.175 301.695 958.117 458.213
91900000 -33.0885 924.076 300.687 890.987 457.559
92000000 -14.1657 912.403 296.889 898.237 457.822
92100000 -27.832 920.439 299.504 892.607 457.932
92200000 -42.6496 915.407 297.866 872.757 458.073
92300000 -50.4815 916.479 298.215 865.998 457.249
92400000 -32.3694 928.631 302.169 896.262 457.628
92500000 -3.97921 931.562 303.123 927.583 458.775
92600000 6.96321 922.055 300.03 929.019 459.648
92700000 31.7016 931.519 303.109 963.22 458.903
92800000 7.2773 916.708 298.29 923.986 458.037
92900000 1.73211 927.587 301.829 929.319 457.67
93000000 -35.8541 924.818 300.929 888.964 458.047
93100000 -33.4377 928.049 301.98 894.612 458.61
93200000 -20.4818 919.56 299.218 899.078 457.785
93300000 -0.576211 918 298.71 917.424 457.276
93400000 -24.2978 909.836 296.053 885.538 457.409
93500000 -13.4248 919.342 299.147 905.917 458.086
93600000 -28.0297 915.242 297.813 887.213 457.849
93700000 -17.3612 921.1 299.719 903.739 458.334
93800000 -55.0923 916.926 298.361 861.834 458.701
93900000 -16.8714 926.018 301.319 909.147 460.242
94000000 -31.1181 937.034 304.903 905.916 460.518
94100000 4.03896 922.475 300.166 926.514 460.493
94200000 26.6052 916.452 298.206 943.057 460.865
94300000 -2.92091 927.136 301.683 924.215 462.787
94400000 -0.918085 927.702 301.867 926.783 463.744
94500000 10.149 914.704 297.638 924.853 462.789
94600000 5.27083 918.364 298.828 923.634 463.545
94700000 -0.395721 913.88 297.369 913.484 464.7
94800000 -35.687 902.873 293.788 867.186 465.261
94900000 -56.162 917.833 298.655 861.67 466.502
95000000 -37.6437 922.702 300.24 885.059 465.703
95100000 -31.1306 929.448 302.435 898.317 465.608
95200000 -19.1747 927.447 301.784 908.272 466.913
95300000 -37.9626 921.659 299.901 883.696 466.621
95400000 -21.813 926.029 301.323 904.216 464.852
95500000 -20.0592 929.402 302.42 909.343 464.86
95600000 27.502 914.622 297.611 942.124 465.78
95700000 57.7188 931.808 303.203 989.527 466.039
95800000 -9.78388 916.759 298.306 906.975 466.032
95900000 0.960007 927.017 301.644 927.977 465.566
96000000 33.7557 928.218 302.035 961.973 467.075
96100000 23.3254 927.382 301.763 950.707 467.247
96200000 36.3362 927.378 301.762 963.714 467.539
96300000 22.3119 931.126 302.981 953.437 467.4
96400000 6.97676 909.196 295.845 916.173 467.51
96500000 -15.4621 931.391 303.067 915.929 467.99
96600000 -13.0135 936.108 304.602 923.095 468.548
96700000 -17.7353 927.461 301.788 909.725 468.352
96800000 31.5809 918.463 298.861 950.044 469.091
96900000 31.5923 927.648 301.849 959.24 469.079
97000000 17.7204 930.626 302.818 948.347 469.314
97100000 -3.7163 923.515 300.504 919.799 470.864
97200000 -7.60593 919.823 299.303 912.217 471.515
97300000 -0.301323 922.72 300.246 922.419 472.977
97400000 42.0224 937.724 305.128 979.747 474.315
97500000 5.57741 925.349 301.101 930.926 475.51
97600000 29.3697 913.465 297.234 942.835 476.429
97700000 36.861 926.219 301.385 963.08 477.518
97800000 16.9704 922.891 300.301 939.861 478.477
97900000 -5.57755 929.793 302.547 924.216 478.552
98000000 -22.1213 915.522 297.904 893.401 478.539
98100000 -23.3348 929.332 302.397 905.997 479.006
98200000 -24.6788 934.71 304.147 910.031 478.785
98300000 -6.00591 926.038 301.325 920.032 479.236
98400000 -51.5215 937.425 305.031 885.903 479.636
98500000 -44.1326 919.953 299.345 875.82 479.915
98600000 -49.5389 909.994 296.105 860.455 480.819
98700000 -66.5271 920.088 299.389 853.561 481.381
98800000 -43.3728 921.826 299.955 878.453 482.218
98900000 -47.0036 930.459 302.764 883.455 482.317
99000000 -4.86863 925.439 301.131 920.571 481.257
99100000 -26.7306 914.036 297.42 887.305 481.793
99200000 -56.9027 916.798 298.319 859.896 481.726
99300000 -94.7127 912.025 296.766 817.312 480.825
99400000 -104.972 917.583 298.574 812.61 482.005
99500000 -46.8334 923.78 300.591 876.947 482.661
99600000 -54.1506 901.162 293.231 847.011 482.823
99700000 -51.4987 915.882 298.021 864.383 483.403
99800000 -54.2101 918.493 298.871 864.283 483.905
99900000 -3.84336 933.032 303.601 929.189 484.841
100000000 1.07309 914.112 297.445 915.185 485.159
100100000 14.1974 914.168 297.463 928.365 484.365
100200000 6.6928 923.09 300.366 929.783 483.487
100300000 -4.69926 922.78 300.265 918.081 483.432
100400000 23.9619 920.691 299.586 944.653 484.334
100500000 36.5904 926.916 301.611 963.507 484.921
100600000 10.507 923.824 300.605 934.331 486.423
100700000 56.4852 928.716 302.197 985.201 487.027
100800000 7.34352 928.767 302.213 936.111 487.316
100900000 3.21796 930.042 302.628 933.26 487.213
101000000 -2.39921 912.359 296.874 909.96 487.555
101100000 -48.043 919.34 299.146 871.297 489.128
101200000 -1.81563 922.037 300.024 920.221 489.268
101300000 3.23505 923.415 300.472 926.65 488.891
101400000 21.1802 929.069 302.312 950.249 489.595
101500000 37.3528 926.057 301.332 963.409 489.337
101600000 29.8123 932.824 303.534 962.637 489.729
101700000 27.9951 926.144 301.36 954.139 489.96
101800000 17.0858 933.005 303.592 950.091 490.912
101900000 -4.17658 933.632 303.796 929.455 490.122
102000000 -27.7683 934.684 304.139 906.916 490.462
102100000 -0.73871 923.751 300.581 923.012 491.847
102200000 -10.2038 915.607 297.931 905.403 492.545
102300000 -7.75262 924.109 300.698 916.356 493.034
102400000 31.8962 913.638 297.29 945.534 493.422
102500000 -15.0935 924.365 300.781 909.271 493.848
102600000 11.3443 910.674 296.326 922.019 495.332
102700000 -22.7153 915.03 297.744 892.315 495.736
102800000 14.4855 917.217 298.455 931.702 495.677
102900000 7.54237 914.546 297.586 922.088 496.618
103000000 -19.583 921.632 299.892 902.049 496.189
103100000 -23.3204 913.494 297.244 890.173 496.388
103200000 -47.3199 921.635 299.893 874.315 497.033
103300000 -14.0571 931.948 303.248 917.891 496.736
103400000 -22.9655 920.425 299.499 897.46 496.604
103500000 -21.0734 920.347 299.474 899.274 497.048
103600000 -33.0177 919.246 299.116 886.229 496.345
103700000 -32.4077 923.527 300.509 891.12 497.775
103800000 -15.7724 933.377 303.714 917.605 500.227
103900000 -9.13256 919.33 299.143 910.198 500.622
104000000 -25.9596 919.846 299.311 893.886 500.139
104100000 -42.3802 921.324 299.792 878.944 499.957
104200000 8.35442 913.806 297.345 922.16 500.047
104300000 -19.8253 916.756 298.305 896.931 500.238
104400000 -6.6278 914.846 297.684 908.219 499.027
104500000 -20.1448 925.454 301.135 905.309 499.359
104600000 5.20574 921.052 299.703 926.258 500.08
104700000 -14.7426 931.372 303.061 916.63 500.641
104800000 -16.6938 918.903 299.004 902.209 500.031
104900000 -33.6253 915.971 298.05 882.345 501.042
105000000 -13.9243 915.321 297.838 901.397 502.305
