# Time-averaged data for fix favg
# TimeStep v_vpe v_vke v_vT v_vE v_vRg
5100000 -87.9004 925.575 301.175 837.674 135.881
5200000 -94.0597 922.06 300.031 828.001 136.389
5300000 -130.973 926.809 301.576 795.836 139.409
5400000 -131.655 920.726 299.597 789.072 141.278
5500000 -136.793 913.35 297.197 776.557 141.963
5600000 -141.453 920.894 299.652 779.44 142.15
5700000 -134.961 917.829 298.654 782.868 142.77
5800000 -127.232 912.681 296.979 785.449 144.319
5900000 -86.068 918.557 298.891 832.489 145.696
6000000 -81.8763 927.932 301.942 846.055 146.534
6100000 -68.2302 917.48 298.541 849.25 146.884
6200000 -77.3834 917.767 298.634 840.383 148.098
6300000 -103.727 923.402 300.468 819.675 148.942
6400000 -104.139 922.518 300.18 818.379 150.762
6500000 -137.259 937.576 305.08 800.318 152.069
6600000 -121.834 918.833 298.981 796.998 153.381
6700000 -104.537 928.41 302.097 823.873 152.759
6800000 -105.348 920.005 299.362 814.657 153.542
6900000 -124.411 921.766 299.935 797.355 154.277
7000000 -105.439 916.231 298.134 810.793 155.676
7100000 -68.4626 921.59 299.878 853.127 155.511
7200000 -70.149 923.081 300.363 852.932 156.806
7300000 -95.1862 906.706 295.035 811.52 157.047
7400000 -116.095 932.379 303.389 816.284 157.7
7500000 -118.413 921.517 299.854 803.104 158.362
7600000 -91.3919 929.265 302.375 837.873 159.697
7700000 -89.6928 931.139 302.985 841.446 159.592
7800000 -65.6311 926.076 301.338 860.445 160.216
7900000 -73.9006 923.205 300.404 849.304 160.467
8000000 -81.4678 928.41 302.097 846.942 161.332
8100000 -81.3504 933.171 303.647 851.821 161.494
8200000 -80.1922 913.56 297.265 833.368 162.441
8300000 -88.1685 910.776 296.359 822.608 163.809
8400000 -86.3211 926.099 301.345 839.778 164.293
8500000 -96.5769 921.93 299.989 825.353 164.258
8600000 -114.864 933.858 303.87 818.994 164.385
8700000 -92.2407 917.986 298.705 825.745 164.564
8800000 -100.904 918.417 298.846 817.512 165.289
8900000 -121.656 912.775 297.01 791.119 165.48
9000000 -89.8312 920.788 299.617 830.956 165.453
9100000 -86.8653 924.661 300.877 837.795 166.905
9200000 -75.7649 920.875 299.646 845.11 166.35
9300000 -63.0551 918.561 298.893 855.506 165.697
9400000 -53.6933 924.668 300.88 870.975 167.006
9500000 -113.923 908.013 295.46 794.09 167.147
9600000 -131.35 917.474 298.539 786.124 167.266
9700000 -126.59 928.789 302.221 802.198 167.987
9800000 -92.2255 931.718 303.174 839.493 168.088
9900000 -104.455 934.337 304.026 829.882 168.035
10000000 -106.587 911.559 296.614 804.972 169.374
10100000 -129.836 915.586 297.924 785.75 170.194
10200000 -114.737 915.227 297.808 800.49 170.336
10300000 -96.6846 932.767 303.515 836.082 170.719
10400000 -126.938 919.721 299.27 792.783 171.639
10500000 -88.4238 923.134 300.381 834.71 172.711
10600000 -109.064 917.69 298.609 808.626 172.907
10700000 -91.9384 920.44 299.504 828.502 173.726
10800000 -105.187 917.008 298.387 811.821 174.395
10900000 -83.8208 921.809 299.949 837.988 175.286
11000000 -101.457 915.499 297.896 814.042 176.703
11100000 -100.817 918.688 298.934 817.87 177.754
11200000 -116.204 922.937 300.317 806.733 178.815
11300000 -102.486 931.183 303 828.697 178.966
11400000 -143.835 926.031 301.323 782.196 179.424
11500000 -141.299 926.119 301.352 784.82 180.78
11600000 -120.653 919.844 299.31 799.19 182.378
11700000 -128.05 913.165 297.137 785.115 183.201
11800000 -106.618 921.971 300.002 815.353 183.248
11900000 -92.8493 923.775 300.589 830.926 184.542
12000000 -81.9033 924.829 300.932 842.925 185.845
12100000 -110.874 927.897 301.93 817.023 185.552
12200000 -119.097 924.654 300.875 805.558 185.974
12300000 -141.525 927.785 301.894 786.26 187.207
12400000 -112.929 926.156 301.364 813.227 187.844
12500000 -81.6153 920.533 299.534 838.918 188.574
12600000 -84.4879 928.426 302.103 843.939 189.452
12700000 -137.364 929.221 302.361 791.857 189.268
12800000 -95.9031 918.797 298.969 822.894 189.108
12900000 -74.0401 917.18 298.443 843.14 189.331
13000000 -99.5678 923.877 300.622 824.309 190.299
13100000 -96.4907 926.246 301.393 829.755 190.022
13200000 -59.1665 930.345 302.727 871.178 190.633
13300000 -39.3714 926.985 301.634 887.613 191.429
13400000 -30.9812 918.34 298.821 887.359 193.982
13500000 -61.5061 924.695 300.889 863.189 194.709
13600000 -114.545 920.933 299.664 806.388 195.11
13700000 -102.182 909.592 295.974 807.41 195.446
13800000 -95.8184 923.012 300.341 827.194 195.818
13900000 -97.6501 920.86 299.641 823.21 195.785
14000000 -107.879 919.068 299.057 811.189 196.283
14100000 -112.323 922.949 300.32 810.626 198.16
14200000 -117.302 926.348 301.426 809.046 198.972
14300000 -75.8956 920.131 299.403 844.235 200.215
14400000 -94.1455 923.975 300.654 829.829 201.568
14500000 -122.232 926.274 301.402 804.042 202.906
14600000 -149.918 932.305 303.365 782.387 202.358
14700000 -185.743 923.297 300.433 737.554 202.541
14800000 -122.202 936.578 304.755 814.376 203.318
14900000 -153.746 922.039 300.024 768.293 204.549
15000000 -130.278 929.646 302.499 799.368 203.743
15100000 -107.645 922.248 300.092 814.603 203.195
15200000 -144.358 917.362 298.502 773.005 204.776
15300000 -154.139 928.186 302.024 774.046 204.245
15400000 -99.7611 915.591 297.926 815.83 204.796
15500000 -144.567 923.116 300.375 778.549 205.536
15600000 -172.056 903.883 294.116 731.827 205.884
15700000 -123.726 908.135 295.5 784.409 205.832
15800000 -88.5077 917.396 298.514 828.889 206.206
15900000 -72.0171 939.601 305.739 867.584 207.584
16000000 -104.461 918.024 298.718 813.563 207.744
16100000 -78.8953 937.859 305.172 858.963 209.317
16200000 -116.247 915.78 297.988 799.533 210.325
16300000 -96.7255 925.084 301.015 828.359 211.55
16400000 -72.892 915.611 297.933 842.719 212.871
16500000 -119.717 933.9 303.884 814.183 213.631
16600000 -95.9494 910.191 296.169 814.241 213.336
16700000 -142.034 922.255 300.094 780.221 214.672
16800000 -149.637 918.133 298.753 768.496 216.684
16900000 -107.814 911.601 296.628 803.787 218.467
17000000 -71.8426 929.12 302.328 857.277 218.712
17100000 -139.15 925.733 301.226 786.583 220.518
17200000 -106.462 912.656 296.971 806.194 220.939
17300000 -103.589 927.768 301.888 824.179 220.089
17400000 -72.3333 916.281 298.151 843.948 219.756
17500000 -89.1534 941.97 306.51 852.817 220.249
17600000 -141.311 936.281 304.659 794.971 220.604
17700000 -137.515 927.01 301.642 789.495 221.294
17800000 -115.265 926.913 301.61 811.647 222.375
17900000 -138.887 925.874 301.272 786.988 222.177
18000000 -129.161 916.02 298.066 786.859 222.32
18100000 -101.736 921.622 299.889 819.887 222.658
18200000 -120.988 915.477 297.889 794.489 223.71
18300000 -107.991 927.454 301.786 819.463 224.362
18400000 -88.4527 920.001 299.361 831.548 224.78
18500000 -128.311 922.545 300.189 794.233 224.79
18600000 -96.476 920.227 299.435 823.751 225.862
18700000 -123.451 923.211 300.405 799.76 227.381
18800000 -147.451 917.388 298.511 769.937 229.101
18900000 -154.356 924.334 300.771 769.978 228.789
19000000 -192.353 917.354 298.5 725 228.74
19100000 -151.261 914.191 297.47 762.93 229.949
19200000 -142.997 929.744 302.531 786.747 229.996
19300000 -79.6091 917.07 298.407 837.461 230.73
19400000 -68.9306 927.949 301.947 859.019 232.05
19500000 -106.882 916.16 298.111 809.279 231.693
19600000 -82.1067 918.54 298.886 836.434 230.877
19700000 -107.034 917.679 298.605 810.645 230.832
19800000 -138.374 923.849 300.613 785.474 231.246
19900000 -114.555 910.567 296.291 796.011 231.686
20000000 -132.243 928.642 302.173 796.399 231.766
20100000 -132.052 922.179 300.07 790.127 232.94
20200000 -126.081 914.313 297.51 788.233 233.239
20300000 -160.216 911.762 296.68 751.546 232.691
20400000 -162.639 931.303 303.039 768.665 232.97
20500000 -143.113 924.397 300.791 781.284 232.613
20600000 -132.545 922.709 300.242 790.165 233.442
20700000 -108.543 934.986 304.237 826.443 234.605
20800000 -85.0396 918.934 299.014 833.894 235.415
20900000 -113.348 928.318 302.067 814.97 236.022
21000000 -151.075 915.426 297.872 764.351 236.072
21100000 -145.236 922.415 300.147 777.179 235.747
21200000 -150.153 921.029 299.696 770.876 236.386
21300000 -141.203 919.513 299.202 778.31 235.734
21400000 -125.467 908.877 295.742 783.41 236.403
21500000 -136.88 917.035 298.396 780.155 236.671
21600000 -120.798 924.02 300.669 803.222 235.64
21700000 -142.362 918.436 298.852 776.074 235.027
21800000 -131.044 925.506 301.152 794.462 234.94
21900000 -108.694 914.136 297.453 805.442 236.017
22000000 -103.515 916.153 298.109 812.639 237.204
22100000 -115.417 918.783 298.965 803.366 238.074
22200000 -133.072 926.45 301.46 793.379 238.67
22300000 -122.317 923.398 300.467 801.081 239.404
22400000 -114.095 911.883 296.72 797.789 239.821
22500000 -143.719 911.374 296.554 767.656 240.613
22600000 -128.856 924.699 300.89 795.843 241.128
22700000 -145.522 916.974 298.376 771.452 241.587
22800000 -134.408 942.321 306.624 807.913 240.968
22900000 -151.993 921.033 299.697 769.039 240.036
23000000 -120.788 924.192 300.725 803.405 239.971
23100000 -144.853 923.996 300.661 779.143 239.731
23200000 -111.259 915.526 297.905 804.267 239.88
23300000 -82.9987 927.218 301.71 844.22 240.727
23400000 -89.2852 914.195 297.472 824.909 242.207
23500000 -89.3112 916.658 298.273 827.347 242.614
23600000 -106.904 920.562 299.544 813.658 243.465
23700000 -109.643 918.626 298.914 808.983 242.602
23800000 -107.781 923.442 300.481 815.66 243.504
23900000 -115.456 913.273 297.172 797.816 243.283
24000000 -127.447 907.775 295.383 780.329 243.362
24100000 -112.213 916.892 298.349 804.679 244.301
24200000 -124.931 900.472 293.007 775.541 245.897
24300000 -93.6238 927.532 301.812 833.908 246.258
24400000 -96.4678 915.719 297.968 819.251 246.749
24500000 -91.906 935.582 304.431 843.676 246.5
24600000 -131.102 922.611 300.21 791.508 247.387
24700000 -105.291 921.397 299.815 816.106 247.473
24800000 -88.3645 904.884 294.442 816.519 247.486
24900000 -61.4866 929.691 302.514 868.205 247.133
25000000 -93.5601 906.491 294.965 812.931 247.973
25100000 -79.7614 922.011 300.015 842.25 248.875
25200000 -57.1068 931.973 303.257 874.866 249.962
25300000 -60.5977 913.715 297.316 853.118 249.618
25400000 -78.6097 910.67 296.325 832.06 248.888
25500000 -57.6774 913.084 297.11 855.407 248.875
25600000 -69.7404 921.234 299.762 851.494 249.83
25700000 -81.4744 934.069 303.939 852.594 249.75
25800000 -124.717 923.67 300.555 798.953 249.596
25900000 -97.3789 923.743 300.579 826.364 250.742
26000000 -106.713 919.583 299.225 812.87 251.243
26100000 -63.3899 919.843 299.31 856.453 251.985
26200000 -108.335 923.059 300.356 814.724 253.124
26300000 -100.165 936.905 304.862 836.74 254.472
26400000 -82.5454 926.726 301.549 844.181 255.004
26500000 -75.6956 916.637 298.267 840.942 255.392
26600000 -116.46 925.296 301.084 808.835 255.964
26700000 -119.438 913.009 297.086 793.57 255.24
26800000 -75.5866 926.523 301.483 850.937 254.991
26900000 -104.35 916.596 298.253 812.246 254.962
27000000 -130.792 924.447 300.808 793.655 255.328
27100000 -119.63 928.716 302.197 809.086 255.889
27200000 -120.869 919.953 299.345 799.083 256.662
27300000 -111.446 937.739 305.133 826.292 258.294
27400000 -72.7768 918.287 298.803 845.51 257.59
27500000 -109.133 921.946 299.994 812.813 258.272
27600000 -139.438 930.047 302.63 790.609 258.891
27700000 -153.072 914.027 297.417 760.955 258.823
27800000 -164.276 912.65 296.969 748.374 259.13
27900000 -176.875 905.24 294.558 728.365 259.926
28000000 -194.214 916.82 298.326 722.606 260.172
28100000 -134.093 920.177 299.418 786.084 260.941
28200000 -118.737 908.468 295.608 789.731 261.61
28300000 -152.43 923.037 300.349 770.607 261.515
28400000 -111.886 915.185 297.794 803.299 261.949
28500000 -89.4245 908.472 295.61 819.047 262.002
28600000 -82.1301 924.84 300.936 842.71 262.205
28700000 -94.1277 904.799 294.414 810.671 263.88
28800000 -98.0808 913.016 297.088 814.935 265.305
28900000 -87.6027 931.635 303.147 844.032 265.289
29000000 -55.7417 913.946 297.391 858.204 265.545
29100000 -56.9255 921.569 299.871 864.644 265.563
29200000 -39.0087 917.792 298.642 878.783 266.358
29300000 -75.8361 913.954 297.393 838.118 265.914
29400000 -64.8941 926.666 301.53 861.772 265.453
29500000 -76.5189 939.871 305.827 863.352 266.036
29600000 -104.278 922.943 300.318 818.665 265.968
29700000 -34.4994 925.181 301.047 890.681 265.865
29800000 -79.6838 909.446 295.927 829.762 267.279
29900000 -85.71 924.221 300.734 838.511 267.573
30000000 -85.1146 919.685 299.258 834.571 268.733
30100000 -114.717 919.241 299.114 804.525 267.844
30200000 -131.482 909.818 296.048 778.336 267.287
30300000 -91.1812 930.092 302.645 838.911 267.988
30400000 -97.1608 919.811 299.299 822.65 269.028
30500000 -139.803 928.527 302.135 788.724 269.978
30600000 -132.917 924.4 300.793 791.483 270.057
30700000 -132.115 930.511 302.781 798.396 271.535
30800000 -121.029 918.541 298.886 797.512 271.697
30900000 -129.552 915.974 298.051 786.422 271.807
31000000 -136.166 923.824 300.605 787.658 273.36
31100000 -99.9074 920.947 299.669 821.039 275.849
31200000 -110.207 924.12 300.701 813.913 276.002
31300000 -114.595 921.176 299.743 806.581 276.382
31400000 -114.402 928.853 302.241 814.451 277.313
31500000 -84.7218 915.897 298.026 831.175 278.654
31600000 -91.0703 918.878 298.996 827.807 279.417
31700000 -105.469 926.348 301.426 820.879 279.379
31800000 -101.171 914.933 297.712 813.763 279.363
31900000 -105.524 908.181 295.515 802.657 279.469
32000000 -108.088 918.539 298.885 810.451 278.778
32100000 -93.159 920.849 299.637 827.69 278.197
32200000 -111.301 930.656 302.828 819.355 277.782
32300000 -116.654 932.299 303.363 815.645 276.841
32400000 -110.958 921.649 299.897 810.69 276.032
32500000 -108.155 914.258 297.492 806.103 275.815
32600000 -85.3069 930.746 302.857 845.439 276.152
32700000 -136.687 903.117 293.867 766.43 275.941
32800000 -73.0312 939.304 305.642 866.272 275.993
32900000 -101.145 916.599 298.254 815.454 276.622
33000000 -109.545 931.726 303.176 822.181 277.319
33100000 -103.631 926.027 301.322 822.395 277.909
33200000 -122.343 931.878 303.226 809.535 278.507
33300000 -149.301 925.705 301.217 776.404 280.228
33400000 -122.742 935.583 304.431 812.841 282.025
33500000 -135.509 920.434 299.502 784.925 281.548
33600000 -76.8808 930.053 302.632 853.172 282.188
33700000 -76.5152 921.045 299.701 844.53 283.998
33800000 -91.3755 930.367 302.734 838.992 284.453
33900000 -114.557 924.592 300.855 810.035 285.242
34000000 -106.413 923.923 300.637 817.511 286.309
34100000 -103.316 924.51 300.828 821.194 286.462
34200000 -99.1901 917.5 298.547 818.31 286.757
34300000 -62.1183 922.647 300.222 860.529 287.516
34400000 -54.5299 910.693 296.332 856.163 287.712
34500000 -14.5347 912.412 296.892 897.877 287.286
34600000 -60.1446 931.511 303.106 871.366 286.029
34700000 -74.1164 939.509 305.709 865.393 285.411
34800000 -127.978 935.208 304.309 807.23 285.741
34900000 -124.626 941.328 306.301 816.702 286.744
35000000 -128.882 915.329 297.841 786.447 287.887
35100000 -80.0124 920.63 299.566 840.618 288.739
35200000 -64.6172 931.237 303.017 866.619 288.419
35300000 -70.6141 916.167 298.114 845.553 288.107
35400000 -118.912 920.372 299.482 801.459 288.99
35500000 -96.1905 932.514 303.433 836.324 289.527
35600000 -92.4672 921.034 299.697 828.567 289.307
35700000 -94.3514 927.315 301.741 832.963 289.547
35800000 -90.0756 922.061 300.031 831.985 290.139
35900000 -70.0843 917.607 298.582 847.523 290.451
36000000 -88.6552 910.931 296.41 822.275 290.093
36100000 -110.035 916.145 298.106 806.111 290.204
36200000 -128.867 919.422 299.173 790.555 290.567
36300000 -109.195 925.608 301.185 816.412 290.194
36400000 -67.3837 924.184 300.722 856.801 290.659
36500000 -102.893 921.015 299.691 818.122 291.273
36600000 -103.232 926.998 301.638 823.765 292.262
36700000 -115.079 924.962 300.975 809.883 292.269
36800000 -109.114 924.311 300.764 815.197 292.893
36900000 -87.615 911.43 296.572 823.815 292.976
37000000 -44.4332 923.403 300.468 878.969 293.721
37100000 -38.1741 926.472 301.467 888.298 295.626
37200000 -81.0336 923.051 300.354 842.017 296.354
37300000 -106.268 926.833 301.584 820.566 296.621
37400000 -123.847 920.186 299.421 796.339 297.553
37500000 -137.052 932.724 303.501 795.672 297.307
37600000 -112.223 934.274 304.005 822.051 297.692
37700000 -99.1383 927.343 301.75 828.205 297.575
37800000 -117.382 924.805 300.924 807.423 298.096
37900000 -144.208 924.202 300.728 779.993 299.098
38000000 -149.193 923.709 300.568 774.516 300.164
38100000 -104.13 925.141 301.034 821.012 299.01
38200000 -109.326 921.808 299.949 812.482 298.304
38300000 -113.712 926.744 301.555 813.032 299.081
38400000 -80.8855 913.274 297.172 832.389 300.458
38500000 -49.5954 928.714 302.196 879.119 301.891
38600000 -56.6631 919.927 299.337 863.264 303.442
38700000 -48.5738 930.038 302.627 881.464 303.045
38800000 -85.487 919.454 299.183 833.967 303.624
38900000 -84.1945 912.33 296.865 828.135 305.242
39000000 -91.6886 935.392 304.369 843.704 306.658
39100000 -117.017 911.992 296.755 794.975 308.092
39200000 -99.9597 918.829 298.98 818.87 309.855
39300000 -115.894 924.931 300.965 809.037 311.032
39400000 -99.8533 929.239 302.367 829.385 311.46
39500000 -78.881 929.324 302.395 850.443 312.092
39600000 -58.635 924.419 300.799 865.784 311.907
39700000 -80.1258 915.051 297.75 834.925 311.909
39800000 -75.4034 926.073 301.337 850.67 312.468
39900000 -67.2551 914.665 297.625 847.41 312.778
40000000 -96.3095 924.857 300.941 828.547 312.088
40100000 -140.703 924.95 300.971 784.246 312.257
40200000 -115.581 922.947 300.32 807.366 312.033
40300000 -98.845 922.055 300.029 823.21 313.038
40400000 -110.095 927.114 301.676 817.019 313.308
40500000 -131.624 936.286 304.66 804.662 313.72
40600000 -143.973 913.511 297.249 769.538 313.497
40700000 -153.08 923.48 300.493 770.4 314.098
40800000 -110.253 910.51 296.273 800.257 313.508
40900000 -108.114 922.055 300.029 813.941 313.764
41000000 -97.9865 927.03 301.648 829.044 313.975
41100000 -100.599 918.127 298.751 817.528 313.168
41200000 -104.992 922.794 300.27 817.801 313.867
41300000 -121.726 934.761 304.164 813.034 314.803
41400000 -149.939 924.24 300.74 774.3 315.585
41500000 -150.694 924.204 300.729 773.51 314.909
41600000 -155.416 922.952 300.321 767.536 315.703
41700000 -116.571 924.411 300.796 807.841 316.604
41800000 -51.462 910.637 296.314 859.175 316.579
41900000 -137.483 917.714 298.617 780.231 316.385
42000000 -153.463 920.086 299.389 766.623 316.925
42100000 -83.8298 913.825 297.351 829.995 315.785
42200000 -79.2183 924.681 300.884 845.463 315.734
42300000 -63.3759 932.899 303.558 869.523 315.841
42400000 -109.479 924.187 300.723 814.708 315.856
42500000 -113.664 921.543 299.863 807.88 315.76
42600000 -49.0095 927.203 301.704 878.193 315.213
42700000 -71.9161 929.783 302.544 857.866 315.864
42800000 -90.066 926.989 301.635 836.923 315.558
42900000 -99.7498 932.21 303.334 832.46 315.274
43000000 -77.9808 912.937 297.062 834.956 316.198
43100000 -70.497 920.781 299.615 850.284 316.676
43200000 -90.3952 921.435 299.828 831.04 316.442
43300000 -110.352 925.044 301.002 814.692 317.02
43400000 -140.961 918.664 298.926 777.703 316.95
43500000 -127.991 917.537 298.559 789.546 317.078
43600000 -117.638 915.683 297.956 798.045 316.699
43700000 -61.8179 922.293 300.107 860.475 317.148
43800000 -116.39 931.853 303.218 815.463 317.195
43900000 -121.583 924.032 300.673 802.449 316.925
44000000 -104.875 917.756 298.631 812.881 316.748
44100000 -114.569 924.606 300.86 810.038 316.283
44200000 -114.931 923.877 300.622 808.947 316.541
44300000 -118.268 916.702 298.288 798.434 317.411
44400000 -137.489 919.632 299.241 782.144 316.97
44500000 -128.287 907.055 295.149 778.768 317.749
44600000 -128.118 916.816 298.325 788.698 317.972
44700000 -134.289 917.172 298.441 782.883 317.672
44800000 -124.382 914.819 297.675 790.437 318.087
44900000 -83.0799 921.08 299.712 838.001 317.853
45000000 -119.76 921.904 299.98 802.144 318.118
45100000 -85.805 925.249 301.069 839.444 318.258
45200000 -79.1591 913.506 297.248 834.346 317.696
45300000 -54.0128 936.811 304.831 882.799 317.217
45400000 -103.279 911.913 296.729 808.634 318.663
45500000 -100.42 928.753 302.209 828.332 319.664
45600000 -80.5112 925.105 301.022 844.594 320.758
45700000 -65.3242 930.353 302.73 865.029 321.263
45800000 -79.2573 923.957 300.648 844.7 321.862
45900000 -81.3328 922.849 300.288 841.516 323.618
46000000 -120.791 920.497 299.523 799.706 323.466
46100000 -141.481 915.451 297.881 773.97 323.604
46200000 -102.593 924.05 300.679 821.457 324.12
46300000 -80.7823 925.042 301.001 844.26 324.52
46400000 -116.964 907.357 295.247 790.393 325.386
46500000 -130.738 912.613 296.957 781.875 326.829
46600000 -120.695 940.397 305.998 819.702 327.695
46700000 -117.852 919.62 299.237 801.767 329.084
46800000 -161.599 928.557 302.145 766.958 329.14
46900000 -131.225 928.898 302.256 797.673 330.096
47000000 -141.046 911.515 296.6 770.469 331.282
47100000 -147.169 923.282 300.429 776.113 331.908
47200000 -123.548 916.761 298.307 793.213 331.78
47300000 -120.644 929.246 302.369 808.602 332.365
47400000 -123.217 917.226 298.458 794.009 332.792
47500000 -103.836 918.211 298.779 814.374 332.781
47600000 -80.2984 921.865 299.968 841.567 332.957
47700000 -84.6867 928.925 302.265 844.239 333.385
47800000 -72.3282 913.993 297.406 841.665 333.985
47900000 -57.3288 933.515 303.759 876.187 335.242
48000000 -82.9344 930.114 302.652 847.18 335.513
48100000 -105.66 927.518 301.807 821.857 336.157
48200000 -106.876 926.471 301.466 819.595 336.269
48300000 -91.2845 933.954 303.901 842.67 334.992
48400000 -127.112 941.377 306.317 814.264 334.462
48500000 -102.799 934.673 304.135 831.873 334.782
48600000 -78.4153 926.461 301.463 848.046 335.667
48700000 -39.4715 920.512 299.527 881.04 335.233
48800000 -44.45 919.928 299.337 875.478 336.026
48900000 -49.4375 922.509 300.177 873.071 336.399
49000000 -74.3245 921.921 299.986 847.597 335.995
49100000 -82.001 926.566 301.497 844.565 336.01
49200000 -86.6802 919.895 299.327 833.215 336.898
49300000 -90.797 917.682 298.606 826.885 336.111
49400000 -102.82 922.476 300.166 819.655 336.201
49500000 -94.2605 932.646 303.476 838.385 336.941
49600000 -115.015 939.667 305.76 824.651 339.081
49700000 -105.181 927.971 301.954 822.79 340.313
49800000 -54.8719 919.546 299.213 864.674 340.356
49900000 -43.3088 915.172 297.79 871.864 340.237
50000000 -78.3822 929.244 302.369 850.861 340.359
50100000 -70.7133 922.899 300.304 852.185 339.79
50200000 -91.9645 931.132 302.983 839.168 339.564
50300000 -92.2504 917.465 298.536 825.214 339.579
50400000 -101.765 936.06 304.586 834.295 340.605
50500000 -116.643 921.324 299.792 804.681 341.04
50600000 -100.24 911.346 296.545 811.106 341.135
50700000 -89.8034 915.841 298.008 826.038 341.11
50800000 -85.3854 911.831 296.703 826.446 341.141
50900000 -85.9874 917.567 298.569 831.58 341.726
51000000 -65.4907 919.685 299.258 854.194 341.923
51100000 -87.1834 923.822 300.604 836.638 342.014
51200000 -73.0675 919.465 299.187 846.397 340.948
51300000 -142.792 925.635 301.194 782.843 340.499
51400000 -139.149 911.644 296.642 772.495 342.009
51500000 -88.3159 923.786 300.593 835.47 342.276
51600000 -79.6525 925.719 301.222 846.067 342.436
51700000 -44.9136 923.195 300.4 878.281 342.302
51800000 -72.7152 923.172 300.393 850.457 342.15
51900000 -53.7896 918.612 298.909 864.823 342.646
52000000 -96.2949 919.097 299.067 822.802 343.848
52100000 -106.977 923.03 300.347 816.054 344.68
52200000 -67.773 926.355 301.429 858.582 344.732
52300000 -75.832 929.361 302.407 853.529 344.371
52400000 -87.1416 913.236 297.16 826.094 344.94
52500000 -58.2073 911.865 296.714 853.658 344.827
52600000 -98.8578 924.35 300.776 825.493 344.92
52700000 -121.086 921.672 299.905 800.586 343.947
52800000 -114.331 917.241 298.463 802.91 343.268
52900000 -99.9588 915.789 297.991 815.83 343.504
53000000 -47.87 928.846 302.239 880.976 343.38
53100000 -67.6196 936.963 304.88 869.344 343.15
53200000 -73.7913 923.145 300.384 849.354 343.898
53300000 -120.617 931.601 303.136 810.984 343.982
53400000 -89.0027 933.067 303.613 844.064 344.741
53500000 -87.2594 936.177 304.625 848.917 345.442
53600000 -77.7608 928.398 302.093 850.637 345.573
53700000 -89.9265 935.579 304.43 845.653 345.012
53800000 -96.3374 925.48 301.144 829.142 345.822
53900000 -126.314 931.909 303.236 805.595 345.811
54000000 -156.41 927.378 301.762 770.968 345.598
54100000 -134.95 920.759 299.608 785.809 345.142
54200000 -143.69 911.186 296.493 767.497 344.683
54300000 -111.934 924.425 300.801 812.492 344.612
54400000 -109.873 925.101 301.021 815.227 345.035
54500000 -70.9982 921.949 299.995 850.951 346.035
54600000 -88.3897 915.868 298.016 827.478 346.297
54700000 -100.082 905.844 294.754 805.762 346.695
54800000 -101.345 930.263 302.7 828.918 346.793
54900000 -113.328 918.151 298.759 804.823 347.106
55000000 -107.645 918.428 298.849 810.783 346.118
55100000 -111.381 917.991 298.707 806.61 345.779
55200000 -87.4302 924.817 300.928 837.387 346.125
55300000 -121.903 908.374 295.578 786.471 347.632
55400000 -140.507 915.489 297.893 774.982 348.398
55500000 -119.538 914.493 297.569 794.955 348.583
55600000 -105.933 924.089 300.691 818.156 349.211
55700000 -120.986 934.639 304.124 813.653 349.804
55800000 -119.867 931.762 303.188 811.895 350.255
55900000 -120.509 936.567 304.752 816.058 351.759
56000000 -131.608 915.466 297.885 783.858 351.548
56100000 -109.917 918.54 298.886 808.623 351.2
56200000 -82.9863 909.762 296.029 826.775 351.525
56300000 -62.9832 923.82 300.604 860.837 350.633
56400000 -31.5327 915.084 297.761 883.551 349.522
56500000 -46.8439 931.257 303.024 884.413 350.159
56600000 -74.729 924.971 300.978 850.242 350.57
56700000 -18.4266 924.843 300.937 906.416 350.173
56800000 -43.9442 921.592 299.879 877.648 349.705
56900000 -28.6232 917.493 298.545 888.87 350.48
57000000 -78.1967 919.5 299.198 841.304 351.086
57100000 -83.9416 916.411 298.193 832.469 351.158
57200000 -111.581 925.649 301.199 814.068 352.278
57300000 -111.073 914.12 297.447 803.046 352.833
57400000 -77.5269 919.948 299.344 842.421 354.575
57500000 -113.639 927.419 301.775 813.78 355.14
57600000 -147.609 915.866 298.016 768.257 355.274
57700000 -114.94 925.101 301.021 810.162 354.94
57800000 -115.218 913.9 297.376 798.682 355.288
57900000 -122.697 913.558 297.265 790.861 355.838
58000000 -90.7007 914.978 297.726 824.277 356.238
58100000 -109.985 917.889 298.674 807.904 356.189
58200000 -75.6594 912.73 296.995 837.07 357.02
58300000 -58.0385 922.749 300.255 864.71 359.073
58400000 -57.5055 915.086 297.762 857.581 359.822
58500000 -92.5529 918.153 298.76 825.6 360.647
58600000 -65.732 911.419 296.569 845.688 359.636
58700000 -86.541 914.66 297.623 828.119 360.332
58800000 -105.113 914.406 297.541 809.293 360.111
58900000 -103.813 923.997 300.661 820.184 360.837
59000000 -92.4556 911.29 296.527 818.835 362.279
59100000 -124.269 922.262 300.097 797.993 362.134
59200000 -160.756 919.747 299.278 758.992 361.139
59300000 -155.676 911.006 296.434 755.33 360.163
59400000 -113.393 916.977 298.377 803.584 360.479
59500000 -109.354 925.857 301.267 816.504 360.945
59600000 -101.4 927.817 301.904 826.417 361.476
59700000 -100.113 924.012 300.666 823.899 363.229
59800000 -125.961 928.862 302.244 802.901 364.25
59900000 -117.9 923.092 300.367 805.192 364.104
60000000 -125.883 917.768 298.634 791.884 363.106
60100000 -79.7161 915.934 298.038 836.218 363.402
60200000 -73.6657 919.712 299.267 846.046 361.991
60300000 -36.2463 933.909 303.887 897.662 362.561
60400000 -87.1619 913.511 297.249 826.35 362.353
60500000 -78.1628 930.328 302.721 852.165 361.256
60600000 -84.6711 927.192 301.701 842.521 361.048
60700000 -48.5565 910.289 296.201 861.732 361.647
60800000 -58.2538 938.844 305.492 880.59 360.556
60900000 -89.8018 910.668 296.324 820.866 361.351
61000000 -73.7479 925.194 301.051 851.446 361.457
61100000 -91.2305 908.628 295.66 817.398 361.17
61200000 -93.2468 919.37 299.156 826.123 359.726
61300000 -107.13 913.722 297.318 806.592 359.127
61400000 -104.815 932.693 303.491 827.878 359.897
61500000 -78.1812 917.237 298.462 839.056 360.667
61600000 -69.7218 917.491 298.544 847.77 361.237
61700000 -110.524 925.465 301.139 814.941 363.135
61800000 -122.079 910.76 296.354 788.681 365.031
61900000 -122.642 921.048 299.702 798.405 365.21
62000000 -93.096 917.321 298.489 824.225 365.692
62100000 -89.9493 928.424 302.102 838.475 365.11
62200000 -132.381 913.209 297.151 780.829 366.075
62300000 -93.1463 940.962 306.182 847.816 366.648
62400000 -132.349 917.721 298.619 785.372 366.449
62500000 -119.86 931.707 303.17 811.847 366.548
62600000 -118.008 932.381 303.39 814.374 367.105
62700000 -118.125 928.955 302.275 810.83 367.309
62800000 -61.139 919.404 299.167 858.265 367.752
62900000 -95.1957 923.597 300.531 828.402 369.068
63000000 -101.943 912.977 297.075 811.034 369.239
63100000 -95.9346 919.662 299.251 823.727 368.27
63200000 -81.2392 929.405 302.421 848.165 368.192
63300000 -54.5706 922.948 300.32 868.378 369.814
63400000 -88.6669 915.565 297.918 826.899 369.372
63500000 -69.64 911.715 296.665 842.075 369.251
63600000 -94.3379 911.299 296.529 816.961 369.473
63700000 -75.4404 932.696 303.492 857.256 370.757
63800000 -82.647 927.518 301.807 844.871 373.283
63900000 -89.329 924.77 300.913 835.441 373.819
64000000 -90.2915 917.896 298.676 827.605 374.104
64100000 -107.587 909.38 295.905 801.794 373.866
64200000 -107.034 920.165 299.415 813.131 374.184
64300000 -90.9801 927.125 301.679 836.145 375.37
64400000 -119.297 925.202 301.053 805.905 374.776
64500000 -156.374 934.844 304.191 778.47 376.138
64600000 -90.6379 926.781 301.567 836.143 376.779
64700000 -72.2528 925.787 301.244 853.534 377.306
64800000 -99.6689 919.11 299.071 819.441 377.81
64900000 -74.4725 912.588 296.949 838.115 378.823
65000000 -139.306 914.958 297.72 775.653 379.307
65100000 -127.437 921.502 299.849 794.065 379.795
65200000 -97.5051 921.128 299.728 823.623 380.389
65300000 -52.0111 921.319 299.79 869.308 380.071
65400000 -10.9284 916.597 298.253 905.669 378.638
65500000 -51.8899 928.861 302.244 876.971 378.707
65600000 -148.757 927.083 301.666 778.326 379.294
65700000 -170.411 915.738 297.974 745.328 380.157
65800000 -152.668 937.12 304.931 784.452 380.808
65900000 -178.099 916.738 298.299 738.639 380.83
66000000 -164.645 931.858 303.219 767.213 381.036
66100000 -178.825 923.634 300.543 744.809 381.287
66200000 -160.119 926.52 301.482 766.401 382.528
66300000 -113.125 923.846 300.612 810.722 382.18
66400000 -105.761 922.935 300.316 817.174 381.224
66500000 -96.8085 908.461 295.606 811.652 380.9
66600000 -103.926 932.468 303.418 828.542 381.333
66700000 -100.103 929.459 302.439 829.356 381.501
66800000 -107.732 931.836 303.212 824.104 381.791
66900000 -102.332 922.936 300.316 820.604 382.44
67000000 -67.8159 919.071 299.058 851.255 382.929
67100000 -31.3546 913.917 297.381 882.562 383.358
67200000 -63.5266 918.768 298.96 855.241 383.335
67300000 -67.5107 917.941 298.691 850.43 383.924
67400000 -70.5467 929.06 302.309 858.513 384.337
67500000 -67.6391 932.682 303.487 865.043 384.254
67600000 -89.1108 931.367 303.06 842.257 384.699
67700000 -75.3358 911.305 296.532 835.969 384.034
67800000 -63.6059 921.586 299.877 857.98 383.256
67900000 -109.512 919.687 299.259 810.175 384.231
68000000 -102.935 927.974 301.955 825.04 383.503
68100000 -141.696 933.396 303.72 791.7 382.81
68200000 -147.353 920.624 299.564 773.271 383.677
68300000 -152.145 924.734 300.901 772.588 384.208
68400000 -170.996 912.534 296.931 741.538 384.878
68500000 -114.33 927.332 301.746 813.002 385.464
68600000 -125.815 916.605 298.256 790.789 385.599
68700000 -170.367 918.401 298.84 748.034 385.646
68800000 -168.128 930.981 302.934 762.853 386.211
68900000 -158.401 921.615 299.886 763.214 386.932
69000000 -140.239 923.391 300.464 783.152 387.77
69100000 -150.138 927.304 301.737 777.166 387.046
69200000 -147.672 930.443 302.759 782.771 386.186
69300000 -114.621 934.141 303.962 819.519 386.134
69400000 -123.231 936.418 304.703 813.187 386.42
69500000 -140.193 924.363 300.78 784.17 387.479
69600000 -162.19 918.876 298.995 756.686 388.015
69700000 -157.945 924.821 300.93 766.876 388.446
69800000 -108.653 920.251 299.443 811.599 389.592
69900000 -136.358 914.572 297.595 778.215 389.81
70000000 -143.124 925.898 301.28 782.774 390.193
70100000 -128.767 910.274 296.196 781.508 389.909
70200000 -118.774 920.616 299.561 801.842 388.381
70300000 -86.6551 925.921 301.287 839.266 389.009
70400000 -129.007 914.352 297.523 785.345 389.336
70500000 -122.707 923.611 300.536 800.904 389.414
70600000 -84.7577 928.248 302.044 843.49 389.057
70700000 -85.8511 935.16 304.294 849.309 389.284
70800000 -132.62 931.85 303.217 799.23 388.391
70900000 -163.168 930.533 302.788 767.365 387.575
71000000 -132.833 912.169 296.813 779.335 387.048
71100000 -155.533 912.309 296.858 756.776 387.452
71200000 -159.236 923.515 300.505 764.279 387.716
71300000 -134.984 924.154 300.712 789.169 388.84
71400000 -135.989 916.72 298.294 780.731 389.028
71500000 -103.656 921.584 299.876 817.928 388.921
71600000 -114.263 912.922 297.058 798.659 389.472
71700000 -163.362 922.898 300.304 759.536 389.697
71800000 -141.894 916.815 298.324 774.921 390.369
71900000 -105.154 931.366 303.059 826.212 390.577
72000000 -115.841 910.01 296.11 794.17 391.243
72100000 -88.0619 935.292 304.337 847.23 392.02
72200000 -105.1 911.714 296.665 806.614 391.558
72300000 -77.787 917.838 298.657 840.051 392.088
72400000 -101.756 935.276 304.332 833.52 392.654
72500000 -100.659 923.032 300.347 822.373 393.696
72600000 -93.4836 927.32 301.743 833.836 394.568
72700000 -67.6832 922.097 300.043 854.414 395.565
72800000 -114.805 932.392 303.393 817.588 397.364
72900000 -116.593 920.953 299.671 804.36 398.869
73000000 -108.445 920.978 299.679 812.534 398.569
73100000 -67.4617 925.568 301.173 858.107 398.657
73200000 -159.94 926.482 301.47 766.542 398.031
73300000 -116.94 926.864 301.594 809.924 397.334
73400000 -113.819 932.867 303.548 819.048 397.27
73500000 -120.012 924.763 300.911 804.751 397.358
73600000 -109.421 923.049 300.353 813.627 398.034
73700000 -133.079 930.58 302.803 797.5 399.122
73800000 -129.025 927.847 301.914 798.822 399.811
73900000 -99.617 927.306 301.738 827.689 400.213
74000000 -107.736 916.463 298.21 808.726 399.863
74100000 -110.638 928.152 302.013 817.514 400.333
74200000 -81.857 922.828 300.281 840.971 400.179
74300000 -73.5787 932.946 303.573 859.367 399.086
74400000 -106.876 907.548 295.309 800.672 398.641
74500000 -105.81 912.784 297.013 806.973 398.644
74600000 -146.145 917.113 298.421 770.967 399.085
74700000 -127.883 929.936 302.594 802.053 399.043
74800000 -102.529 935.017 304.247 832.488 398.881
74900000 -114.072 919.339 299.146 805.267 399.27
75000000 -130.573 908.259 295.54 777.686 399.891
75100000 -126 914.94 297.714 788.94 400.25
75200000 -61.5811 912.918 297.056 851.337 399.975
75300000 -41.5321 917.554 298.565 876.022 400.113
75400000 -21.5742 931.692 303.165 910.118 401.118
75500000 -66.3895 926.188 301.374 859.799 400.457
75600000 -75.2657 932.473 303.419 857.207 400.059
75700000 -145.794 923.495 300.498 777.701 400.473
75800000 -130.457 933.241 303.669 802.784 400.409
75900000 -119.428 926.782 301.568 807.355 400.536
76000000 -119.588 929.065 302.31 809.477 401.46
76100000 -88.7875 934.147 303.964 845.36 402.906
76200000 -88.0745 930.694 302.84 842.619 403.311
76300000 -73.6498 916.783 298.314 843.134 404.58
76400000 -70.4302 932.933 303.569 862.503 404.484
76500000 -103.936 911.53 296.605 807.594 404.068
76600000 -94.7966 914.139 297.454 819.342 405.27
76700000 -90.3504 941.325 306.3 850.975 405.451
76800000 -100.386 915.277 297.824 814.891 405.056
76900000 -57.8164 928.2 302.029 870.384 406.328
77000000 -71.4494 923.578 300.525 852.128 407.888
77100000 -78.8246 918.519 298.879 839.694 408.155
77200000 -46.7912 922.601 300.207 875.81 407.53
77300000 -97.0842 916.542 298.235 819.458 406.78
77400000 -138.255 911.631 296.638 773.377 405.716
77500000 -113.956 915.733 297.972 801.777 406.392
77600000 -145.53 932.547 303.443 787.017 407.601
77700000 -92.9096 929.188 302.351 836.279 409.21
77800000 -82.2868 914.115 297.446 831.828 411.151
77900000 -148.641 912.616 296.958 763.975 411.004
78000000 -102.147 924.2 300.727 822.053 409.441
78100000 -106.767 933.02 303.597 826.253 409.851
78200000 -121.639 913.332 297.191 791.693 410.46
78300000 -92.3298 926.296 301.409 833.966 409.956
78400000 -119.278 907.89 295.42 788.612 410.241
78500000 -94.1994 918.416 298.845 824.217 409.437
78600000 -81.8261 915.856 298.012 834.03 409.406
78700000 -66.5706 926.422 301.45 859.851 410.472
78800000 -63.6077 905.166 294.534 841.558 410.746
78900000 -68.2421 920.142 299.407 851.9 411.17
79000000 -99.603 923.732 300.575 824.129 412.035
79100000 -92.712 909.602 295.977 816.89 411.483
79200000 -143.898 927.064 301.659 783.166 411.489
79300000 -132.629 925.183 301.047 792.554 412.541
79400000 -124.772 913.969 297.398 789.197 413.888
79500000 -126.593 913.933 297.387 787.341 413.742
79600000 -87.3741 931.764 303.189 844.39 413.899
79700000 -119.7 935.773 304.493 816.072 414.797
79800000 -155.25 924.313 300.764 769.063 414.432
79900000 -138.557 902.058 293.523 763.501 414.64
80000000 -124.998 934.235 303.993 809.237 415.498
80100000 -146.961 930.092 302.644 783.131 415.57
80200000 -146.273 916.552 298.239 770.279 415.355
80300000 -117.917 921.285 299.779 803.369 415.124
80400000 -123.468 918.856 298.989 795.388 414.617
80500000 -91.7847 925.583 301.177 833.798 414.115
80600000 -80.625 913.011 297.087 832.386 414.099
80700000 -117.854 938.463 305.369 820.609 414.38
80800000 -106.256 923.715 300.57 817.459 414.758
80900000 -130.388 916.516 298.227 786.128 414.962
81000000 -145.558 932.19 303.327 786.632 415.071
81100000 -156.416 922.194 300.075 765.777 414.604
81200000 -103.269 917.121 298.424 813.852 415.028
81300000 -114.669 916.536 298.233 801.867 416.225
81400000 -81.7536 906.306 294.905 824.552 415.275
81500000 -77.523 920.825 299.629 843.302 413.573
81600000 -118.314 923.512 300.504 805.198 413.738
81700000 -106.839 922.877 300.297 816.037 413.627
81800000 -93.1917 916.742 298.301 823.55 413.324
81900000 -85.9835 928.951 302.273 842.967 414.21
82000000 -106.596 914.22 297.48 807.624 413.683
82100000 -97.7419 916.801 298.32 819.06 413.878
82200000 -110.99 915.426 297.873 804.437 413.279
82300000 -96.3805 921.448 299.832 825.068 413.298
82400000 -83.4728 920.925 299.662 837.452 413.299
82500000 -119.29 917.612 298.584 798.321 414.04
82600000 -153.649 926.283 301.405 772.635 414.694
82700000 -133.405 920.677 299.581 787.272 414.67
82800000 -125.863 921.932 299.989 796.069 414.607
82900000 -126.692 922.65 300.223 795.957 415.041
83000000 -168.28 913.796 297.342 745.516 415.236
83100000 -155.065 918.718 298.944 763.653 415.276
83200000 -117.992 924.557 300.844 806.565 416.185
83300000 -140.374 926.512 301.48 786.138 415.755
83400000 -117.35 920.015 299.366 802.665 415.12
83500000 -134.423 921.398 299.816 786.976 414.316
83600000 -126.94 928.753 302.209 801.813 412.727
83700000 -132.802 915.19 297.796 782.388 411.881
83800000 -125.306 934.767 304.166 809.461 409.614
83900000 -145.169 926.365 301.432 781.196 410.288
84000000 -107.207 930.811 302.878 823.604 409.819
84100000 -114.986 922.505 300.176 807.519 408.923
84200000 -105.146 923.923 300.637 818.777 408.415
84300000 -106.537 921.816 299.952 815.279 408.691
84400000 -108.191 934.254 303.999 826.063 408.238
84500000 -121.382 920.05 299.377 798.668 409.311
84600000 -139.983 916.986 298.38 777.002 410.269
84700000 -131.06 921.863 299.967 790.804 409.538
84800000 -122.771 925.741 301.229 802.97 409.248
84900000 -123.218 922.568 300.196 799.35 409.458
85000000 -114.035 924.054 300.68 810.019 410.386
85100000 -145.101 907.403 295.262 762.302 410.445
85200000 -186.173 927.063 301.659 740.89 410.678
85300000 -193.359 919.935 299.34 726.576 410.357
85400000 -203.287 919.299 299.133 716.013 409.73
85500000 -203.9 928.899 302.256 725 409.499
85600000 -185.526 916.522 298.229 730.996 409.51
85700000 -141.317 915.859 298.013 774.542 409.184
85800000 -173.498 922.215 300.082 748.718 407.868
85900000 -190.239 907.209 295.199 716.97 407.824
86000000 -165.825 923.136 300.381 757.311 408.316
86100000 -152.877 915.061 297.754 762.184 408.575
86200000 -149.127 914.287 297.502 765.16 409.669
86300000 -133.858 935.773 304.493 801.915 410.001
86400000 -105.688 946.337 307.931 840.649 410.045
86500000 -68.6333 917.046 298.399 848.412 410.189
86600000 -73.128 925.482 301.145 852.354 410.494
86700000 -109.772 916.166 298.113 806.394 410.991
86800000 -106.867 917.962 298.697 811.094 411.204
86900000 -68.7371 915.699 297.961 846.962 412.127
87000000 -111.518 930.239 302.693 818.721 413.618
87100000 -75.0761 929.168 302.344 854.092 413.773
87200000 -102.465 921.274 299.775 818.809 414.564
87300000 -123.794 932.353 303.38 808.56 415.752
87400000 -95.3163 941.108 306.229 845.791 417.188
87500000 -69.7568 926.47 301.466 856.714 418.196
87600000 -34.1155 920.68 299.582 886.565 416.846
87700000 -104.403 923.627 300.541 819.224 417.592
87800000 -86.4156 904.783 294.409 818.367 417.505
87900000 -75.6411 927.095 301.669 851.454 417.507
88000000 -115.278 912.572 296.944 797.294 419.811
88100000 -106.058 920.425 299.499 814.367 421.342
88200000 -138.531 922.689 300.236 784.158 420.887
88300000 -183.196 930.355 302.73 747.159 419.965
88400000 -186.164 916.89 298.349 730.726 420.689
88500000 -135.129 922.124 300.052 786.994 420.389
88600000 -81.4992 918.87 298.993 837.371 420.495
88700000 -68.805 917.535 298.558 848.729 422.225
88800000 -75.1922 925.366 301.107 850.174 422.792
88900000 -124.285 917.972 298.701 793.687 422.726
89000000 -123.421 910.395 296.235 786.975 423.596
89100000 -93.597 927.194 301.702 833.597 423.822
89200000 -107.266 925.784 301.243 818.518 423.188
89300000 -82.9198 925.662 301.203 842.742 422.793
89400000 -70.1803 921.209 299.754 851.029 422.959
89500000 -76.3279 924.524 300.833 848.196 422.407
89600000 -110.632 916.582 298.248 805.95 423.115
89700000 -83.2064 921.913 299.983 838.706 423.616
89800000 -96.8398 912.883 297.045 816.043 424.689
89900000 -80.419 928.852 302.241 848.433 424.394
90000000 -53.5273 932.713 303.497 879.186 425.488
90100000 -87.6306 922.074 300.036 834.443 426.52
90200000 -116.623 918.299 298.807 801.676 426.564
90300000 -91.1325 903.033 293.84 811.9 426.118
90400000 -81.9228 923.887 300.626 841.965 425.758
90500000 -139.13 920.015 299.366 780.885 424.978
90600000 -119.271 922.842 300.286 803.571 424.065
90700000 -152.905 923.912 300.634 771.008 424.877
90800000 -124.505 929.293 302.385 804.788 425.355
90900000 -128.089 919.922 299.335 791.833 426.61
91000000 -168.993 927.768 301.888 758.774 426.769
91100000 -142.606 936.584 304.757 793.977 426.43
91200000 -116.845 901.777 293.431 784.933 426.816
91300000 -108.349 906.185 294.865 797.836 427.858
91400000 -94.1224 909.33 295.889 815.207 427.709
91500000 -100.67 910.247 296.187 809.577 428.367
91600000 -122.873 925.155 301.038 802.283 429.301
91700000 -126.936 906.668 295.023 779.732 429.377
91800000 -144.685 916.17 298.114 771.485 429.962
91900000 -100.747 919.024 299.043 818.278 430.446
92000000 -97.203 923.531 300.51 826.328 430.34
92100000 -77.3132 926.386 301.439 849.073 430.649
92200000 -86.5535 923.644 300.547 837.091 430.965
92300000 -121.094 930.469 302.767 809.375 431.156
92400000 -117.72 915.091 297.763 797.371 431.652
92500000 -116.732 919.997 299.36 803.265 432.484
92600000 -91.8397 925.687 301.211 833.847 432.543
92700000 -96.7504 927.519 301.807 830.768 431.798
92800000 -110.957 921.984 300.006 811.027 431.58
92900000 -115.713 916.513 298.226 800.801 431.998
93000000 -135.193 917.162 298.437 781.969 432.439
93100000 -117.552 928.04 301.977 810.488 431.898
93200000 -119.635 913.826 297.352 794.19 431.976
93300000 -95.6612 919.762 299.283 824.101 432.136
93400000 -117.378 926.398 301.443 809.021 431.395
93500000 -112.378 927.709 301.869 815.331 431.949
93600000 -113.946 925.762 301.236 811.816 432.018
93700000 -108.186 912.966 297.072 804.78 431.318
93800000 -114.212 924.209 300.73 809.997 431.063
93900000 -63.6097 907.583 295.32 843.973 431.815
94000000 -66.9206 927.075 301.663 860.154 431.951
94100000 -81.0142 921.387 299.812 840.373 431.051
94200000 -108.491 924.365 300.781 815.874 429.998
94300000 -79.7911 935.423 304.379 855.632 430.063
94400000 -73.2394 916.879 298.345 843.64 429.381
94500000 -65.4271 933.893 303.881 868.466 429.616
94600000 -119.789 927.278 301.729 807.489 429.899
94700000 -93.1041 923.46 300.487 830.356 430.576
94800000 -67.6031 917.748 298.628 850.145 430.71
94900000 -74.7714 920.327 299.467 845.556 430.875
95000000 -106.657 921.111 299.722 814.454 431.132
95100000 -46.7587 922.262 300.097 875.504 431.74
95200000 -108.474 918.925 299.011 810.451 431.657
95300000 -112.23 922.751 300.256 810.521 432.931
95400000 -101.731 932.34 303.376 830.609 433.585
95500000 -112.661 928.561 302.146 815.9 433.56
95600000 -79.6799 935.689 304.466 856.009 433.32
95700000 -105.387 928.613 302.163 823.225 433.039
95800000 -132.387 921.809 299.949 789.422 433.229
95900000 -157.244 920.252 299.443 763.008 432.915
96000000 -164.039 919.045 299.05 755.006 430.795
96100000 -110.85 935.098 304.274 824.248 429.964
96200000 -158.958 927.248 301.719 768.29 429.723
96300000 -150.521 918.069 298.732 767.548 430.35
96400000 -134.97 926.398 301.443 791.428 429.657
96500000 -112.726 919.764 299.284 807.038 429.577
96600000 -118.896 926.93 301.616 808.034 429.52
96700000 -91.36 935.336 304.351 843.976 429.078
96800000 -127.539 916.835 298.331 789.296 430.445
96900000 -71.4219 933.606 303.788 862.184 430.54
97000000 -72.5188 922.27 300.099 849.751 431.53
97100000 -81.1884 915.744 297.976 834.555 431.478
97200000 -133.502 906.431 294.945 772.929 431.001
97300000 -135.308 911.126 296.473 775.818 430.724
97400000 -149.793 934.244 303.996 784.451 430.767
97500000 -126.794 926.059 301.332 799.265 430.758
97600000 -177.793 921.332 299.794 743.538 430.647
97700000 -166.658 921.805 299.948 755.148 430.727
97800000 -146.351 937.494 305.053 791.143 431.059
97900000 -132.057 915.899 298.026 783.841 431.046
98000000 -187.627 926.45 301.459 738.823 431.665
98100000 -144.799 907.181 295.19 762.382 430.31
98200000 -115.659 911.557 296.614 795.898 429.14
98300000 -74.3686 929.058 302.308 854.69 428.408
98400000 -80.4433 932.112 303.302 851.668 428.366
98500000 -91.0655 927.06 301.658 835.995 429.12
98600000 -119.085 929.756 302.535 810.671 429.916
98700000 -88.1874 914.997 297.733 826.809 429.507
98800000 -109.627 921.759 299.933 812.131 429.448
98900000 -76.6696 935.719 304.476 859.05 430.315
99000000 -79.7566 937.17 304.948 857.413 430.376
99100000 -119.794 924.28 300.753 804.486 429.621
99200000 -150.006 918.129 298.752 768.124 430.314
99300000 -142.672 915.732 297.972 773.06 430.262
99400000 -135.505 923.195 300.4 787.69 430.43
99500000 -67.2738 920.172 299.417 852.899 431.648
99600000 -68.7517 916.328 298.166 847.576 432.81
99700000 -93.7272 927.172 301.694 833.445 433.141
99800000 -119.006 927.775 301.891 808.769 433.035
99900000 -97.7242 923.767 300.587 826.043 433.999
100000000 -97.6426 911.507 296.597 813.864 434.545
100100000 -96.2317 916.904 298.353 820.672 434.647
100200000 -138.493 899.521 292.697 761.028 434.384
100300000 -100.232 928.205 302.031 827.973 434.398
100400000 -94.7507 924.102 300.695 829.351 434.274
100500000 -52.7263 914.534 297.582 861.808 434.768
100600000 -62.4349 917.251 298.466 854.816 434.107
100700000 -87.487 915.728 297.971 828.241 434.812
100800000 -95.7465 922.781 300.266 827.035 435.256
100900000 -105.509 919.29 299.13 813.781 434.414
101000000 -171.639 922.999 300.337 751.36 434.929
101100000 -142.408 908.055 295.474 765.647 434.073
101200000 -112.47 924.11 300.698 811.641 434.04
101300000 -103.872 931.743 303.182 827.871 435.218
101400000 -83.8841 909.882 296.068 825.998 435.057
101500000 -83.9013 919.363 299.154 835.462 435.137
101600000 -56.5377 929.539 302.465 873.002 435.034
101700000 -84.9465 918.651 298.922 833.705 436.134
101800000 -110.159 929.565 302.473 819.406 437.196
101900000 -102.341 916.559 298.241 814.218 438.241
102000000 -125.554 919.349 299.149 793.795 438.818
102100000 -129.737 930.894 302.906 801.157 438.805
102200000 -77.1198 922.318 300.115 845.198 438.87
102300000 -79.7922 919.193 299.098 839.401 438.493
102400000 -74.937 928.15 302.013 853.213 439.135
102500000 -75.8092 927.914 301.936 852.105 439.76
102600000 -96.489 931.281 303.032 834.792 440.309
102700000 -72.483 922.756 300.257 850.273 440.679
102800000 -130.227 920.59 299.553 790.363 440.915
102900000 -136.903 908.132 295.499 771.228 440.861
103000000 -135.43 923.933 300.64 788.503 441.415
103100000 -80.4416 930.789 302.871 850.347 441.602
103200000 -132.133 907.095 295.162 774.962 441.979
103300000 -110.835 932.662 303.481 821.827 442.439
103400000 -81.7794 914.496 297.57 832.717 442.693
103500000 -103.983 908.507 295.621 804.524 443.15
103600000 -149.812 923.058 300.356 773.246 443.335
103700000 -96.1775 921.741 299.927 825.564 443.15
103800000 -151.096 925.251 301.069 774.155 443.249
103900000 -157.356 915.363 297.852 758.008 443.467
104000000 -148.257 917.616 298.585 769.358 443.382
104100000 -163.965 925.079 301.013 761.114 444.605
104200000 -147.803 917.839 298.658 770.037 445.956
104300000 -98.5445 926.625 301.517 828.081 446.832
104400000 -109.639 923.391 300.464 813.752 447.075
104500000 -100.871 936.998 304.892 836.126 446.648
104600000 -133.636 928.741 302.205 795.104 445.436
104700000 -123.877 929.297 302.386 805.42 444.145
104800000 -150.696 930.073 302.638 779.377 444.327
104900000 -155.326 923.665 300.553 768.338 443.803
105000000 -148.78 922.433 300.152 773.653 443.326
