# Time-averaged data for fix favg
# TimeStep v_vpe v_vke v_vT v_vE v_vRg
5100000 -86.3756 928.975 302.281 842.599 126.718
5200000 -106.324 914.538 297.584 808.214 126.689
5300000 -108.914 931.952 303.25 823.039 127.312
5400000 -133.755 926.598 301.508 792.843 128.287
5500000 -101.731 912.422 296.895 810.691 127.853
5600000 -121.711 933.517 303.759 811.806 129.6
5700000 -117.537 918.746 298.953 801.21 130.356
5800000 -113.142 933.297 303.688 820.155 130.591
5900000 -123.521 911.636 296.639 788.116 131.133
6000000 -127.514 902.541 293.68 775.026 131.644
6100000 -159.432 909.015 295.786 749.583 131.292
6200000 -112.436 920.208 299.428 807.772 132.098
6300000 -133.697 933.157 303.642 799.46 132.234
6400000 -129.891 922.389 300.138 792.498 132.617
6500000 -106.899 920.57 299.546 813.671 132.523
6600000 -95.274 925.602 301.184 830.328 134.265
6700000 -146.423 920.258 299.445 773.835 136.575
6800000 -121.172 908.767 295.706 787.595 137.592
6900000 -144.292 927.827 301.908 783.536 139.49
7000000 -143.369 925.758 301.234 782.389 140.088
7100000 -164.037 913.101 297.116 749.064 139.869
7200000 -140.119 920.429 299.5 780.31 141.621
7300000 -116.77 918.818 298.976 802.049 143.45
7400000 -147.024 925.651 301.2 778.627 145.527
7500000 -95.7877 910.538 296.282 814.751 146.772
7600000 -83.166 924.472 300.816 841.306 148.199
7700000 -77.3966 929.181 302.348 851.784 149.013
7800000 -93.9895 933.871 303.874 839.882 150.461
7900000 -98.6975 924.001 300.663 825.303 151.767
8000000 -94.1459 921.522 299.856 827.376 152.352
8100000 -63.4947 917.866 298.666 854.371 152.462
8200000 -104.598 924.004 300.664 819.406 153.309
8300000 -108.738 924.529 300.834 815.79 153.545
8400000 -120.069 917.705 298.614 797.636 154.227
8500000 -72.0239 898.328 292.309 826.305 155.826
8600000 -96.5365 922.309 300.112 825.773 156.453
8700000 -147.274 911.984 296.752 764.71 156.773
8800000 -116.871 917.496 298.546 800.624 158.231
8900000 -131.985 916.059 298.078 784.074 157.074
9000000 -150.794 925.485 301.146 774.691 157.182
9100000 -156.713 927.549 301.817 770.836 157.494
9200000 -141.523 929.095 302.32 787.571 158.145
9300000 -131.796 918.093 298.74 786.297 159.003
9400000 -117.229 914.741 297.649 797.512 159.52
9500000 -122.827 924.635 300.869 801.808 159.407
9600000 -128.423 921.405 299.818 792.982 160.121
9700000 -115.836 924.233 300.738 808.396 160.956
9800000 -95.3289 918.853 298.988 823.524 161.345
9900000 -158.955 915.194 297.797 756.239 161.232
10000000 -154.613 910.024 296.115 755.412 160.674
10100000 -143.084 925.462 301.138 782.378 161.304
10200000 -140.929 926.122 301.353 785.193 162.073
10300000 -98.9203 922.438 300.154 823.517 163.346
10400000 -129.364 926.411 301.447 797.047 164.12
10500000 -138.801 914.742 297.65 775.941 164.58
10600000 -107.312 920.354 299.476 813.042 164.245
10700000 -141.932 918.966 299.024 777.034 164.649
10800000 -81.6258 924.963 300.976 843.337 165.859
10900000 -83.4866 926.647 301.524 843.161 167.293
11000000 -81.7297 916.278 298.15 834.549 169.121
11100000 -111.674 929.499 302.452 817.825 169.622
11200000 -124.429 925.236 301.064 800.807 170.649
11300000 -112.657 914.842 297.682 802.184 171.092
11400000 -138.9 900.512 293.019 761.612 170.569
11500000 -66.2749 931.669 303.158 865.394 169.734
11600000 -48.4631 928.287 302.057 879.823 169.597
11700000 -108.769 917.914 298.682 809.145 171.203
11800000 -117.593 915.207 297.801 797.614 172.922
11900000 -137.046 924.576 300.85 787.53 172.92
12000000 -116.419 912.918 297.056 796.499 173.592
12100000 -133.291 919.092 299.065 785.801 173.746
12200000 -144.866 915.138 297.779 770.272 173.07
12300000 -112.798 922.184 300.071 809.385 173.534
12400000 -127.708 914.32 297.512 786.612 173.546
12500000 -120.462 930.534 302.788 810.072 173.88
12600000 -116.782 921.633 299.892 804.851 174.452
12700000 -131.683 922.21 300.08 790.526 174.224
12800000 -128.402 921.88 299.972 793.478 175.035
12900000 -102.434 923.734 300.576 821.3 176.206
13000000 -111.213 927.671 301.857 816.458 177.039
13100000 -91.3878 920.064 299.382 828.676 176.728
13200000 -63.8771 931.529 303.112 867.652 177.138
13300000 -67.1025 926.641 301.522 859.539 178.507
13400000 -105.065 918.149 298.758 813.084 179.195
13500000 -138.378 923.918 300.636 785.54 180.056
13600000 -123.071 919.132 299.078 796.061 179.654
13700000 -133.841 912.398 296.887 778.557 179.933
13800000 -135.024 904.85 294.431 769.826 180.815
13900000 -145.619 930.646 302.825 785.027 182.669
14000000 -172.835 916.171 298.115 743.336 183.177
14100000 -176.299 909.931 296.084 733.632 183.048
14200000 -145.64 912.687 296.981 767.047 181.886
14300000 -138.051 927.616 301.839 789.565 181.577
14400000 -100.686 924.065 300.683 823.379 181.309
14500000 -109.165 919.054 299.053 809.889 180.052
14600000 -124.904 922.674 300.231 797.77 180.467
14700000 -120.389 923.066 300.358 802.676 179.572
14800000 -125.407 928.91 302.26 803.504 181.272
14900000 -121.539 917.616 298.585 796.077 182.866
15000000 -119.945 923.303 300.435 803.357 183.56
15100000 -120.376 910.345 296.219 789.969 183.812
15200000 -143.786 930.671 302.833 786.885 184.99
15300000 -167.012 932.402 303.396 765.391 185.582
15400000 -105.82 917.064 298.405 811.244 185.965
15500000 -93.5159 933.154 303.641 839.638 186.658
15600000 -91.2417 917.232 298.46 825.99 185.496
15700000 -72.8089 921.966 300 849.157 185.155
15800000 -92.5415 922.187 300.072 829.645 186.113
15900000 -103.806 917.649 298.596 813.843 188.002
16000000 -109.378 921.387 299.812 812.01 189.408
16100000 -123.919 912.179 296.816 788.26 191.65
16200000 -100.799 920.116 299.399 819.317 193.2
16300000 -112.864 921.335 299.795 808.472 193.237
16400000 -112.194 917.748 298.628 805.554 193.264
16500000 -87.193 921.293 299.781 834.1 194.09
16600000 -96.8958 918.28 298.801 821.384 194.221
16700000 -103.325 923.583 300.527 820.257 194.202
16800000 -82.1011 924.465 300.814 842.364 194.441
16900000 -100.778 915.231 297.809 814.453 193.897
17000000 -92.7585 922.433 300.152 829.674 193.691
17100000 -145.692 917.259 298.469 771.567 194.156
17200000 -128.805 925.128 301.029 796.324 194.483
17300000 -149.48 913.353 297.198 763.873 193.437
17400000 -140.837 926.322 301.418 785.486 193.769
17500000 -131.214 920.12 299.4 788.906 193.859
17600000 -128.951 913.536 297.257 784.585 194.765
17700000 -134.101 919.838 299.308 785.737 195.779
17800000 -92.7974 917.554 298.565 824.757 196.917
17900000 -120.941 934.733 304.155 813.792 197.3
18000000 -109.866 912.577 296.945 802.711 196.716
18100000 -116.751 911.193 296.495 794.442 198.065
18200000 -117.182 924.298 300.759 807.116 198.436
18300000 -94.8785 932.248 303.346 837.369 199.289
18400000 -101.99 921.711 299.917 819.721 199.856
18500000 -64.5155 918.315 298.812 853.799 199.738
18600000 -82.6001 916.948 298.368 834.348 200.594
18700000 -71.8812 916.074 298.083 844.192 200.327
18800000 -115.685 920.331 299.468 804.646 200.694
18900000 -122.675 916.469 298.212 793.794 202.068
19000000 -151.2 918.482 298.867 767.282 203.399
19100000 -152.647 918.237 298.787 765.589 203.159
19200000 -148.485 918.667 298.927 770.181 203.408
19300000 -115.614 921.704 299.915 806.09 205.049
19400000 -148.559 919.462 299.186 770.904 205.576
19500000 -119.047 931.512 303.107 812.464 206.024
19600000 -120.33 917.279 298.475 796.949 206.271
19700000 -152.638 924.46 300.812 771.822 206.546
19800000 -117.946 923.109 300.372 805.164 207.706
19900000 -148.988 906.069 294.828 757.081 207.425
20000000 -133.093 920.649 299.572 787.556 206.781
20100000 -136.749 905.826 294.749 769.077 207.957
20200000 -153.826 927.254 301.721 773.428 209.64
20300000 -180.399 919.657 299.249 739.258 209.948
20400000 -134.217 925.151 301.037 790.934 209.767
20500000 -175.38 912.12 296.797 736.739 209.76
20600000 -115.017 924.083 300.689 809.066 209.82
20700000 -86.4521 924.208 300.73 837.756 210.761
20800000 -143.609 924.14 300.708 780.531 210.903
20900000 -153.009 915.028 297.743 762.018 209.495
21000000 -105.802 918.964 299.023 813.161 209.92
21100000 -135.238 923.421 300.474 788.183 211.208
21200000 -136.491 921.53 299.859 785.039 211.581
21300000 -106.853 912.743 296.999 805.891 213.026
21400000 -90.8885 913.885 297.371 822.997 211.689
21500000 -139.554 925.915 301.286 786.361 209.808
21600000 -125.506 913.77 297.333 788.264 210.132
21700000 -94.1366 915.02 297.74 820.883 211.109
21800000 -105.699 920.598 299.555 814.899 212.174
21900000 -107.286 927.328 301.745 820.043 211.78
22000000 -97.6532 938.548 305.396 840.895 211.421
22100000 -88.2292 932.496 303.427 844.267 210.617
22200000 -91.2791 912.603 296.954 821.324 210.897
22300000 -57.8251 923.478 300.492 865.652 210.956
22400000 -73.5151 916.137 298.104 842.622 211.114
22500000 -77.8637 918.436 298.852 840.572 212.231
22600000 -89.9078 914.735 297.647 824.827 212.453
22700000 -116.031 925.403 301.119 809.372 213.697
22800000 -100.13 920.564 299.544 820.434 213.992
22900000 -112.269 915.352 297.848 803.083 213.48
23000000 -118.792 927.604 301.835 808.812 213.242
23100000 -128.662 907.256 295.214 778.593 213.696
23200000 -114.878 919.083 299.062 804.204 214.829
23300000 -92.2567 905.614 294.68 813.357 215.337
23400000 -104.681 926.856 301.592 822.175 216.114
23500000 -99.4308 925.537 301.163 826.106 216.999
23600000 -138.285 928.248 302.045 789.963 218.737
23700000 -140.179 933.736 303.83 793.557 219.16
23800000 -121.862 911.842 296.706 789.979 219.355
23900000 -120.956 935.852 304.519 814.895 220.323
24000000 -122.279 924.157 300.713 801.878 221.41
24100000 -160.678 914.337 297.518 753.659 222.549
24200000 -146.376 920.572 299.547 774.196 223.369
24300000 -139.271 929.702 302.518 790.43 223.817
24400000 -108.979 911.978 296.751 802.999 223.842
24500000 -119.281 923.689 300.561 804.407 224.602
24600000 -60.382 922.252 300.093 861.87 225.288
24700000 -38.7779 940.158 305.92 901.38 226.141
24800000 -49.3685 913.847 297.359 864.479 226.883
24900000 -65.4559 919.73 299.273 854.274 226.417
25000000 -81.7405 919.336 299.145 837.596 226.155
25100000 -57.825 918.844 298.985 861.019 228.147
25200000 -22.4769 925.969 301.303 903.492 228.008
25300000 -44.1301 915.261 297.819 871.13 226.992
25400000 -93.121 919.491 299.195 826.37 226.984
25500000 -116.192 918.585 298.9 802.393 227.736
25600000 -70.3247 917.6 298.58 847.275 227.406
25700000 -71.1901 917.08 298.411 845.89 227.427
25800000 -82.2553 909.676 296.002 827.421 226.148
25900000 -88.6221 925.766 301.237 837.144 225.59
26000000 -69.8002 928.21 302.032 858.41 225.975
26100000 -57.7987 921.874 299.971 864.075 225.987
26200000 -78.161 923.09 300.366 844.929 226.077
26300000 -105.903 926.16 301.365 820.258 225.087
26400000 -80.8106 917.906 298.679 837.095 225.684
26500000 -87.9896 932.12 303.305 844.131 226.013
26600000 -102.082 917.955 298.695 815.873 226.731
26700000 -92.2969 918.421 298.847 826.124 228.116
26800000 -125.791 939.703 305.772 813.912 228.17
26900000 -102.423 930.282 302.707 827.859 228.609
27000000 -125.174 922.342 300.123 797.168 229.447
27100000 -81.0238 918.516 298.878 837.492 230.472
27200000 -110.469 929.101 302.322 818.632 229.404
27300000 -107.401 926.419 301.45 819.018 229.44
27400000 -127.351 923.306 300.436 795.955 230.926
27500000 -84.0351 922.424 300.149 838.389 233.141
27600000 -99.3817 926.848 301.589 827.466 232.091
27700000 -136.616 929.003 302.29 792.387 231.585
27800000 -136.194 919.718 299.269 783.524 231.667
27900000 -87.8078 923.087 300.365 835.279 231.844
28000000 -134.038 914.328 297.515 780.291 232.711
28100000 -126.972 905.535 294.654 778.563 234.181
28200000 -117.07 917.018 298.39 799.948 235.006
28300000 -129.465 914.041 297.422 784.576 235.959
28400000 -71.2848 911.907 296.727 840.622 236.213
28500000 -101.144 919.982 299.355 818.838 237.229
28600000 -89.6001 927.515 301.806 837.915 239.554
28700000 -128.165 931.186 303.001 803.021 240.677
28800000 -168.963 923.948 300.646 754.986 239.87
28900000 -131.402 927.162 301.691 795.76 240.196
29000000 -108.429 919.381 299.159 810.952 239.737
29100000 -132.211 918.612 298.909 786.401 239.349
29200000 -88.3568 932.59 303.457 844.233 239.715
29300000 -99.4717 928.311 302.065 828.839 240.347
29400000 -107.041 923.253 300.419 816.212 239.909
29500000 -117.583 922.434 300.153 804.851 239.872
29600000 -109.662 923.717 300.57 814.054 240.848
29700000 -117.59 901.137 293.223 783.547 240.938
29800000 -94.1195 929.362 302.407 835.243 240.928
29900000 -71.0424 932.766 303.515 861.723 240.765
30000000 -80.3103 912.982 297.077 832.671 240.757
30100000 -66.1131 915.625 297.937 849.512 241.668
30200000 -77.574 924.356 300.778 846.782 241.623
30300000 -94.8037 920.947 299.669 826.143 241.174
30400000 -92.9392 917.921 298.684 824.981 241.966
30500000 -120.563 919.412 299.169 798.849 244.397
30600000 -77.0258 921.894 299.977 844.868 244.98
30700000 -82.5697 910.57 296.292 828.001 246.04
30800000 -104.382 931.685 303.163 827.303 247.085
30900000 -87.725 924.052 300.679 836.327 247.266
31000000 -62.8587 927.709 301.869 864.851 247.659
31100000 -69.2598 921.453 299.833 852.193 248.449
31200000 -106.549 936.491 304.727 829.942 249.076
31300000 -104.435 930.634 302.821 826.199 250.354
31400000 -128.545 927.508 301.804 798.963 250.319
31500000 -84.9619 920.678 299.581 835.716 250.605
31600000 -111.109 932.039 303.278 820.93 250.891
31700000 -63.4782 907.049 295.147 843.571 251.136
31800000 -62.2372 914.99 297.73 852.753 251.562
31900000 -83.3071 924.199 300.727 840.892 252.038
32000000 -82.5883 923.641 300.545 841.052 252.147
32100000 -88.1582 914.4 297.539 826.242 252.675
32200000 -133.555 926.221 301.385 792.666 253.049
32300000 -116.986 914.082 297.435 797.096 253.409
32400000 -141.99 924.698 300.889 782.708 252.509
32500000 -153.034 925.713 301.22 772.679 252.397
32600000 -151.013 926.092 301.343 775.079 253.431
32700000 -135.184 926.88 301.599 791.696 253.343
32800000 -139.39 918.46 298.86 779.07 254.546
32900000 -142.245 916.033 298.07 773.788 254.995
33000000 -156.259 924.437 300.805 768.179 255.085
33100000 -153.903 928.25 302.045 774.348 255.051
33200000 -100.426 913.403 297.214 812.977 254.758
33300000 -87.7511 923.288 300.431 835.537 255.99
33400000 -117.233 925.503 301.151 808.27 256.396
33500000 -90.0246 932.731 303.503 842.706 256.034
33600000 -102.041 931.041 302.953 829 256.73
33700000 -54.7658 915.885 298.022 861.119 258.804
33800000 -97.1981 922.734 300.25 825.536 258.895
33900000 -69.369 921.356 299.802 851.987 259.429
34000000 -102.133 918.023 298.717 815.89 260.592
34100000 -125.896 917.972 298.701 792.075 261.661
34200000 -149.464 938.354 305.333 788.89 262.275
34300000 -149.813 929.234 302.365 779.421 262.178
34400000 -118.575 921.793 299.944 803.218 262.923
34500000 -125.209 923.98 300.656 798.771 262.793
34600000 -137.47 921.588 299.877 784.117 263.264
34700000 -98.5775 916.934 298.363 818.357 263.916
34800000 -93.0556 914.85 297.685 821.795 265.804
34900000 -123.799 928.271 302.052 804.472 267.202
35000000 -139.796 915.04 297.747 775.245 268.478
35100000 -132.695 923.657 300.551 790.962 268.397
35200000 -128.618 918.248 298.791 789.63 267.784
35300000 -57.9155 935.032 304.252 877.116 268.255
35400000 -92.3919 920.568 299.545 828.176 268.154
35500000 -96.3253 921.826 299.955 825.501 267.906
35600000 -72.2236 915.483 297.891 843.259 268.03
35700000 -89.0389 907.733 295.369 818.694 267.873
35800000 -88.1042 908.402 295.587 820.298 268.82
35900000 -142.412 931.573 303.127 789.161 268.967
36000000 -130.802 925.211 301.056 794.409 270.247
36100000 -113.681 925.872 301.271 812.191 271.322
36200000 -107.548 927.074 301.663 819.526 272.808
36300000 -116.827 931.156 302.991 814.329 274.168
36400000 -149.662 921.007 299.688 771.345 273.844
36500000 -177.936 920.928 299.663 742.992 273.038
36600000 -129.696 926.037 301.325 796.341 273.77
36700000 -136.882 930.284 302.707 793.402 273.892
36800000 -130.993 922.197 300.076 791.203 273.938
36900000 -116.612 919.313 299.137 802.701 274.423
37000000 -101.084 925.731 301.225 824.647 274.62
37100000 -112.83 917.12 298.424 804.29 275.213
37200000 -98.2804 924.55 300.841 826.269 276.977
37300000 -81.9322 928.09 301.993 846.158 277.885
37400000 -83.6944 921.82 299.953 838.126 279.064
37500000 -79.9942 915.103 297.767 835.109 280.453
37600000 -98.2474 929.926 302.591 831.678 280.679
37700000 -91.0161 918.042 298.724 827.026 280.977
37800000 -93.3044 926.224 301.386 832.919 281.573
37900000 -104.848 916.079 298.085 811.231 282.471
38000000 -149.404 913.715 297.316 764.311 283.306
38100000 -154.224 909.002 295.782 754.778 282.952
38200000 -112.206 922.257 300.095 810.051 282.463
38300000 -110.217 926.004 301.314 815.787 281.606
38400000 -89.5712 934.514 304.083 844.942 281.269
38500000 -91.3436 914.195 297.472 822.852 281.852
38600000 -109.674 924.821 300.929 815.146 282.401
38700000 -62.2418 916.617 298.26 854.376 282.205
38800000 -78.1378 917.82 298.651 839.682 281.197
38900000 -98.8571 924.19 300.724 825.333 281.661
39000000 -67.392 916.637 298.266 849.245 282.554
39100000 -83.2347 931.219 303.011 847.984 283.275
39200000 -67.9547 929.725 302.525 861.77 284.078
39300000 -87.7224 926.334 301.422 838.612 284.451
39400000 -51.8779 918.607 298.908 866.729 284.706
39500000 -68.3578 922.806 300.274 854.448 285.922
39600000 -40.262 914.807 297.671 874.545 286.273
39700000 -63.4377 920.07 299.384 856.632 287.321
39800000 -116.004 925.025 300.996 809.021 286.434
39900000 -118.174 922.377 300.134 804.204 286.338
40000000 -91.1795 931.595 303.134 840.415 286.737
40100000 -115.369 917.685 298.607 802.316 287.443
40200000 -100.138 934.713 304.148 834.575 287.732
40300000 -114.285 917.208 298.452 802.923 287.867
40400000 -130.718 925.111 301.024 794.393 287.025
40500000 -127.648 924.293 300.758 796.645 286.933
40600000 -110.409 929.101 302.322 818.692 287.391
40700000 -107.583 926.575 301.5 818.993 287.268
40800000 -98.5588 905.622 294.682 807.063 288.22
40900000 -94.3852 912.264 296.844 817.879 289.013
41000000 -127.944 922.992 300.334 795.049 289.94
41100000 -118.806 918.196 298.774 799.39 290.865
41200000 -100.613 929.157 302.34 828.544 290.665
41300000 -104.431 912.369 296.878 807.938 291.634
41400000 -92.9852 919.744 299.277 826.759 291.317
41500000 -81.5051 917.105 298.419 835.6 291.382
41600000 -120.532 924.784 300.918 804.253 290.794
41700000 -141.761 921.361 299.804 779.601 290.649
41800000 -113.345 926.03 301.323 812.685 291.398
41900000 -100.208 925.402 301.118 825.193 292.579
42000000 -87.4072 932.052 303.282 844.645 293.129
42100000 -93.7614 910.954 296.417 817.193 295.103
42200000 -110.321 929.532 302.462 819.211 295.722
42300000 -82.1024 907.623 295.334 825.521 296.073
42400000 -109.283 921.989 300.008 812.706 296.271
42500000 -129.275 928.228 302.038 798.953 296.835
42600000 -171.509 913.647 297.293 742.138 299.541
42700000 -162.35 924.734 300.901 762.385 300.641
42800000 -171.535 928.399 302.094 756.865 301.171
42900000 -127.405 926.613 301.512 799.208 301.805
43000000 -121.575 918.569 298.895 796.995 301.762
43100000 -148.093 916.794 298.318 768.701 301.972
43200000 -145.5 928.673 302.183 783.173 302.001
43300000 -137.841 918.149 298.758 780.308 302.533
43400000 -87.7551 919.253 299.118 831.498 303.16
43500000 -112.454 941.027 306.203 828.573 303.712
43600000 -112.927 923.824 300.605 810.897 304.971
43700000 -93.4687 922.192 300.074 828.724 305.058
43800000 -80.6141 920.77 299.611 840.156 305.157
43900000 -66.7785 921.569 299.871 854.79 305.249
44000000 -85.6478 916.453 298.206 830.805 306.043
44100000 -114.214 920.874 299.645 806.66 305.774
44200000 -113.148 913.398 297.212 800.25 305.628
44300000 -95.0519 922.717 300.245 827.666 306.239
44400000 -91.1355 927.688 301.863 836.553 307.644
44500000 -98.0192 929.225 302.363 831.206 309.245
44600000 -75.5488 925.477 301.143 849.929 308.718
44700000 -101.114 925.68 301.209 824.566 308.357
44800000 -116.433 924.447 300.808 808.014 309.022
44900000 -95.9002 931.328 303.047 835.428 308.932
45000000 -64.0298 910.309 296.207 846.279 309.137
45100000 -62.6987 927.649 301.85 864.95 309.148
45200000 -96.4728 920.95 299.67 824.477 309.364
45300000 -99.9426 918.518 298.879 818.575 309.037
45400000 -110.852 906.383 294.93 795.532 309.56
45500000 -98.8481 917.08 298.41 818.232 309.453
45600000 -119.641 921.647 299.897 802.006 309.646
45700000 -115.499 911.81 296.696 796.311 309.324
45800000 -103.601 935.123 304.282 831.522 310.426
45900000 -96.2616 938.129 305.26 841.867 310.414
46000000 -103.693 923.157 300.388 819.464 309.913
46100000 -130.955 926.731 301.551 795.775 310.146
46200000 -130.73 920.66 299.576 789.93 310.314
46300000 -100.258 939.572 305.729 839.313 310.364
46400000 -156.401 929.679 302.51 773.278 310.465
46500000 -152.224 938.635 305.424 786.41 311.739
46600000 -161.073 930.153 302.665 769.081 311.569
46700000 -118.061 921.07 299.709 803.009 311.431
46800000 -110.269 918.282 298.802 808.013 312.819
46900000 -156.276 922.389 300.138 766.113 312.88
47000000 -163.576 911.263 296.518 747.687 312.029
47100000 -158.328 911.396 296.561 753.068 312.64
47200000 -131.368 923.199 300.402 791.831 312.876
47300000 -116.381 920.33 299.468 803.949 312.532
47400000 -110.314 917.623 298.587 807.309 312.707
47500000 -124.761 920.968 299.676 796.206 312.684
47600000 -68.8462 925.6 301.183 856.754 312.634
47700000 -98.1015 916.771 298.31 818.67 312.856
47800000 -85.1128 916.578 298.247 831.465 312.691
47900000 -90.1266 927.401 301.769 837.274 312.772
48000000 -103.872 909.84 296.055 805.968 314.515
48100000 -52.266 925.429 301.127 873.163 314.532
48200000 -60.1818 935.602 304.437 875.42 315.569
48300000 -68.0883 910.558 296.288 842.469 315.127
48400000 -71.2381 912.971 297.074 841.733 315.97
48500000 -58.1218 926.653 301.526 868.531 317.172
48600000 -73.9481 917.011 298.388 843.063 316.929
48700000 -75.7403 922.838 300.284 847.098 316.307
48800000 -67.5276 922.943 300.318 855.415 315.167
48900000 -125.357 930.667 302.832 805.31 315.152
49000000 -131.578 931.638 303.148 800.06 316.123
49100000 -154.88 926.564 301.497 771.684 316.596
49200000 -93.8681 918.097 298.741 824.228 317.016
49300000 -128.79 928.118 302.002 799.328 317.51
49400000 -119.387 925.925 301.289 806.538 317.439
49500000 -102.774 924.126 300.703 821.352 317.628
49600000 -120.442 915.821 298.001 795.379 317.6
49700000 -92.2359 926.685 301.536 834.449 317.723
49800000 -96.0232 916.704 298.288 820.681 318.754
49900000 -91.8234 914.748 297.652 822.925 319.778
50000000 -78.2669 915.087 297.762 836.82 319.291
50100000 -116.965 927.46 301.788 810.495 318.833
50200000 -118.548 934.998 304.241 816.451 318.815
50300000 -111.718 918.912 299.007 807.194 319.73
50400000 -164.34 916.794 298.318 752.454 320.174
50500000 -123.843 921.633 299.892 797.79 320.79
50600000 -107.207 917.092 298.415 809.885 321.93
50700000 -105.394 931.938 303.245 826.544 321.287
50800000 -91.7865 914.522 297.578 822.735 321.197
50900000 -63.0179 920.003 299.362 856.985 320.185
51000000 -70.0771 929.393 302.417 859.316 319.28
51100000 -73.5636 919.471 299.189 845.908 319.045
51200000 -119.372 925.622 301.19 806.25 320.836
51300000 -133.869 916.277 298.149 782.408 320.749
51400000 -100.015 923.666 300.554 823.651 320.886
51500000 -149.468 926.478 301.469 777.01 321.837
51600000 -148.042 918.556 298.891 770.514 321.803
51700000 -146.789 916.505 298.224 769.716 322.565
51800000 -156.495 915.156 297.785 758.661 323.045
51900000 -155.699 925.119 301.026 769.419 324.036
52000000 -154.41 901.293 293.274 746.883 324.825
52100000 -130.318 935.387 304.368 805.069 326.511
52200000 -129.178 923.396 300.466 794.218 326.961
52300000 -108.629 917.231 298.46 808.602 327.231
52400000 -98.6437 901.64 293.387 802.996 328.027
52500000 -86.0862 923.249 300.418 837.163 328.495
52600000 -138.714 916.884 298.347 778.17 329.053
52700000 -124.932 917.449 298.531 792.517 329.683
52800000 -118.39 918.691 298.935 800.301 330.874
52900000 -140.095 930.607 302.812 790.513 331.368
53000000 -142.991 922.813 300.276 779.823 331.875
53100000 -139.352 923.262 300.422 783.91 331.596
53200000 -141.787 919.598 299.23 777.81 331.35
53300000 -110.739 914.814 297.673 804.075 331.679
53400000 -83.1616 925.664 301.204 842.502 332.69
53500000 -81.1518 912.697 296.984 831.545 332.884
53600000 -88.0381 913.853 297.361 825.815 332.848
53700000 -100.307 921.28 299.777 820.973 333.651
53800000 -91.094 920.176 299.418 829.082 334.226
53900000 -123.654 922.979 300.33 799.325 333.663
54000000 -140.711 921.602 299.882 780.891 333.123
54100000 -117.889 918.739 298.95 800.849 332.409
54200000 -130.539 927.58 301.827 797.04 333.038
54300000 -125.485 923.708 300.567 798.223 333.712
54400000 -129.31 923.604 300.533 794.293 333.731
54500000 -109.873 927.336 301.748 817.464 333.916
54600000 -131.542 925.425 301.126 793.883 333.96
54700000 -153.851 919.999 299.36 766.147 334.46
54800000 -118.18 918.312 298.812 800.132 334.358
54900000 -113.528 911.845 296.707 798.316 333.906
55000000 -131.409 931.68 303.161 800.27 333.622
55100000 -130.029 926.376 301.435 796.347 333.7
55200000 -146.427 912.531 296.93 766.104 333.33
55300000 -106.339 904.182 294.214 797.843 333.304
55400000 -114.333 923.538 300.512 809.205 332.948
55500000 -98.825 929.943 302.596 831.118 333.334
55600000 -77.7431 932.98 303.584 855.237 333.843
55700000 -95.4217 913.251 297.165 817.83 335.032
55800000 -71.7935 921.179 299.744 849.385 334.643
55900000 -98.4262 926.11 301.349 827.683 334.759
56000000 -91.0069 916.064 298.08 825.057 334.874
56100000 -82.4208 925.686 301.211 843.265 336.424
56200000 -106.66 913.61 297.281 806.95 336.432
56300000 -120.413 921.713 299.918 801.3 336.87
56400000 -98.9383 922.83 300.282 823.892 337.74
56500000 -70.3432 927.008 301.641 856.665 338.634
56600000 -87.8202 915.279 297.825 827.459 339.246
56700000 -81.8756 930.525 302.785 848.649 339.404
56800000 -137.255 925.394 301.116 788.139 339.375
56900000 -133.079 916.477 298.214 783.398 339.195
57000000 -109.592 926.117 301.351 816.525 338.655
57100000 -86.4896 929.805 302.551 843.315 338.145
57200000 -74.0995 922.282 300.103 848.182 339.518
57300000 -96.942 911.633 296.638 814.691 340.045
57400000 -77.05 924.283 300.754 847.233 339.104
57500000 -145.953 922.338 300.122 776.385 339.58
57600000 -156.72 920.123 299.401 763.403 339.64
57700000 -161.949 912.51 296.923 750.561 339.823
57800000 -152.142 930.607 302.812 778.465 339.788
57900000 -103.4 916.766 298.308 813.366 339.364
58000000 -97.6954 900.645 293.063 802.949 339.456
58100000 -79.7114 929.621 302.491 849.91 339.53
58200000 -91.7963 917.036 298.396 825.239 340.47
58300000 -68.3697 907.83 295.401 839.461 340.385
58400000 -91.2773 924.518 300.831 833.241 339.907
58500000 -80.2017 906.538 294.98 826.336 340.113
58600000 -67.1193 914.274 297.497 847.155 339.417
58700000 -110.917 929.589 302.481 818.672 338.777
58800000 -106.955 918.604 298.907 811.65 339.183
58900000 -116.472 923.909 300.633 807.438 340.01
59000000 -106.252 925.272 301.076 819.021 341.964
59100000 -116.485 922.923 300.312 806.438 342.257
59200000 -133.333 928.385 302.089 795.052 342.808
59300000 -108.692 928.331 302.072 819.639 341.899
59400000 -93.8622 917.147 298.432 823.284 342.252
59500000 -114.142 924.447 300.808 810.304 343.205
59600000 -117.726 926.406 301.445 808.68 343.685
59700000 -79.8139 928.099 301.996 848.285 344.324
59800000 -66.9998 927.629 301.843 860.629 343.843
59900000 -137.877 933.075 303.615 795.198 344.688
60000000 -116.184 917.183 298.444 801 344.092
60100000 -103.688 918.352 298.824 814.664 344.88
60200000 -121.237 908.496 295.617 787.258 346.649
60300000 -138.625 935.341 304.353 796.716 347.224
60400000 -129.892 925.039 301.001 795.147 347.83
60500000 -108.277 927.221 301.71 818.944 347.695
60600000 -67.9026 924.61 300.861 856.708 348.497
60700000 -59.5388 927.282 301.73 867.743 349.549
60800000 -94.0579 913.279 297.174 819.221 349.84
60900000 -97.8965 923.046 300.352 825.15 350.312
61000000 -90.6176 923.999 300.662 833.381 350.814
61100000 -118.236 925.485 301.146 807.249 351.181
61200000 -139.317 922.236 300.088 782.919 352.652
61300000 -114.964 913.009 297.086 798.045 353.209
61400000 -141.024 918.008 298.713 776.985 353.521
61500000 -80.919 915.733 297.972 834.814 353.801
61600000 -75.7956 927.895 301.93 852.099 353.953
61700000 -89.0913 920.62 299.563 831.529 354.249
61800000 -116.825 924.081 300.689 807.256 355.512
61900000 -145.571 921.874 299.97 776.302 354.929
62000000 -119.953 919.772 299.286 799.819 354.192
62100000 -134.607 917.787 298.641 783.181 353.69
62200000 -114.756 925.635 301.194 810.879 353.778
62300000 -149.061 920.88 299.647 771.819 355.659
62400000 -154.86 920.333 299.469 765.473 354.951
62500000 -127.153 922.409 300.145 795.256 354.695
62600000 -68.1576 926.441 301.457 858.284 357.074
62700000 -88.6478 912.954 297.068 824.307 357.248
62800000 -90.6115 914.403 297.539 823.791 358.848
62900000 -74.4118 918.27 298.798 843.859 358.62
63000000 -73.8281 930.666 302.831 856.838 358.662
63100000 -79.6594 915.328 297.841 835.669 358.714
63200000 -73.2868 926.691 301.538 853.405 357.676
63300000 -55.537 922.314 300.114 866.777 358.236
63400000 -112.668 928.15 302.013 815.482 357.274
63500000 -55.4703 926.938 301.618 871.468 357.833
63600000 -94.683 930.728 302.852 836.045 360.429
63700000 -134.233 910.768 296.357 776.534 361.776
63800000 -141.158 919.061 299.055 777.903 362.657
63900000 -131.836 922.666 300.228 790.83 364.095
64000000 -119.087 913.75 297.327 794.663 365.102
64100000 -159.306 915.142 297.78 755.836 367.147
64200000 -154.233 930.785 302.87 776.552 367.636
64300000 -132.027 934.956 304.227 802.929 368.248
64400000 -94.8637 928.265 302.05 833.402 368.369
64500000 -71.3192 908.417 295.592 837.097 368.221
64600000 -97.4529 927.114 301.675 829.661 367.372
64700000 -110.163 920.942 299.667 810.778 367.266
64800000 -105.498 920.296 299.457 814.798 367.173
64900000 -142.482 911.77 296.683 769.288 366.19
65000000 -164.162 917.149 298.433 752.987 365.216
65100000 -132.579 922.945 300.319 790.365 365.547
65200000 -170.336 917.949 298.693 747.612 365.543
65300000 -186.237 924.883 300.95 738.646 365.21
65400000 -136.435 916.274 298.148 779.838 364.539
65500000 -136.123 919.948 299.344 783.825 364.926
65600000 -125.782 913.672 297.302 787.89 364.599
65700000 -132.102 914.457 297.557 782.355 365.071
65800000 -114.086 921.137 299.731 807.051 364.764
65900000 -112.775 905.367 294.599 792.592 365.441
66000000 -111.098 930.828 302.884 819.73 364.92
66100000 -128.69 922.921 300.311 794.231 364.868
66200000 -136.058 920.172 299.417 784.114 364.933
66300000 -96.7884 930.206 302.682 833.418 364.774
66400000 -110.989 922.427 300.15 811.438 365.857
66500000 -108.113 926.73 301.551 818.617 366.97
66600000 -46.9687 917.57 298.57 870.602 366.667
66700000 -93.6273 924.487 300.821 830.86 365.967
66800000 -91.8988 917.471 298.538 825.572 366.148
66900000 -90.8332 934.538 304.091 843.705 365.53
67000000 -142.007 930.083 302.642 788.076 363.909
67100000 -120.793 926.855 301.591 806.062 363.204
67200000 -46.9143 916.982 298.379 870.067 363.031
67300000 -32.0526 905.063 294.5 873.011 363.961
67400000 -88.3405 922.967 300.326 834.626 364.85
67500000 -66.1448 928.82 302.231 862.675 365.569
67600000 -82.2429 931.773 303.192 849.53 367.347
67700000 -117.995 914.798 297.668 796.802 368.445
67800000 -101.717 914.425 297.547 812.708 369.57
67900000 -98.9852 909.169 295.836 810.184 369.719
68000000 -94.2991 914.156 297.459 819.857 369.596
68100000 -70.179 914.847 297.684 844.668 369.466
68200000 -77.1662 920.624 299.564 843.458 368.377
68300000 -40.9835 924.815 300.928 883.832 367.203
68400000 -96.3052 926.439 301.456 830.134 368.328
68500000 -69.3988 917.538 298.56 848.139 369.751
68600000 -55.174 903.709 294.06 848.535 370.87
68700000 -53.9798 922.905 300.306 868.926 370.723
68800000 -65.4333 907.664 295.347 842.23 370.439
68900000 -41.5237 917.782 298.639 876.258 369.436
69000000 -64.5613 930.589 302.806 866.028 369.351
69100000 -62.1511 918.133 298.753 855.982 370.357
69200000 -91.6649 923.668 300.554 832.003 371.811
69300000 -84.8804 932.209 303.333 847.329 372.486
69400000 -82.3807 928.248 302.044 845.867 372.281
69500000 -83.7932 922.073 300.035 838.28 372.512
69600000 -95.1696 920.547 299.539 825.378 374.166
69700000 -81.3425 907.668 295.348 826.326 374.806
69800000 -100.391 924.486 300.82 824.095 376.435
69900000 -79.2217 937.511 305.059 858.289 376.485
70000000 -109.742 920.097 299.392 810.356 376.172
70100000 -116.458 914.173 297.465 797.714 376.694
70200000 -119.556 925.238 301.065 805.682 376.25
70300000 -90.7914 922.076 300.036 831.284 376.767
70400000 -93.692 936.555 304.748 842.863 377.487
70500000 -137.027 947.442 308.29 810.415 377.957
70600000 -143.206 918.338 298.82 775.132 378.615
70700000 -130.095 908.771 295.707 778.676 378.698
70800000 -120.127 926.846 301.588 806.718 379.488
70900000 -117.627 918.8 298.97 801.172 379.592
71000000 -132.78 922.838 300.284 790.059 379.713
71100000 -124.936 928.436 302.106 803.5 379.5
71200000 -132.305 915.61 297.932 783.306 380.032
71300000 -129.918 917.164 298.438 787.247 379.569
71400000 -74.5503 918.129 298.752 843.578 379.92
71500000 -119.972 917.198 298.449 797.226 380.466
71600000 -87.5828 918.817 298.976 831.234 381.704
71700000 -97.5819 918.46 298.86 820.879 383.287
71800000 -99.5568 921.655 299.899 822.099 384.854
71900000 -120.506 920.454 299.508 799.948 386.167
72000000 -107.869 923.491 300.497 815.622 386.439
72100000 -94.1024 905.825 294.748 811.722 385.972
72200000 -97.1698 921.741 299.927 824.572 385.387
72300000 -100.622 933.641 303.799 833.019 385.843
72400000 -88.5382 916.664 298.275 828.126 385.426
72500000 -148.317 931.498 303.102 783.181 385.108
72600000 -128.743 923.505 300.501 794.762 386.959
72700000 -103.525 927.323 301.744 823.799 388.634
72800000 -144.884 929.15 302.338 784.266 388.811
72900000 -125.242 918.589 298.902 793.348 389.325
73000000 -159.384 908.681 295.678 749.297 389.341
73100000 -160.515 920.685 299.584 760.17 388.893
73200000 -140.717 922.793 300.27 782.076 389.514
73300000 -168.552 914.209 297.476 745.658 389.06
73400000 -152.443 923.531 300.51 771.089 388.786
73500000 -127.905 923.249 300.418 795.344 389.547
73600000 -147.619 938.778 305.471 791.159 389.39
73700000 -160.612 920.961 299.673 760.349 388.537
73800000 -145.389 914.915 297.706 769.526 387.901
73900000 -118.642 912.395 296.886 793.753 388.055
74000000 -130.283 933.349 303.704 803.067 387.986
74100000 -134.266 925.66 301.202 791.394 388.593
74200000 -122.942 919.028 299.045 796.086 389.975
74300000 -103.064 923.825 300.605 820.761 391.666
74400000 -93.2666 922.071 300.034 828.804 390.762
74500000 -100.466 913.961 297.396 813.495 390.687
74600000 -115.507 930.964 302.928 815.458 390.705
74700000 -129.447 914.316 297.511 784.869 391.289
74800000 -128.004 917.121 298.424 789.117 392.016
74900000 -107.22 927.768 301.888 820.548 392.919
75000000 -141.029 913.199 297.148 772.17 393.128
75100000 -134.169 928.844 302.238 794.675 393.396
75200000 -112.422 911.102 296.465 798.68 393.829
75300000 -94.413 924.748 300.906 830.335 394.605
75400000 -96.8249 918.669 298.928 821.844 393.068
75500000 -68.2302 917.885 298.672 849.654 393.821
75600000 -92.8586 910.891 296.397 818.032 393.99
75700000 -134.106 933.662 303.806 799.556 394.706
75800000 -168.438 924.079 300.688 755.641 394.791
75900000 -124.77 928.337 302.074 803.567 395.161
76000000 -110.216 930.823 302.883 820.608 393.825
76100000 -93.3187 922.205 300.078 828.887 393.151
76200000 -141.751 923.647 300.547 781.896 392.742
76300000 -146.616 918.831 298.98 772.214 393.98
76400000 -103.04 916.636 298.266 813.595 393.59
76500000 -99.402 920.261 299.446 820.859 393.198
76600000 -95.0002 913.178 297.141 818.178 392.778
76700000 -106.972 918.576 298.897 811.604 393.216
76800000 -94.8874 927.135 301.682 832.247 392.607
76900000 -120.178 928.081 301.99 807.903 391.719
77000000 -148.873 924.634 300.869 775.761 390.857
77100000 -159.749 920.827 299.63 761.078 389.596
77200000 -153.458 912.425 296.896 758.966 389.115
77300000 -151.312 909.685 296.004 758.373 388.65
77400000 -125.02 930.013 302.619 804.993 388.557
77500000 -119.098 923.87 300.62 804.771 388.793
77600000 -118.197 922.84 300.285 804.643 388.52
77700000 -121.311 928.34 302.074 807.029 388.8
77800000 -122.075 932.854 303.543 810.779 389.209
77900000 -124.282 930.701 302.843 806.419 389.898
78000000 -146.456 920.227 299.435 773.772 389.39
78100000 -142.172 921.543 299.863 779.372 388.9
78200000 -101.269 904.019 294.161 802.75 388.958
78300000 -140.725 918.933 299.013 778.207 389.112
78400000 -149.991 922.314 300.114 772.323 389.475
78500000 -136.188 909.215 295.851 773.027 390.685
78600000 -119.861 927.529 301.811 807.668 390.319
78700000 -87.5009 923.783 300.592 836.282 390.414
78800000 -82.2843 910.297 296.203 828.013 388.72
78900000 -98.7492 923.958 300.649 825.209 389.723
79000000 -74.0372 929.253 302.372 855.216 390.226
79100000 -68.3702 917.591 298.577 849.221 389.286
79200000 -107.624 912.086 296.786 804.462 390.56
79300000 -113.881 936.267 304.654 822.387 390.328
79400000 -107.419 928.977 302.282 821.558 391.548
79500000 -98.5382 915.006 297.736 816.468 391.533
79600000 -97.988 927.819 301.905 829.831 391.873
79700000 -81.6858 927.148 301.687 845.462 392.673
79800000 -77.2385 925.183 301.047 847.944 392.766
79900000 -90.613 927.92 301.938 837.307 392.454
80000000 -126.13 930.927 302.916 804.796 394.142
80100000 -117.341 917.03 298.394 799.688 394.962
80200000 -104.79 908.233 295.532 803.443 395.267
80300000 -74.5395 933.716 303.824 859.177 395.706
80400000 -97.4832 924.647 300.873 827.164 397.582
80500000 -73.8156 912.845 297.033 839.029 398.77
80600000 -110.798 920.174 299.417 809.376 399.131
80700000 -121.291 920.608 299.559 799.317 399.412
80800000 -111.544 924.76 300.91 813.216 400.248
80900000 -85.6442 926.955 301.624 841.311 401.15
81000000 -125.367 925.279 301.078 799.912 400.623
81100000 -141.826 922.447 300.157 780.621 399.544
81200000 -138.689 916.276 298.149 777.587 399.367
81300000 -162.81 931.273 303.029 768.463 399.123
81400000 -157.578 936.239 304.645 778.661 399.019
81500000 -132.706 926.119 301.352 793.413 399.193
81600000 -93.7721 919.484 299.193 825.712 399.102
81700000 -108.338 928.777 302.217 820.439 399.185
81800000 -137.184 913.262 297.168 776.079 399.653
81900000 -84.8625 915.036 297.746 830.174 400.831
82000000 -120.531 934.09 303.946 813.559 401.477
82100000 -121.137 919.271 299.123 798.134 400.004
82200000 -107.129 928.338 302.074 821.209 399.796
82300000 -99.411 928.545 302.141 829.134 399.392
82400000 -100.551 920.741 299.602 820.191 400.409
82500000 -125.094 927.362 301.756 802.268 401.452
82600000 -103.36 931.021 302.947 827.661 401.627
82700000 -106.364 934.781 304.17 828.417 401.408
82800000 -73.0354 926.785 301.569 853.749 400.094
82900000 -81.5644 919.768 299.285 838.203 399.795
83000000 -123.32 918.326 298.816 795.006 400.193
83100000 -83.1458 925.118 301.026 841.972 400.059
83200000 -109.064 928.516 302.132 819.451 400.725
83300000 -104.61 915.704 297.963 811.095 401.704
83400000 -123.031 927.044 301.653 804.013 402.973
83500000 -118.508 912.742 296.999 794.234 403.513
83600000 -107.72 928.153 302.014 820.433 403.949
83700000 -121.418 914.776 297.661 793.358 403.603
83800000 -133.931 909.198 295.846 775.267 402.873
83900000 -105.172 919.651 299.247 814.479 404.365
84000000 -95.6138 933.459 303.74 837.846 406.409
84100000 -117.486 918.096 298.741 800.61 408
84200000 -119.41 914.801 297.669 795.391 408.117
84300000 -88.2297 914.403 297.54 826.173 408.823
84400000 -100.502 927.594 301.832 827.092 409.328
84500000 -113.603 928.279 302.055 814.675 408.992
84600000 -70.7907 921.488 299.845 850.697 410.392
84700000 -99.6744 932.802 303.526 833.127 410.242
84800000 -101.976 920.977 299.679 819.001 410.477
84900000 -84.0596 921.901 299.979 837.841 411.607
85000000 -91.3812 924.432 300.803 833.05 411.814
85100000 -62.0905 922.662 300.227 860.572 412.779
85200000 -85.5589 921.188 299.747 835.629 412.675
85300000 -104.249 920.265 299.447 816.015 410.891
85400000 -60.5796 929.247 302.37 868.668 410.084
85500000 -63.8575 922.26 300.096 858.402 409.88
85600000 -89.0845 923.607 300.534 834.523 410.317
85700000 -97.8413 911.381 296.556 813.54 412.066
85800000 -120.548 925.232 301.063 804.684 412.81
85900000 -124.46 909.489 295.94 785.029 413.878
86000000 -103.533 931.196 303.004 827.663 414.617
86100000 -98.4649 909.248 295.862 810.783 415.729
86200000 -94.4927 932.486 303.424 837.994 415.403
86300000 -63.1725 930.37 302.735 867.197 415.56
86400000 -102.211 912.075 296.782 809.864 414.332
86500000 -75.7605 926.7 301.541 850.939 414.392
86600000 -107.788 928.041 301.977 820.253 413.283
86700000 -126.298 908.063 295.477 781.766 413.541
86800000 -121.955 926.633 301.519 804.677 413.678
86900000 -124.238 914.301 297.506 790.064 415.13
87000000 -92.6562 927.472 301.792 834.815 415.204
87100000 -113.093 920.821 299.628 807.728 415.966
87200000 -133.678 914.687 297.632 781.01 415.567
87300000 -123.004 933.381 303.715 810.377 414.807
87400000 -134.638 916.094 298.09 781.455 414.927
87500000 -76.6421 921.223 299.759 844.581 414.772
87600000 -68.2565 925.417 301.123 857.161 416.271
87700000 -90.9362 925.034 300.999 834.098 417.774
87800000 -111.704 923.09 300.366 811.386 417.334
87900000 -101.317 914.742 297.65 813.425 417.334
88000000 -99.8351 913.096 297.114 813.261 417.293
88100000 -140.836 909.8 296.042 768.964 417.642
88200000 -129.882 914.964 297.722 785.082 416.987
88300000 -112.224 927.872 301.922 815.649 417.883
88400000 -72.3524 921.691 299.911 849.339 417.629
88500000 -45.1621 936.755 304.813 891.593 416.752
88600000 -98.3214 914.186 297.469 815.865 416.357
88700000 -86.7274 933.816 303.856 847.089 416.487
88800000 -105.983 923.365 300.456 817.382 415.864
88900000 -77.9011 930.845 302.89 852.944 416.336
89000000 -124.024 915.863 298.015 791.839 416.893
89100000 -133.263 927.895 301.93 794.631 417.948
89200000 -137.017 930.574 302.801 793.557 418.133
89300000 -101.994 925.916 301.286 823.922 418.14
89400000 -125.834 903.943 294.136 778.109 417.906
89500000 -121.029 917.917 298.683 796.888 418.345
89600000 -65.3741 916.342 298.17 850.967 418.693
89700000 -98.6614 924.47 300.815 825.809 417.749
89800000 -160.42 919.085 299.063 758.665 417.995
89900000 -118.186 920.386 299.487 802.201 418.101
90000000 -134.126 930.76 302.862 796.634 418.589
90100000 -127.824 924.505 300.827 796.681 420.183
90200000 -101.321 918.316 298.813 816.996 420.731
90300000 -116.861 912.227 296.832 795.367 421.751
90400000 -130.25 920.082 299.387 789.832 422.943
90500000 -125.871 922.104 300.045 796.232 422.94
90600000 -139.676 929.097 302.321 789.421 423.47
90700000 -96.9953 916.52 298.228 819.525 423.211
90800000 -112.571 925.79 301.245 813.219 423.717
90900000 -137.678 923.608 300.535 785.93 423.717
91000000 -160.757 924.791 300.92 764.034 424.758
91100000 -137.913 915.306 297.833 777.393 424.374
91200000 -136.335 916.364 298.177 780.028 423.569
91300000 -148.177 937.276 304.982 789.098 423.728
91400000 -138.107 914.615 297.608 776.508 424.257
91500000 -121.099 920.24 299.439 799.141 424.282
91600000 -141.59 931.09 302.969 789.499 423.926
91700000 -105.019 911.564 296.616 806.545 423.771
91800000 -122.692 920.092 299.391 797.4 424.622
91900000 -113.8 916.249 298.14 802.449 425.187
92000000 -116.894 924.534 300.836 807.64 425.75
92100000 -101.88 919.903 299.329 818.023 425.568
92200000 -109.437 916.477 298.215 807.04 426.16
92300000 -101.696 921.348 299.799 819.651 426.951
92400000 -103.231 914.541 297.584 811.31 428.313
92500000 -94.6389 915.16 297.786 820.521 428.756
92600000 -135.401 920.114 299.398 784.713 429.155
92700000 -122.381 912.502 296.921 790.121 429.614
92800000 -100.043 911.303 296.531 811.26 429.477
92900000 -140.283 932.954 303.576 792.671 429.335
93000000 -116.622 927.014 301.643 810.391 429.408
93100000 -125.695 932.112 303.302 806.417 429.952
93200000 -163.052 915.19 297.796 752.138 430.448
93300000 -122.234 910.597 296.301 788.363 430.852
93400000 -101.318 922.857 300.29 821.539 431.328
93500000 -70.2037 938.459 305.367 868.255 431.735
93600000 -81.9293 941.68 306.415 859.751 430.884
93700000 -95.1954 920.955 299.671 825.759 430.536
93800000 -112.185 918.659 298.924 806.475 431.277
93900000 -139.847 923.673 300.556 783.826 431.452
94000000 -142.083 918.092 298.74 776.009 430.912
94100000 -159.474 927.122 301.678 767.648 430.536
94200000 -132.449 921.207 299.754 788.758 429.928
94300000 -98.7441 907.734 295.37 808.99 429.59
94400000 -98.1699 929.477 302.444 831.307 429.164
94500000 -86.5144 931.801 303.201 845.287 428.649
94600000 -137.705 912.03 296.767 774.325 429.741
94700000 -111.356 919.305 299.135 807.949 430.064
94800000 -106.701 923.995 300.661 817.294 430.512
94900000 -101.183 917.465 298.536 816.282 431.771
95000000 -92.0146 917.747 298.628 825.732 432.987
95100000 -96.9111 923.76 300.584 826.849 434.17
95200000 -119.278 922.199 300.076 802.921 434.577
95300000 -123.447 917.176 298.442 793.729 433.551
95400000 -132.542 925.874 301.272 793.333 434.599
95500000 -127.325 919.938 299.34 792.612 435.812
95600000 -118.487 919.047 299.051 800.56 434.287
95700000 -113.304 917.212 298.454 803.908 432.845
95800000 -103.994 923.875 300.622 819.881 433.057
95900000 -93.1372 919.541 299.211 826.403 432.815
96000000 -107.463 903.86 294.109 796.397 433.202
96100000 -89.9033 938.359 305.334 848.455 433.649
96200000 -100.121 928.709 302.195 828.588 434.871
96300000 -63.3521 921.52 299.855 858.168 436.634
96400000 -47.5544 921.86 299.966 874.306 437.857
96500000 -51.5929 925.946 301.295 874.353 438.639
96600000 -60.2687 926.895 301.604 866.626 438.691
96700000 -76.9126 923.465 300.488 846.552 438.358
96800000 -79.2081 923.594 300.53 844.386 438.088
96900000 -81.548 911.732 296.67 830.184 437.733
97000000 -81.5932 917.848 298.66 836.255 437.711
97100000 -76.0264 935.452 304.389 859.426 437.619
97200000 -70.5134 920.746 299.604 850.233 439.054
97300000 -85.0113 925.907 301.283 840.896 439.709
97400000 -123.324 916.831 298.33 793.507 439.058
97500000 -89.3386 929.302 302.387 839.963 439.97
97600000 -73.091 933.127 303.632 860.036 441.446
97700000 -98.9766 929.192 302.352 830.215 441.571
97800000 -101.054 917.887 298.673 816.834 441.219
97900000 -106.103 927.864 301.92 821.76 442.099
98000000 -99.7193 932.533 303.439 832.813 442.613
98100000 -110.994 923.588 300.528 812.594 442.024
98200000 -122.367 915.821 298.001 793.454 443.016
98300000 -93.3473 904.786 294.41 811.438 443.727
98400000 -82.1033 916.608 298.257 834.505 444.521
98500000 -102.57 915.131 297.776 812.56 444.717
98600000 -74.7361 917.52 298.554 842.784 445.52
98700000 -99.452 910.075 296.131 810.623 445.738
98800000 -101.631 927.703 301.867 826.072 445.283
98900000 -99.0753 927.833 301.909 828.757 444.862
99000000 -111.365 923.289 300.431 811.924 445.003
99100000 -124.406 912.146 296.805 787.741 444.191
99200000 -100.388 929.896 302.581 829.508 444.974
99300000 -102.552 919.014 299.04 816.462 445.768
99400000 -112.338 910.395 296.235 798.057 446.456
99500000 -109.566 913.613 297.283 804.047 446.625
99600000 -118.236 915.999 298.059 797.763 447.011
99700000 -120.29 925.128 301.029 804.837 446.786
99800000 -93.1958 928.921 302.264 835.726 446.566
99900000 -99.4955 924.782 300.917 825.286 447.084
100000000 -117.378 925.57 301.173 808.192 446.63
100100000 -128.161 921.613 299.886 793.452 446.843
100200000 -120.224 932.108 303.301 811.885 446.446
100300000 -158.908 931.401 303.071 772.494 446.844
100400000 -123.818 927.67 301.856 803.852 447.717
100500000 -142.79 912.356 296.873 769.566 449.082
100600000 -136.225 918.435 298.852 782.21 448.238
100700000 -81.6186 930.62 302.816 849.001 448.839
100800000 -141.112 919.022 299.042 777.91 448.706
100900000 -105.982 922.104 300.046 816.122 448.136
101000000 -97.961 923.328 300.444 825.367 447.723
101100000 -120.775 921.099 299.718 800.324 447.055
101200000 -98.9746 918.438 298.852 819.463 446.758
101300000 -79.1142 919.4 299.165 840.286 447.204
101400000 -50.327 932.25 303.347 881.923 448.272
101500000 -67.9406 927.083 301.666 859.143 449.459
101600000 -81.24 933.935 303.895 852.695 450.968
101700000 -44.7135 925.797 301.247 881.083 451.106
101800000 -64.1502 915.571 297.92 851.421 452.31
101900000 -71.8619 918.63 298.915 846.768 453.124
102000000 -99.7865 913.126 297.124 813.34 453.656
102100000 -90.0139 919.274 299.124 829.26 454.719
102200000 -106.864 918.478 298.865 811.613 454.273
102300000 -135.419 917.187 298.445 781.768 454.381
102400000 -119.927 941.746 306.437 821.818 455.082
102500000 -135.987 925.062 301.008 789.075 454.771
102600000 -112.751 916.468 298.211 803.716 456.02
102700000 -59.4636 920.738 299.601 861.274 457.905
102800000 -92.3608 921.508 299.851 829.147 458.74
102900000 -99.9903 917.307 298.484 817.316 459.626
103000000 -83.3427 920.164 299.414 836.821 460.216
103100000 -78.9316 921.623 299.889 842.692 460.493
103200000 -123.761 928.592 302.156 804.83 461.328
103300000 -108.869 929.312 302.391 820.442 462.204
103400000 -105.892 918.797 298.969 812.905 463.403
103500000 -90.559 930.186 302.675 839.627 464.033
103600000 -65.4911 915.703 297.963 850.212 464.732
103700000 -86.7254 915.536 297.908 828.811 465.373
103800000 -71.6008 926.539 301.488 854.938 466.206
103900000 -86.8899 915.814 297.999 828.924 466.221
104000000 -117.998 931.024 302.948 813.026 466.718
104100000 -141.76 906.253 294.887 764.492 466.852
104200000 -108.926 930.14 302.66 821.215 467.079
104300000 -89.9136 918.037 298.722 828.124 466.112
104400000 -82.4657 928.588 302.155 846.122 464.934
104500000 -66.4165 917.122 298.424 850.705 464.062
104600000 -95.5009 919.54 299.211 824.039 464.793
104700000 -95.6777 912.868 297.04 817.19 465.228
104800000 -122.947 931.481 303.097 808.534 466.803
104900000 -125.149 900.769 293.103 775.619 466.766
105000000 -149.182 916.544 298.236 767.362 466.431
