# Time-averaged data for fix favg
# TimeStep v_vpe v_vke v_vT v_vE v_vRg
80100000 -109.836 1104.16 300.912 994.323 349.052
80200000 -134.757 1103.63 300.768 968.875 348.058
80300000 -102.57 1110.34 302.595 1007.77 347.839
80400000 -123.159 1103.58 300.754 980.422 347.529
80500000 -98.173 1096.48 298.818 998.302 347.71
80600000 -103.353 1096.3 298.769 992.944 348.054
80700000 -70.5789 1103.34 300.688 1032.76 347.194
80800000 -37.5646 1115.05 303.881 1077.49 347.36
80900000 -8.51718 1109 302.231 1100.48 346.491
81000000 -44.9273 1112.37 303.149 1067.44 346.4
81100000 -15.724 1107.66 301.866 1091.94 346.428
81200000 -43.0706 1116.92 304.388 1073.84 346.719
81300000 -57.5149 1102.92 300.573 1045.4 346.914
81400000 -70.2255 1091.13 297.362 1020.91 346.694
81500000 -85.7061 1102.7 300.514 1016.99 346.278
81600000 -87.2022 1105.36 301.24 1018.16 346.09
81700000 -72.2254 1118.39 304.792 1046.17 347
81800000 -61.4506 1098.75 299.437 1037.3 347.8
81900000 -67.8587 1097.36 299.06 1029.51 347.434
82000000 -53.0495 1098.18 299.283 1045.13 346.629
82100000 -51.5762 1097.04 298.971 1045.46 346.95
82200000 1.18214 1121.21 305.558 1122.39 346.71
82300000 -41.0151 1106.34 301.507 1065.33 346.726
82400000 -76.6867 1093.46 297.997 1016.78 347.427
82500000 -95.9904 1111.69 302.963 1015.7 347.145
82600000 -57.5901 1099.45 299.628 1041.86 347.184
82700000 -71.0241 1091.26 297.396 1020.24 346.587
82800000 -49.1248 1098.11 299.264 1048.99 347.666
82900000 -8.4077 1106.03 301.423 1097.63 349.368
83000000 -46.4678 1107.77 301.895 1061.3 349.465
83100000 -29.5116 1110.06 302.519 1080.55 349.588
83200000 -65.3471 1097.48 299.092 1032.13 348.9
83300000 -58.122 1095.84 298.645 1037.72 348.297
83400000 -38.9922 1095.07 298.434 1056.08 347.903
83500000 -45.7337 1098.9 299.477 1053.16 347.894
83600000 -39.9531 1089.93 297.033 1049.97 348.496
83700000 -50.3912 1115.05 303.881 1064.66 349.386
83800000 -27.1747 1087.71 296.428 1060.53 350.074
83900000 -16.7878 1111.95 303.035 1095.16 349.217
84000000 -46.0157 1106.58 301.571 1060.56 350.383
84100000 -21.7134 1089.64 296.956 1067.93 349.743
84200000 -48.2883 1103.01 300.6 1054.72 349.834
84300000 -63.7251 1106.33 301.504 1042.61 349.592
84400000 -29.5097 1112.47 303.177 1082.96 349.383
84500000 -42 1104.72 301.064 1062.72 348.713
84600000 -69.7487 1098.61 299.401 1028.87 349.781
84700000 -41.8386 1113.78 303.533 1071.94 351.384
84800000 -65.8452 1095.88 298.655 1030.03 352.003
84900000 -91.0875 1095.61 298.581 1004.52 351.402
85000000 -69.0932 1123.33 306.135 1054.23 353.018
85100000 -101.505 1098.56 299.387 997.057 352.602
85200000 -49.8862 1106.45 301.536 1056.56 352.177
85300000 -37.2855 1116.11 304.169 1078.83 352.475
85400000 -35.7522 1113.22 303.382 1077.47 352.07
85500000 -60.3151 1109.89 302.475 1049.58 352.674
85600000 -68.2348 1093.92 298.122 1025.69 352.146
85700000 -42.7487 1099.97 299.77 1057.22 352.693
85800000 -43.487 1104.55 301.019 1061.06 353.386
85900000 -67.8041 1102.44 300.442 1034.63 354.288
86000000 -59.3427 1112.09 303.073 1052.75 355.949
86100000 -31.5793 1095.86 298.649 1064.28 356.451
86200000 -51.1203 1106.64 301.588 1055.52 355.499
86300000 -54.4511 1112.84 303.278 1058.39 355.159
86400000 -65.72 1107.41 301.798 1041.69 355.553
86500000 -44.6942 1099.53 299.649 1054.83 355.895
86600000 -32.8911 1095.68 298.602 1062.79 356.314
86700000 -53.0969 1118.37 304.784 1065.27 357.116
86800000 -61.9237 1108.21 302.016 1046.29 356.115
86900000 -95.7227 1105.65 301.318 1009.93 356.131
87000000 -101.096 1106.3 301.496 1005.21 356.75
87100000 -86.8763 1087.41 296.347 1000.53 356.183
87200000 -88.9999 1093.08 297.893 1004.08 355.682
87300000 -85.1465 1106.41 301.527 1021.27 355.218
87400000 -76.2236 1104.39 300.975 1028.17 356.432
87500000 -83.4812 1100.9 300.025 1017.42 357.096
87600000 -87.3002 1111.35 302.871 1024.05 357.174
87700000 -71.596 1098.77 299.443 1027.17 358.483
87800000 -55.6405 1099.7 299.697 1044.06 358.493
87900000 -64.4116 1099.12 299.537 1034.7 358.104
88000000 -81.7563 1111.4 302.886 1029.65 359.106
88100000 -97.298 1112.37 303.149 1015.07 358.494
88200000 -48.585 1100.12 299.81 1051.53 358.95
88300000 -80.3173 1111.25 302.845 1030.93 359.897
88400000 -86.6048 1094.27 298.217 1007.67 359.935
88500000 -77.7058 1093.87 298.109 1016.17 360.181
88600000 -60.8419 1099.02 299.512 1038.18 359.76
88700000 -59.913 1108.75 302.164 1048.84 359.054
88800000 -104.832 1101.58 300.209 996.748 359.541
88900000 -111.507 1103.85 300.828 992.343 359.728
89000000 -91.3322 1101.21 300.109 1009.88 359.456
89100000 -56.5833 1102.39 300.43 1045.81 359.934
89200000 -70.4006 1098.51 299.373 1028.11 360.36
89300000 -28.5249 1095.86 298.649 1067.33 360.727
89400000 -35.4856 1107.2 301.741 1071.72 360.049
89500000 -31.1134 1091.77 297.534 1060.65 359.319
89600000 -38.7134 1108.78 302.17 1070.06 360.862
89700000 -32.1394 1091.25 297.394 1059.11 361.765
89800000 -37.7871 1104.91 301.117 1067.12 362.098
89900000 -56.682 1111.56 302.929 1054.88 362.306
90000000 -51.5183 1092.66 297.778 1041.14 363.644
90100000 -70.403 1103.61 300.763 1033.21 363.208
90200000 -87.7637 1106.58 301.571 1018.81 362.869
90300000 -50.9181 1109 302.23 1058.08 362.68
90400000 -62.7546 1097.33 299.05 1034.57 362.104
90500000 -68.3844 1101.8 300.27 1033.42 362.587
90600000 -73.3196 1099.58 299.663 1026.26 362.627
90700000 -88.814 1102.04 300.335 1013.23 362.738
90800000 -59.6396 1103.99 300.867 1044.35 361.748
90900000 -82.7701 1100.67 299.96 1017.9 361.618
91000000 -69.1761 1111.52 302.918 1042.34 361.914
91100000 -72.2425 1099.95 299.766 1027.71 362.035
91200000 -104.824 1083.65 295.323 978.829 363.139
91300000 -76.497 1097.08 298.982 1020.58 363.778
91400000 -92.0239 1114.11 303.625 1022.09 364.987
91500000 -110.464 1090.15 297.094 979.685 364.692
91600000 -69.9087 1111.89 303.02 1041.98 365.982
91700000 -96.9168 1116.32 304.226 1019.4 366.269
91800000 -40.6498 1105.06 301.157 1064.41 367.634
91900000 -81.3821 1095.36 298.515 1013.98 368.295
92000000 -113.788 1089 296.781 975.212 369.143
92100000 -129.818 1108.66 302.139 978.843 369.37
92200000 -111.494 1094.1 298.171 982.607 369.956
92300000 -72.7479 1109.37 302.333 1036.62 370.604
92400000 -69.7161 1113 303.322 1043.29 371.015
92500000 -17.9948 1102.71 300.517 1084.71 370.672
92600000 -56.183 1116.06 304.156 1059.88 371.503
92700000 -58.97 1097.22 299.022 1038.25 371.307
92800000 -59.5987 1096.6 298.851 1037 370.196
92900000 -78.5209 1110.6 302.667 1032.08 370.627
93000000 -97.8751 1090.3 297.135 992.427 371.244
93100000 -121.714 1098.38 299.336 976.664 371.806
93200000 -76.0987 1109.77 302.442 1033.67 371.587
93300000 -101.386 1097.68 299.147 996.298 371.68
93400000 -79.9199 1118.65 304.861 1038.73 371.18
93500000 -81.5252 1110.1 302.532 1028.58 371.982
93600000 -42.4677 1101.93 300.305 1059.47 371.615
93700000 -79.5438 1096.04 298.7 1016.5 371.938
93800000 -95.8258 1111.5 302.911 1015.67 372.524
93900000 -56.9057 1102.04 300.335 1045.14 373.833
94000000 -64.903 1111.73 302.976 1046.83 373.909
94100000 -62.8874 1122.12 305.807 1059.23 375.015
94200000 -63.7652 1090.8 297.27 1027.03 375.387
94300000 -82.1502 1094.96 298.405 1012.81 375.217
94400000 -76.0804 1098.28 299.309 1022.2 375.218
94500000 -28.248 1087.57 296.391 1059.32 374.921
94600000 -28.0552 1101.44 300.171 1073.38 376.671
94700000 -66.5472 1100.3 299.86 1033.75 375.882
94800000 -68.4464 1087.39 296.341 1018.94 375.771
94900000 -70.6315 1110.69 302.691 1040.06 375.777
95000000 -68.7857 1104.36 300.966 1035.57 375.737
95100000 -79.0197 1093.82 298.095 1014.8 374.709
95200000 -57.9888 1104.15 300.909 1046.16 375.496
95300000 -48.5183 1086.3 296.044 1037.78 376.148
95400000 -73.714 1107.31 301.769 1033.59 375.406
95500000 -60.3291 1085.18 295.741 1024.86 376.176
95600000 -61.6303 1117.47 304.538 1055.84 376.307
95700000 -63.6138 1103.09 300.62 1039.47 377.203
95800000 -94.7996 1106.73 301.613 1011.93 379.125
95900000 -54.3184 1110.8 302.723 1056.49 379.778
96000000 -64.3034 1107.64 301.861 1043.34 379.838
96100000 -64.8179 1113.02 303.328 1048.21 380.336
96200000 -67.2652 1102.5 300.46 1035.24 380.185
96300000 -83.1978 1091.89 297.568 1008.69 379.958
96400000 -17.1413 1110.54 302.651 1093.4 379.357
96500000 -43.7806 1102.2 300.379 1058.42 380.092
96600000 -87.8115 1103.8 300.813 1015.98 381.125
96700000 -114.669 1107.65 301.863 992.979 380.496
96800000 -144.55 1116.87 304.377 972.323 380.431
96900000 -107.919 1092.26 297.668 984.338 380.476
97000000 -51.5445 1114.07 303.613 1062.53 380.481
97100000 -76.853 1110.01 302.507 1033.16 380.605
97200000 -92.816 1087.87 296.473 995.057 380.836
97300000 -124.107 1097.3 299.043 973.195 381.075
97400000 -121.597 1110.55 302.654 988.953 380.807
97500000 -72.783 1104.55 301.02 1031.77 381.259
97600000 -42.3874 1108.46 302.085 1066.08 382.225
97700000 -16.4808 1101.57 300.207 1085.09 381.767
97800000 -23.1335 1110.14 302.542 1087.01 381.105
97900000 -27.432 1111.81 302.998 1084.38 380.21
98000000 -63.642 1096.63 298.86 1032.99 380.247
98100000 -62.5693 1102.01 300.327 1039.44 380.93
98200000 -72.5913 1096.91 298.936 1024.32 381.372
98300000 -91.4003 1097.42 299.075 1006.02 381.621
98400000 -45.8579 1097.03 298.97 1051.18 381.315
98500000 -76.2545 1111.25 302.843 1034.99 380.279
98600000 -60.4941 1109.02 302.236 1048.52 380.989
98700000 -95.4737 1103.73 300.796 1008.26 381.883
98800000 -67.2002 1107.35 301.781 1040.15 381.996
98900000 -81.4652 1090.27 297.126 1008.8 382.647
99000000 -81.4727 1106.21 301.47 1024.73 382.595
99100000 -78.6729 1105.08 301.164 1026.41 382.451
99200000 -77.374 1096.22 298.748 1018.84 382.26
99300000 -79.2521 1102.26 300.394 1023.01 382.208
99400000 -97.5465 1108.12 301.992 1010.58 382.183
99500000 -100.248 1096.19 298.74 995.942 381.638
99600000 -87.1128 1115.62 304.036 1028.51 381.05
99700000 -56.6022 1095.09 298.44 1038.49 380.924
99800000 -71.1028 1089.01 296.785 1017.91 381.649
99900000 -70.7473 1085.02 295.696 1014.27 381.817
100000000 -78.4984 1104.43 300.985 1025.93 382.802
