# Time-averaged data for fix favg
# TimeStep v_vpe v_vke v_vT v_vE v_vRg
5100000 306.092 1069.11 347.878 1375.2 155.411
5200000 252.919 1066.92 347.169 1319.84 157.629
5300000 282.532 1085.95 353.361 1368.48 158.719
5400000 306.016 1084.01 352.729 1390.03 159.631
5500000 323.291 1069.53 348.017 1392.82 161.732
5600000 326.728 1071.01 348.499 1397.74 163.319
5700000 279.526 1077.88 350.735 1357.41 164.089
5800000 286.318 1073.47 349.3 1359.79 165.357
5900000 312.336 1068.28 347.61 1380.61 166.402
6000000 269.095 1069.2 347.908 1338.29 167.023
6100000 267.182 1088.89 354.317 1356.07 167.901
6200000 231.383 1066.39 346.995 1297.77 170.91
6300000 244.66 1090.06 354.696 1334.72 172.138
6400000 251.579 1072.95 349.129 1324.53 173.046
6500000 281.248 1089.08 354.378 1370.33 174.577
6600000 274.055 1100.16 357.985 1374.22 175.761
6700000 234.239 1093.31 355.753 1327.54 177.336
6800000 242.723 1075.07 349.818 1317.79 177.19
6900000 309.573 1092.32 355.431 1401.89 176.506
7000000 316.98 1075.05 349.813 1392.03 176.865
7100000 314.591 1085.68 353.272 1400.27 178.282
7200000 293.365 1082.84 352.348 1376.21 179.135
7300000 291.219 1076.7 350.351 1367.92 181.161
7400000 279.625 1060.48 345.072 1340.1 182.219
7500000 303.452 1084.31 352.825 1387.76 183.223
7600000 253.392 1069.46 347.993 1322.85 182.089
7700000 263.77 1087.28 353.794 1351.05 180.858
7800000 269.823 1074.67 349.688 1344.49 182.067
7900000 296.752 1071.64 348.702 1368.39 181.086
8000000 318.596 1078.25 350.856 1396.85 181.223
8100000 264.686 1050.45 341.808 1315.14 182.8
8200000 267.362 1063.49 346.05 1330.85 183.764
8300000 321.985 1061.55 345.419 1383.53 184.084
8400000 298.911 1085.19 353.111 1384.1 183.91
8500000 270.901 1090.92 354.978 1361.83 185.522
8600000 255.535 1087 353.7 1342.53 186.46
8700000 302.982 1084.62 352.928 1387.61 187.67
8800000 296.308 1080.6 351.62 1376.91 187.711
8900000 308.194 1083.5 352.564 1391.7 188.158
9000000 300.606 1064.05 346.234 1364.66 189.641
9100000 308.982 1077.1 350.481 1386.09 190.701
9200000 281.996 1089.31 354.453 1371.31 190.948
9300000 260.576 1088.05 354.042 1348.62 191.462
9400000 257.215 1064.26 346.303 1321.48 191.257
9500000 260.727 1076.17 350.177 1336.9 190.208
9600000 280.546 1079.45 351.245 1360 191.219
9700000 287.976 1080.59 351.614 1368.56 191.45
9800000 285.824 1080.7 351.65 1366.52 192.484
9900000 300.841 1072.02 348.827 1372.86 192.986
10000000 267.609 1085.31 353.153 1352.92 192.175
10100000 259.264 1077.39 350.575 1336.66 192.775
10200000 332.101 1068.26 347.602 1400.36 192.476
10300000 368.804 1071.77 348.746 1440.57 192.757
10400000 343.706 1072.02 348.827 1415.73 193.446
10500000 285.349 1073.46 349.295 1358.81 194.078
10600000 284.11 1068.46 347.669 1352.57 194.17
10700000 311.853 1086.79 353.632 1398.64 194.256
10800000 259.731 1062.81 345.829 1322.54 194.925
10900000 262.428 1082.74 352.315 1345.17 193.715
11000000 285.004 1083.84 352.672 1368.84 193.94
11100000 290.388 1081.08 351.774 1371.46 193.887
11200000 268.528 1084.45 352.871 1352.98 194.001
11300000 266.349 1067.58 347.381 1333.93 195.011
11400000 252.075 1078.66 350.987 1330.73 196.497
11500000 267.269 1069.11 347.881 1336.38 195.793
11600000 272.583 1087.63 353.908 1360.22 197.249
11700000 270.529 1069.47 347.997 1340 198.075
11800000 275.308 1075.12 349.834 1350.42 199.213
11900000 335.461 1090.52 354.847 1425.98 201.217
12000000 347.68 1084.58 352.913 1432.26 202.219
12100000 323.1 1070.7 348.399 1393.8 201.967
12200000 309.407 1069.99 348.165 1379.39 201.724
12300000 276.336 1071.67 348.714 1348.01 201.343
12400000 279.513 1078.28 350.864 1357.79 203.745
12500000 289.361 1075.26 349.88 1364.62 207.376
12600000 278.326 1060.19 344.979 1338.52 207.415
12700000 240.239 1069.02 347.851 1309.26 207.926
12800000 283.255 1094.98 356.297 1378.23 208.782
12900000 281.912 1071.32 348.6 1353.23 209.456
13000000 309.283 1076.14 350.167 1385.42 210.883
13100000 265.238 1081.98 352.068 1347.22 211.942
13200000 289.497 1067.21 347.262 1356.71 211.91
13300000 284.283 1065.16 346.595 1349.44 212.611
13400000 282.28 1074.05 349.488 1356.33 211.764
13500000 277.267 1071.52 348.665 1348.79 211.685
13600000 245.547 1077.15 350.497 1322.7 212.751
13700000 278.681 1071.01 348.499 1349.69 213.357
13800000 304.492 1092.35 355.442 1396.84 213.794
13900000 280.018 1073.58 349.334 1353.6 214.607
14000000 273.967 1059.46 344.741 1333.43 216.06
14100000 268.541 1066.26 346.952 1334.8 217.362
14200000 313.68 1064.85 346.495 1378.53 217.908
14300000 297.36 1076.34 350.234 1373.7 219.104
14400000 257.749 1083.16 352.453 1340.91 221.209
14500000 267.926 1083.85 352.675 1351.77 222.605
14600000 242.889 1079.55 351.277 1322.44 224.326
14700000 283.303 1072.4 348.951 1355.7 224.365
14800000 290.582 1083.11 352.436 1373.69 224.526
14900000 312.587 1065.5 346.707 1378.09 225.519
15000000 318.482 1089.1 354.384 1407.58 225.648
15100000 288.518 1057.92 344.24 1346.44 226.228
15200000 270.855 1090.87 354.961 1361.73 225.675
15300000 258.937 1072.35 348.934 1331.29 226.275
15400000 295.735 1077.18 350.506 1372.92 227.007
15500000 313.033 1076.78 350.374 1389.81 226.783
15600000 320.909 1072.19 348.881 1393.1 228.277
15700000 256.773 1082.97 352.389 1339.74 229.264
15800000 262.65 1069.81 348.108 1332.46 229.619
15900000 299.143 1093.63 355.857 1392.77 230.155
16000000 307.878 1068.01 347.522 1375.89 230.314
16100000 265.708 1063.71 346.124 1329.42 230.722
16200000 271.669 1070.29 348.263 1341.96 231.318
16300000 273.774 1077.04 350.461 1350.82 232.145
16400000 301.278 1084.47 352.877 1385.74 233.494
16500000 306.732 1071.42 348.633 1378.16 234.822
16600000 295.255 1056.96 343.928 1352.22 234.644
16700000 316.759 1075.31 349.899 1392.07 235.535
16800000 314.745 1075.76 350.043 1390.5 237.716
16900000 325 1079.57 351.283 1404.57 238.045
17000000 306.671 1087.57 353.887 1394.24 240.613
17100000 272.092 1066.39 346.995 1338.48 240.42
17200000 285.762 1080.89 351.713 1366.65 240.192
17300000 268.368 1073.43 349.284 1341.79 239.392
17400000 273.088 1079.33 351.205 1352.42 239.927
17500000 257.032 1088.12 354.064 1345.15 240.901
17600000 317.926 1075.37 349.917 1393.3 240.346
17700000 322.557 1058.94 344.571 1381.5 241.322
17800000 305.272 1069.59 348.036 1374.86 241.041
17900000 296.503 1085.2 353.117 1381.71 240.752
18000000 262.152 1079.66 351.312 1341.81 240.542
18100000 315.826 1075.16 349.848 1390.98 240.194
18200000 317.491 1086.36 353.494 1403.85 241.851
18300000 265.268 1078.99 351.096 1344.26 243.071
18400000 264.971 1082.91 352.369 1347.88 243.589
18500000 253.752 1064.73 346.454 1318.48 242.964
18600000 269.089 1074.75 349.716 1343.84 242.82
18700000 308.991 1075.09 349.826 1384.08 243.371
18800000 289.125 1077.33 350.556 1366.46 242.727
18900000 308.36 1067.1 347.225 1375.46 242.089
19000000 268.588 1101.02 358.263 1369.61 241.353
19100000 274.929 1062.45 345.712 1337.38 242.283
19200000 231.049 1058.73 344.503 1289.78 245.001
19300000 225.324 1061.89 345.531 1287.21 247.536
19400000 259.473 1077.39 350.573 1336.86 247.76
19500000 306.134 1083.94 352.704 1390.07 249.078
19600000 299.761 1075.73 350.033 1375.49 248.615
19700000 297.505 1072.44 348.964 1369.95 248.564
19800000 289.479 1085.24 353.13 1374.72 250.155
19900000 280.089 1072.37 348.941 1352.46 250.927
20000000 299.434 1066.21 346.937 1365.65 250.818
20100000 293.75 1080.05 351.439 1373.8 250.355
20200000 262.174 1080.94 351.729 1343.11 250.328
20300000 271.022 1074.57 349.657 1345.59 251.514
20400000 273.737 1064.32 346.321 1338.06 252.235
20500000 294.041 1071.87 348.779 1365.91 252.968
20600000 273.89 1074.68 349.693 1348.57 254.727
20700000 291.094 1073.92 349.445 1365.01 254.726
20800000 313.756 1067.76 347.442 1381.52 253.722
20900000 267.522 1075.55 349.976 1343.07 252.187
21000000 298.579 1064.62 346.42 1363.2 252.499
21100000 306.826 1067.05 347.21 1373.88 252.55
21200000 287.67 1079.4 351.227 1367.07 253.885
21300000 285.606 1080.04 351.437 1365.65 252.897
21400000 270.72 1065.09 346.571 1335.81 255.195
21500000 279.194 1072.62 349.023 1351.82 257.492
21600000 312.102 1082.09 352.104 1394.19 258.691
21700000 319.848 1070.38 348.293 1390.23 258.789
21800000 312.128 1068.52 347.687 1380.65 257.964
21900000 301.921 1074.02 349.478 1375.94 258.224
22000000 320.783 1077.84 350.72 1398.62 258.863
22100000 306.866 1080.75 351.668 1387.62 260.837
22200000 272.736 1080.6 351.62 1353.34 260.637
22300000 294.213 1070.72 348.403 1364.93 260.193
22400000 280.234 1085.38 353.173 1365.61 261.026
22500000 238.895 1071.02 348.502 1309.92 262.192
22600000 287.002 1077.69 350.671 1364.69 262.662
22700000 276.976 1077.04 350.461 1354.02 263.358
22800000 248.402 1077.58 350.635 1325.98 263.702
22900000 270.414 1092.58 355.515 1362.99 265.177
23000000 245.291 1069.07 347.868 1314.37 266.723
23100000 266.871 1067.73 347.432 1334.6 269.51
23200000 227.854 1066.29 346.963 1294.15 272.6
23300000 280.339 1067.75 347.438 1348.09 274.667
23400000 289.551 1078.77 351.024 1368.32 273.877
23500000 283.942 1081.51 351.916 1365.46 273.441
23600000 283.79 1068.33 347.627 1352.12 274.461
23700000 313.516 1063.02 345.898 1376.53 275.772
23800000 313.838 1073.36 349.263 1387.2 276.688
23900000 301.127 1074.4 349.602 1375.53 277.564
24000000 296.495 1069.99 348.168 1366.49 279.008
24100000 290.268 1077.87 350.73 1368.14 279.539
24200000 286.219 1067.23 347.268 1353.45 279.809
24300000 263.664 1074.58 349.658 1338.24 279.091
24400000 304.108 1071.41 348.629 1375.52 279.546
24500000 312.179 1078.28 350.863 1390.46 279.426
24600000 280.853 1074.83 349.742 1355.68 279.772
24700000 299.571 1087.53 353.875 1387.1 281.575
24800000 323.996 1080.81 351.689 1404.81 282.02
24900000 269.86 1083.27 352.487 1353.13 283.546
25000000 260.351 1062.04 345.579 1322.39 284.499
25100000 287.692 1077.77 350.699 1365.46 284.615
25200000 268.402 1076.05 350.138 1344.45 283.576
25300000 284.491 1081.67 351.968 1366.17 284.404
25400000 268.3 1073.48 349.303 1341.78 284.627
25500000 261.077 1094.03 355.989 1355.11 283.793
25600000 315.256 1082.8 352.336 1398.06 285.606
25700000 312.267 1088.05 354.044 1400.32 286.513
25800000 286.604 1080.69 351.648 1367.29 287.172
25900000 267.327 1073.13 349.188 1340.46 288.133
26000000 312.18 1084.99 353.047 1397.17 290.07
26100000 305.784 1070.56 348.351 1376.34 290.908
26200000 254.547 1093.28 355.745 1347.83 292.127
26300000 262.905 1064.8 346.479 1327.71 291.986
26400000 262.062 1085.39 353.177 1347.45 291.712
26500000 261.9 1078.55 350.951 1340.45 291.799
26600000 259.857 1067.65 347.405 1327.51 291.28
26700000 273.877 1091.88 355.289 1365.76 292.102
26800000 286.185 1075.06 349.816 1361.24 292.322
26900000 263.423 1079.67 351.317 1343.1 292.227
27000000 289.185 1093.25 355.736 1382.44 293.276
27100000 269.483 1079.23 351.174 1348.72 295.007
27200000 261.492 1078.09 350.802 1339.58 295.491
27300000 280.389 1095.24 356.384 1375.63 297
27400000 269.096 1067.92 347.493 1337.02 295.147
27500000 292.698 1085.51 353.215 1378.2 295.495
27600000 295.98 1074.06 349.491 1370.04 296.119
27700000 253.576 1079.45 351.243 1333.02 296.525
27800000 260.511 1069.54 348.019 1330.05 296.167
27900000 262.482 1072.73 349.06 1335.22 295.11
28000000 256.389 1068.26 347.604 1324.65 297.602
28100000 255.568 1080.15 351.472 1335.72 297.978
28200000 270.917 1081.44 351.894 1352.36 297
28300000 263.995 1079.07 351.121 1343.06 296.403
28400000 277.598 1064.01 346.222 1341.61 295.427
28500000 282.788 1071.1 348.528 1353.89 295.811
28600000 294.327 1075.86 350.076 1370.19 296.323
28700000 298.096 1076.12 350.162 1374.22 298.037
28800000 328.224 1071.98 348.812 1400.2 298.686
28900000 278.78 1085.46 353.199 1364.24 298.977
29000000 222.882 1073.34 349.255 1296.22 300.444
29100000 269.753 1080.47 351.575 1350.22 301.103
29200000 286.164 1073.11 349.182 1359.27 301.874
29300000 286.111 1068.08 347.544 1354.19 300.419
29400000 268.975 1080.13 351.466 1349.11 300.857
29500000 246.925 1071.16 348.548 1318.09 300.841
29600000 269.106 1080.26 351.509 1349.37 300.003
29700000 261.935 1086.97 353.693 1348.91 301.352
29800000 245.764 1070.02 348.176 1315.78 302.248
29900000 282.321 1084.89 353.015 1367.21 301.847
30000000 270.028 1080.45 351.57 1350.48 302.622
30100000 306.609 1079.98 351.418 1386.59 302.436
30200000 287.571 1067.17 347.249 1354.74 302.157
30300000 288.446 1060.55 345.096 1349 301.844
30400000 297.914 1066.45 347.015 1364.37 302.523
30500000 320.59 1064.65 346.428 1385.24 302.07
30600000 312.258 1071.72 348.73 1383.98 302.671
30700000 351.649 1072.45 348.968 1424.1 303.905
30800000 324.343 1050.11 341.696 1374.45 304.064
30900000 290.751 1072.16 348.872 1362.91 304.341
31000000 273.463 1077.25 350.53 1350.72 304.18
31100000 269.589 1075.9 350.09 1345.49 304.797
31200000 276.497 1083.91 352.697 1360.41 305.245
31300000 326.237 1075.68 350.016 1401.91 305.569
31400000 327.008 1071.83 348.763 1398.83 308.301
31500000 323.629 1073.15 349.196 1396.78 307.445
31600000 300.609 1061.09 345.27 1361.7 307.06
31700000 252.07 1077.94 350.755 1330.01 309.682
31800000 230.684 1066.21 346.937 1296.9 310.67
31900000 278.567 1057.43 344.08 1336 311.473
32000000 308.763 1062.32 345.672 1371.09 311.734
32100000 295.732 1065.8 346.802 1361.53 311.31
32200000 259.145 1071.18 348.554 1330.33 311.567
32300000 289.831 1057.76 344.186 1347.59 313.378
32400000 332.169 1076.88 350.407 1409.05 313.466
32500000 354.835 1070.07 348.194 1424.91 314.113
32600000 327.699 1086.75 353.621 1414.45 315.105
32700000 275.989 1080.02 351.43 1356.01 315.492
32800000 296.331 1061.64 345.448 1357.97 314.812
32900000 223.034 1079.36 351.215 1302.39 316.526
33000000 247.611 1072.32 348.924 1319.93 316.258
33100000 243.523 1079.49 351.256 1323.01 317.443
33200000 239.156 1082.91 352.37 1322.06 317.133
33300000 257.838 1083.92 352.7 1341.76 318.262
33400000 265.188 1071.81 348.757 1336.99 317.628
33500000 256.612 1074.71 349.702 1331.32 316.39
33600000 284.567 1079.66 351.312 1364.23 316.516
33700000 300.766 1066.12 346.906 1366.88 317.267
33800000 315.141 1078 350.774 1393.14 318.666
33900000 319.904 1082.23 352.149 1402.13 318.867
34000000 247.661 1086.34 353.485 1334 318.831
34100000 287.334 1091.77 355.252 1379.1 319.038
34200000 306.463 1070.5 348.332 1376.96 319.7
34300000 283.397 1091.22 355.074 1374.62 320.196
34400000 327.994 1080.09 351.451 1408.08 321.248
34500000 283.107 1065.9 346.835 1349 321.821
34600000 248.878 1066.57 347.053 1315.45 321.723
34700000 316.901 1075.5 349.959 1392.4 323.059
34800000 301.224 1076.7 350.349 1377.92 323.475
34900000 296.594 1082.53 352.247 1379.12 324.864
35000000 269.047 1075.3 349.893 1344.34 325.998
35100000 268.649 1075.38 349.919 1344.03 326.142
35200000 264.581 1083.05 352.414 1347.63 328.07
35300000 303.345 1058.8 344.524 1362.14 329.372
35400000 320.341 1088.15 354.075 1408.49 329.776
35500000 278.951 1073.92 349.444 1352.87 330.52
35600000 297.451 1075.83 350.066 1373.28 330.432
35700000 319.826 1080.9 351.716 1400.73 330.387
35800000 283.124 1072.8 349.082 1355.93 331.585
35900000 318.889 1094.74 356.221 1413.63 332.634
36000000 331.717 1091.02 355.008 1422.73 332.494
36100000 327.042 1067.79 347.451 1394.83 331.812
36200000 348.08 1066.31 346.967 1414.39 331.906
36300000 277.649 1078.3 350.871 1355.95 333.403
36400000 273.022 1075.12 349.837 1348.15 332.581
36500000 261.7 1074.21 349.54 1335.91 331.356
36600000 264.319 1066.26 346.953 1330.58 331.42
36700000 272.595 1069.67 348.061 1342.26 330.329
36800000 233.216 1075.19 349.858 1308.41 330.647
36900000 261.465 1080.75 351.667 1342.21 330.641
37000000 286.86 1071.91 348.792 1358.77 331.916
37100000 293.006 1072.34 348.932 1365.35 333.836
37200000 273.734 1071.89 348.784 1345.62 333.95
37300000 273.384 1065.12 346.582 1338.5 334.44
37400000 278.557 1071.09 348.526 1349.65 335.765
37500000 290.89 1081.83 352.017 1372.72 336.507
37600000 320.794 1073.14 349.191 1393.93 336.116
37700000 336.114 1069.29 347.938 1405.4 337.391
37800000 326.259 1085.38 353.174 1411.64 337.053
37900000 264.142 1080.2 351.488 1344.34 338.188
38000000 248.973 1075.48 349.954 1324.46 338.981
38100000 305.955 1081.24 351.825 1387.19 340.33
38200000 268.016 1090.9 354.971 1358.92 341.161
38300000 247.661 1081.35 351.864 1329.01 340.939
38400000 278.593 1070.37 348.291 1348.97 341.351
38500000 288.14 1072.59 349.013 1360.73 341.697
38600000 261.628 1092.28 355.418 1353.9 341.491
38700000 321.022 1078.59 350.964 1399.61 341.054
38800000 310.67 1080.57 351.609 1391.24 341.802
38900000 318.541 1078.31 350.874 1396.85 343.185
39000000 308.548 1073.56 349.328 1382.11 344.077
39100000 272.118 1083.41 352.534 1355.53 345.096
39200000 274.699 1078.57 350.959 1353.27 346.95
39300000 261.389 1071.42 348.631 1332.81 346.89
39400000 288.106 1071.2 348.559 1359.3 347.678
39500000 298.937 1075.95 350.106 1374.89 348.602
39600000 300.151 1086.68 353.598 1386.83 350.036
39700000 300.36 1072.72 349.054 1373.08 351.299
39800000 269.734 1064.44 346.361 1334.18 351.52
39900000 300.578 1081.99 352.072 1382.57 352.144
40000000 306.13 1075.31 349.899 1381.44 352.761
40100000 276.223 1071.49 348.655 1347.71 354.069
40200000 266.147 1083.46 352.549 1349.61 353.811
40300000 273.162 1079.12 351.137 1352.28 353.918
40400000 279.932 1072.07 348.842 1352 353.835
40500000 286.071 1074.54 349.645 1360.61 353.97
40600000 313.197 1078.78 351.026 1391.98 354.413
40700000 302.936 1075.36 349.914 1378.3 356.829
40800000 261.681 1077.92 350.746 1339.6 357.047
40900000 262.805 1072.79 349.076 1335.59 356.912
41000000 262.534 1083.38 352.522 1345.91 358.014
41100000 295.352 1084.01 352.727 1379.36 358.613
41200000 292.375 1089.37 354.473 1381.75 359.529
41300000 318.771 1074.96 349.782 1393.73 359.612
41400000 300.939 1087.3 353.799 1388.24 359.123
41500000 329.161 1065.89 346.834 1395.05 360.128
41600000 284.223 1075.04 349.81 1359.26 361.815
41700000 258.937 1086.88 353.663 1345.82 363.685
41800000 272.488 1078.01 350.774 1350.49 364.172
41900000 261.986 1082.53 352.247 1344.52 364.567
42000000 237.7 1089.52 354.522 1327.22 365.291
42100000 268.184 1061.14 345.287 1329.33 365.743
42200000 297.657 1095.66 356.518 1393.31 366.454
42300000 255.315 1080.03 351.433 1335.34 368.001
42400000 262.588 1067.77 347.444 1330.36 368.997
42500000 328.324 1080.26 351.507 1408.58 368.498
42600000 324.093 1077.21 350.516 1401.3 367.843
42700000 273.225 1068.02 347.525 1341.24 368.881
42800000 340.58 1071.67 348.712 1412.25 370.687
42900000 349.074 1074.1 349.503 1423.17 371.281
43000000 263.28 1068.87 347.803 1332.15 371.745
43100000 260.021 1095.28 356.395 1355.3 373.289
43200000 301.08 1081.07 351.773 1382.15 375.537
43300000 344.859 1066.81 347.13 1411.66 376.166
43400000 323.038 1077.21 350.516 1400.25 377.401
43500000 272.589 1079.42 351.236 1352.01 378.568
43600000 248.814 1077.84 350.721 1326.65 380.397
43700000 299.631 1070 348.169 1369.63 381.406
43800000 306.15 1084.9 353.017 1391.05 381.544
43900000 302.171 1074.7 349.698 1376.87 381.781
44000000 250.509 1075.51 349.963 1326.02 383.792
44100000 317.228 1078.33 350.881 1395.56 385.525
44200000 286.688 1082.25 352.155 1368.93 387.273
44300000 311.437 1083.28 352.492 1394.72 387.802
44400000 306.37 1072.29 348.916 1378.66 387.149
44500000 253.447 1079.53 351.27 1332.98 387.97
44600000 300.489 1076.92 350.421 1377.41 389.535
44700000 287.315 1078.45 350.919 1365.76 390.094
44800000 256.589 1079.14 351.142 1335.72 389.888
44900000 316.596 1077.7 350.676 1394.3 389.803
45000000 322.767 1071.73 348.731 1394.49 390.12
45100000 275.381 1061.46 345.391 1336.84 391.196
45200000 261.988 1074.36 349.59 1336.35 391.698
45300000 256.185 1081.73 351.986 1337.91 392.555
45400000 304.718 1087.04 353.713 1391.75 391.91
45500000 305.72 1074.23 349.545 1379.95 392.601
45600000 325.459 1065.81 346.805 1391.27 394.444
45700000 323.77 1069.64 348.053 1393.41 396.793
45800000 290.352 1082.21 352.143 1372.56 398.043
45900000 296.493 1058.58 344.454 1355.08 397.556
46000000 270.639 1068.62 347.722 1339.26 398.433
46100000 301.184 1069.74 348.083 1370.92 398.672
46200000 275.833 1065.65 346.753 1341.48 398.934
46300000 265.167 1084.03 352.735 1349.2 399.549
46400000 255.217 1091.09 355.033 1346.31 400.348
46500000 288.898 1088.6 354.221 1377.49 402.469
46600000 321.071 1071.82 348.76 1392.89 403.261
46700000 282.532 1066.78 347.122 1349.31 403.147
46800000 263.431 1076.26 350.205 1339.69 402.898
46900000 310.463 1067.54 347.37 1378.01 403.818
47000000 268.74 1065.78 346.795 1334.52 404.622
47100000 264.701 1067.87 347.478 1332.57 405.245
47200000 263.201 1085.7 353.28 1348.9 404.943
47300000 284.582 1072.53 348.994 1357.12 404.647
47400000 263.524 1085.91 353.346 1349.43 404.749
47500000 279.745 1071.27 348.583 1351.01 404.349
47600000 266.365 1077.77 350.699 1344.14 403.212
47700000 227.364 1093.12 355.693 1320.49 403.166
47800000 270.498 1069.08 347.87 1339.58 404.287
47900000 281.074 1073.55 349.325 1354.63 404.554
48000000 247.416 1086.14 353.423 1333.56 405.049
48100000 277.38 1071.18 348.555 1348.56 405.374
48200000 257.94 1065.57 346.728 1323.51 405.055
48300000 300.317 1095.7 356.533 1396.02 405.309
48400000 313.6 1076.57 350.307 1390.17 405.462
48500000 298.164 1058.57 344.449 1356.73 405.656
48600000 266.425 1085.64 353.258 1352.06 406.231
48700000 277.285 1067.25 347.274 1344.53 406.731
48800000 343.02 1066.91 347.165 1409.93 405.173
48900000 332.47 1075.14 349.842 1407.61 405.784
49000000 337.021 1088.34 354.138 1425.36 406.169
49100000 280.66 1066.96 347.181 1347.62 406.901
49200000 296.358 1075.19 349.86 1371.55 407.135
49300000 282.499 1094.78 356.231 1377.27 406.537
49400000 293.431 1076.04 350.134 1369.47 407.864
49500000 288.29 1072.07 348.843 1360.36 408.311
49600000 281.071 1067.56 347.376 1348.63 408.234
49700000 283.669 1075.04 349.809 1358.71 408.548
49800000 297.91 1078.96 351.086 1376.87 408.445
49900000 312.911 1077.54 350.622 1390.45 408.944
50000000 286.918 1088.88 354.313 1375.8 409.386
50100000 309.536 1074.77 349.721 1384.3 409.906
50200000 310.722 1064.45 346.362 1375.17 410.657
50300000 303.437 1072.21 348.888 1375.64 411.91
50400000 235.309 1071.44 348.638 1306.75 412.331
50500000 250.63 1073.82 349.413 1324.45 411.981
50600000 283.937 1087.93 354.005 1371.87 411.737
50700000 268.094 1080.69 351.649 1348.79 413.095
50800000 266.707 1074.36 349.59 1341.07 414.766
50900000 303.94 1049.72 341.57 1353.66 416.362
51000000 338.427 1075.92 350.097 1414.35 416.386
51100000 340.314 1075.27 349.883 1415.58 416.094
51200000 364.477 1065.02 346.55 1429.5 417.559
51300000 334.223 1074.33 349.578 1408.55 417.895
51400000 288.04 1080.34 351.534 1368.38 418.309
51500000 251.686 1091.26 355.088 1342.95 417.317
51600000 266.284 1057.02 343.947 1323.31 417.982
51700000 263.253 1055.97 343.605 1319.22 417.493
51800000 256.003 1061.99 345.562 1317.99 417.116
51900000 243.819 1069.91 348.14 1313.73 415.948
52000000 244.842 1077.49 350.606 1322.33 415.73
52100000 237.387 1082.69 352.299 1320.08 416.394
52200000 224.353 1063.66 346.106 1288.01 417.933
52300000 275.002 1069.6 348.041 1344.61 419.028
52400000 285.149 1065.9 346.836 1351.05 419.345
52500000 255.556 1070.01 348.174 1325.57 420.346
52600000 236.15 1075.36 349.913 1311.51 421.2
52700000 239.562 1085.86 353.332 1325.43 423.68
52800000 239.532 1079.2 351.162 1318.73 423.458
52900000 258.081 1072.85 349.096 1330.93 423.215
53000000 233.541 1063.94 346.198 1297.48 422.964
53100000 287.953 1079.43 351.238 1367.38 422.034
53200000 298.264 1082.42 352.211 1380.68 422.508
53300000 270.632 1085.3 353.149 1355.93 423.556
53400000 287.674 1080.91 351.719 1368.58 424.682
53500000 280.829 1078.93 351.074 1359.75 424.187
53600000 332.022 1083.69 352.626 1415.72 424.145
53700000 311.013 1070.13 348.211 1381.14 424.322
53800000 291.554 1072.57 349.005 1364.12 425.16
53900000 280.515 1075.06 349.816 1355.58 425.896
54000000 250.15 1085.18 353.11 1335.33 426.48
54100000 275.541 1074.97 349.787 1350.51 426.267
54200000 335.367 1062.07 345.589 1397.44 424.944
54300000 260.982 1069.53 348.017 1330.51 425.338
54400000 256.386 1089.22 354.425 1345.61 425.607
54500000 226.259 1071.95 348.803 1298.21 426.32
54600000 221.778 1081.98 352.068 1303.76 426.265
54700000 235.908 1069.25 347.925 1305.16 426.056
54800000 264.542 1056.29 343.708 1320.83 424.852
54900000 275.611 1061.9 345.533 1337.51 425.632
55000000 255.387 1075.21 349.865 1330.6 424.614
55100000 271.529 1074.81 349.736 1346.34 424.057
55200000 248.519 1081.29 351.844 1329.81 424.077
55300000 247.545 1072.02 348.826 1319.56 424.892
55400000 294.599 1084.25 352.806 1378.85 425.142
55500000 326.541 1080.16 351.476 1406.7 424.21
55600000 306.218 1065.41 346.677 1371.63 424.906
55700000 291.562 1083.15 352.448 1374.71 425.344
55800000 284.519 1082.79 352.332 1367.31 425.668
55900000 324.71 1079.06 351.117 1403.77 424.868
56000000 305.463 1088.24 354.106 1393.71 425.704
56100000 303.803 1068.57 347.706 1372.38 425.787
56200000 318.481 1056.02 343.62 1374.5 426.31
56300000 293.351 1077.24 350.524 1370.59 426.036
56400000 268.486 1078.31 350.873 1346.8 427.274
56500000 255.351 1079.42 351.236 1334.77 427.734
56600000 313.722 1071.63 348.699 1385.35 427.731
56700000 298.434 1087.47 353.853 1385.9 429.17
56800000 280.357 1068.02 347.525 1348.38 430.661
56900000 301.314 1080.02 351.43 1381.33 431.895
57000000 262.707 1071.58 348.684 1334.29 432.729
57100000 312.221 1094.87 356.263 1407.09 433.372
57200000 311.127 1066.09 346.899 1377.22 432.811
57300000 262.291 1071.93 348.797 1334.22 434.707
57400000 278.419 1088.22 354.098 1366.64 436.365
57500000 279.16 1080.7 351.652 1359.86 437.982
57600000 256.478 1091.28 355.093 1347.75 439.532
57700000 255.219 1077.65 350.658 1332.87 439.259
57800000 278.671 1080.13 351.465 1358.8 438.701
57900000 281.505 1077.07 350.471 1358.58 438.985
58000000 303.758 1075.46 349.945 1379.21 441.061
58100000 300.26 1075.28 349.888 1375.54 440.98
58200000 292.96 1071.64 348.704 1364.6 441.815
58300000 287.641 1076.41 350.256 1364.05 443.156
58400000 267.802 1085.03 353.06 1352.83 444.15
58500000 310.834 1073.14 349.191 1383.97 443.954
58600000 315.699 1094.09 356.01 1409.79 443.635
58700000 322.479 1071.88 348.78 1394.35 443.726
58800000 305.934 1074.57 349.656 1380.5 443.313
58900000 310.729 1075.36 349.912 1386.08 444.144
59000000 307.175 1070.46 348.319 1377.63 444.584
59100000 315.68 1068.34 347.63 1384.02 445.299
59200000 269.052 1072.23 348.895 1341.28 445.472
59300000 242.664 1086.81 353.639 1329.47 445.794
59400000 282.224 1081.37 351.87 1363.6 445.614
59500000 255.112 1075.24 349.876 1330.36 446.067
59600000 265.612 1070.49 348.33 1336.11 445.845
59700000 258.09 1084.74 352.966 1342.83 446.338
59800000 290.878 1074.62 349.673 1365.5 446.281
59900000 287.646 1075.61 349.995 1363.26 446.363
60000000 270.397 1082.55 352.253 1352.95 446.446
60100000 282.227 1057.27 344.026 1339.49 445.852
60200000 310.543 1072.2 348.884 1382.74 448.136
60300000 349.927 1078.86 351.053 1428.79 449.137
60400000 350.432 1064.75 346.46 1415.18 449.766
60500000 347.25 1068.63 347.723 1415.88 450.506
60600000 303.175 1084.53 352.898 1387.71 449.235
60700000 276.851 1079.63 351.303 1356.48 450.104
60800000 243.743 1074.56 349.654 1318.3 450.799
60900000 235.801 1068.45 347.664 1304.25 451.925
61000000 216.221 1071.03 348.504 1287.25 453.269
61100000 273.364 1094.23 356.055 1367.6 455.095
61200000 297.085 1077.19 350.51 1374.28 454.745
61300000 308.878 1088.74 354.268 1397.62 454.971
61400000 291.709 1071.64 348.703 1363.35 454.564
61500000 268.867 1079.81 351.363 1348.68 454.501
61600000 235.461 1078.47 350.924 1313.93 455.101
61700000 218.412 1067.9 347.486 1286.31 457.778
61800000 230.357 1077.97 350.763 1308.33 457.5
61900000 258.057 1085.39 353.179 1343.45 457.057
62000000 289.668 1053.46 342.786 1343.12 457.47
62100000 320.261 1084.04 352.739 1404.3 458.014
62200000 299.828 1078.29 350.866 1378.11 460.974
62300000 269.844 1080.74 351.665 1350.59 462.783
62400000 272.362 1083.62 352.602 1355.98 462.758
62500000 246.64 1083.03 352.41 1329.67 463.075
62600000 247.111 1080.46 351.573 1327.57 463.008
62700000 219.007 1071.12 348.536 1290.13 463.354
62800000 233.336 1079.24 351.175 1312.57 463.809
62900000 261.545 1095.62 356.506 1357.16 463.229
63000000 293.195 1086.8 353.636 1380 463.532
63100000 289.235 1086.49 353.535 1375.72 464.144
63200000 267.099 1073.96 349.459 1341.06 463.749
63300000 313.093 1069.22 347.916 1382.31 465.023
63400000 273.054 1078.29 350.867 1351.34 464.159
63500000 316.927 1077.5 350.609 1394.43 465.261
63600000 281.299 1069.37 347.963 1350.67 466.145
63700000 315.565 1080.29 351.519 1395.86 466.768
63800000 285.577 1068.4 347.648 1353.97 466.731
63900000 298.944 1081.41 351.881 1380.35 467.074
64000000 293.505 1079.41 351.231 1372.92 467.465
64100000 275.738 1058.64 344.474 1334.38 469.066
64200000 305.757 1062.92 345.865 1368.67 468.861
64300000 282.875 1075.93 350.099 1358.8 469.838
64400000 283.622 1083.2 352.463 1366.82 469.905
64500000 282.882 1070.99 348.493 1353.88 468.922
64600000 240.058 1076.78 350.377 1316.84 470.308
64700000 255.626 1077.67 350.665 1333.29 470.83
64800000 271.911 1070.97 348.485 1342.88 469.545
64900000 292.946 1083.23 352.474 1376.17 468.972
65000000 311.041 1067.61 347.391 1378.65 470.186
65100000 316.186 1069.99 348.165 1386.17 469.705
65200000 351.161 1066.02 346.875 1417.18 470.471
65300000 292.794 1085.56 353.232 1378.35 470.088
65400000 310.241 1073.54 349.32 1383.78 470.394
65500000 298.657 1071.46 348.645 1370.12 471.79
65600000 261.577 1087.74 353.942 1349.32 471.878
65700000 253.116 1072.51 348.985 1325.62 471.723
65800000 300.164 1068.55 347.698 1368.71 471.422
65900000 263.6 1059.44 344.733 1323.04 471.081
66000000 272.95 1080.79 351.679 1353.74 471.799
66100000 304.576 1074.89 349.761 1379.47 473.011
66200000 302.041 1071.15 348.545 1373.19 471.781
66300000 341.601 1080.36 351.542 1421.96 470.776
66400000 315.249 1057.35 344.054 1372.6 470.509
66500000 294.614 1075.54 349.971 1370.15 471.109
66600000 241.505 1082.28 352.166 1323.79 472.889
66700000 273.321 1077.66 350.662 1350.98 473.71
66800000 285.117 1070.15 348.217 1355.26 473.567
66900000 263.506 1079.61 351.298 1343.12 473.494
67000000 251.875 1069.43 347.984 1321.31 474.26
67100000 307.121 1091.81 355.267 1398.93 473.671
67200000 287.815 1067.64 347.403 1355.46 471.6
67300000 264.239 1067.55 347.373 1331.79 470.566
67400000 250.473 1064.36 346.336 1314.84 470.542
67500000 266.8 1078.99 351.095 1345.79 471.259
67600000 266.113 1082.4 352.205 1348.51 470.496
67700000 281.364 1066.69 347.094 1348.06 470.756
67800000 308.226 1068.29 347.613 1376.51 472.034
67900000 323.469 1069.59 348.036 1393.06 474.459
68000000 299.576 1077.34 350.559 1376.92 473.836
68100000 301.328 1094.99 356.301 1396.32 473.759
68200000 280.406 1072.94 349.125 1353.34 473.152
68300000 238.926 1085.91 353.345 1324.83 472.474
68400000 272.015 1072.33 348.928 1344.35 471.556
68500000 276.245 1051.66 342.202 1327.91 470.863
68600000 299.089 1082.27 352.162 1381.36 469.527
68700000 292.917 1098.35 357.396 1391.27 470.976
68800000 314.286 1076.99 350.444 1391.28 471.113
68900000 278.575 1066.64 347.077 1345.22 470.789
69000000 281.258 1082.74 352.314 1364 469.973
69100000 256.003 1083.15 352.448 1339.15 469.382
69200000 295.722 1061.63 345.446 1357.35 469.755
69300000 280.716 1079.28 351.191 1360 468.402
69400000 284.739 1080.87 351.706 1365.61 467.98
69500000 324.812 1071.26 348.581 1396.08 467.751
69600000 292.386 1075.2 349.862 1367.59 467.357
69700000 291.539 1047.74 340.925 1339.28 467.022
69800000 281.789 1098.03 357.292 1379.82 467.24
69900000 295.656 1096.43 356.771 1392.09 466.064
70000000 288.758 1078.81 351.038 1367.57 465.512
70100000 273.012 1087.08 353.728 1360.09 465.739
70200000 273.009 1071.6 348.691 1344.61 466.419
70300000 240.693 1063.91 346.188 1304.6 467.09
70400000 237.399 1059.98 344.909 1297.38 468.352
70500000 266.361 1071.78 348.748 1338.14 468.931
70600000 291.89 1067.76 347.44 1359.65 470.069
70700000 347.924 1069.85 348.122 1417.78 471.233
70800000 306.042 1060.72 345.15 1366.76 470.769
70900000 268.271 1067.59 347.386 1335.86 470.671
71000000 289.853 1077.75 350.692 1367.6 471.396
71100000 275.05 1088.17 354.082 1363.22 470.685
71200000 276.327 1080.56 351.605 1356.88 471.182
71300000 304.298 1072.41 348.954 1376.71 472.693
71400000 347.916 1073.19 349.207 1421.1 471.938
71500000 344.018 1083.92 352.699 1427.94 472.872
71600000 337.2 1086.95 353.685 1424.15 475.265
71700000 344.026 1085.6 353.246 1429.63 475.491
71800000 304.574 1084.03 352.736 1388.61 475.554
71900000 292.535 1063.37 346.012 1355.9 474.803
72000000 297.092 1074.4 349.602 1371.49 475.924
72100000 262.421 1085.48 353.208 1347.9 477.271
72200000 263.252 1067.12 347.234 1330.38 477.727
72300000 303.493 1070.37 348.291 1373.87 477.677
72400000 289.025 1085.15 353.098 1374.17 476.435
72500000 277.421 1081.16 351.8 1358.58 475.576
72600000 277.899 1066.27 346.956 1344.17 476.769
72700000 215.415 1077.02 350.454 1292.44 477.28
72800000 252.728 1083.9 352.693 1336.63 476.427
72900000 313.116 1073.5 349.31 1386.62 476.595
73000000 303.097 1083.28 352.492 1386.38 478.201
73100000 290.168 1093.55 355.832 1383.72 477.234
73200000 286.324 1068.32 347.624 1354.65 475.959
73300000 309.611 1078.02 350.781 1387.64 475.32
73400000 278.862 1070.78 348.423 1349.64 475.936
73500000 327.229 1074.95 349.782 1402.18 475.971
73600000 333.911 1069.5 348.006 1403.41 475.291
73700000 294.359 1061.02 345.248 1355.38 475.502
73800000 282.856 1087.56 353.884 1370.42 475.127
73900000 306.447 1072.71 349.05 1379.15 476.015
74000000 257.904 1083.52 352.57 1341.43 476.662
74100000 270.231 1062.65 345.779 1332.89 476.763
74200000 299.188 1095.88 356.591 1395.07 477.428
74300000 303.944 1082.37 352.196 1386.32 477.857
74400000 239.289 1082.57 352.26 1321.86 478.568
74500000 283.898 1071.73 348.732 1355.63 478.329
74600000 270.05 1078.06 350.791 1348.11 478.116
74700000 290.318 1073.11 349.183 1363.43 477.58
74800000 243.945 1085.53 353.223 1329.48 478.394
74900000 228.268 1081.45 351.894 1309.71 479.131
75000000 255.575 1080.32 351.528 1335.9 479.459
75100000 253.166 1082.99 352.395 1336.15 480.766
75200000 237.222 1060.98 345.236 1298.21 481.559
75300000 262.784 1081.88 352.034 1344.66 482.25
75400000 251.466 1070.68 348.391 1322.15 480.211
75500000 264.154 1070.43 348.31 1334.59 478.498
75600000 285.938 1086.44 353.518 1372.38 478.009
75700000 267.798 1050.79 341.92 1318.59 476.522
75800000 287.899 1071.61 348.695 1359.51 476.573
75900000 260.233 1087.17 353.757 1347.4 477.711
76000000 239.091 1054.74 343.203 1293.83 478.244
76100000 247.37 1060.59 345.107 1307.96 479.151
76200000 240.106 1072.9 349.113 1313.01 479.498
76300000 227.838 1082.39 352.202 1310.23 480.182
76400000 215.219 1064.85 346.495 1280.07 480.84
76500000 303.801 1092.31 355.428 1396.11 479.941
76600000 332.677 1076.07 350.145 1408.75 478.76
76700000 344.753 1070.69 348.394 1415.44 478.48
76800000 329.509 1062.74 345.807 1392.25 477.849
76900000 319.373 1069.68 348.067 1389.06 479.928
77000000 271.9 1077.27 350.536 1349.17 480.555
77100000 326.252 1071.86 348.776 1398.12 480.934
77200000 281.067 1074.77 349.722 1355.84 482.017
77300000 314.739 1068.97 347.836 1383.71 482.909
77400000 325.342 1081.92 352.048 1407.26 483.161
77500000 298.688 1077.93 350.75 1376.62 484.421
77600000 276.753 1064.85 346.494 1341.61 484.886
77700000 241.555 1076.69 350.347 1318.25 484.843
77800000 248.532 1077.44 350.59 1325.97 486.634
77900000 249.483 1064.12 346.256 1313.6 487.91
78000000 288.59 1071.37 348.615 1359.96 487.258
78100000 287.426 1075.89 350.087 1363.32 488.037
78200000 249.096 1078.67 350.99 1327.76 488.654
78300000 233.411 1071.49 348.656 1304.91 489.586
78400000 242.584 1056.73 343.851 1299.31 488.827
78500000 274.554 1088.34 354.136 1362.89 488.779
78600000 335.244 1073.06 349.167 1408.31 489.364
78700000 264.441 1077.91 350.744 1342.35 490.506
78800000 242.767 1072.17 348.875 1314.93 490.215
78900000 266.975 1079.8 351.36 1346.78 490.238
79000000 281.746 1076.79 350.377 1358.53 490.994
79100000 285.601 1072.47 348.972 1358.07 490.742
79200000 295.954 1069.7 348.071 1365.65 490.473
79300000 287.592 1078.55 350.951 1366.14 489.672
79400000 288.085 1077.72 350.681 1365.8 490.468
79500000 295.917 1056.62 343.816 1352.54 491.442
79600000 246.798 1076.91 350.419 1323.71 490.873
79700000 238.092 1091.53 355.174 1329.62 490.966
79800000 244.504 1066.71 347.098 1311.21 490.776
79900000 207.088 1074.43 349.61 1281.51 490.815
80000000 256.098 1077.67 350.666 1333.77 490.215
80100000 270.388 1078.84 351.047 1349.23 489.483
80200000 273.751 1079.73 351.335 1353.48 490.84
80300000 272.624 1073.22 349.216 1345.84 491.038
80400000 267.404 1081.7 351.978 1349.11 492.879
80500000 291.666 1072.2 348.886 1363.87 493.371
80600000 290.911 1075.38 349.92 1366.29 494.786
80700000 268.648 1070.63 348.374 1339.28 494.818
80800000 223.174 1083.67 352.618 1306.84 496.288
80900000 247.558 1077.23 350.523 1324.79 496.821
81000000 284.185 1075.75 350.04 1359.93 497.262
81100000 272.074 1085.49 353.21 1357.57 499.514
81200000 244.09 1076.58 350.312 1320.67 500.881
81300000 261.318 1070.06 348.188 1331.37 500.79
81400000 256.013 1076.07 350.144 1332.08 500.195
81500000 259.457 1078.16 350.826 1337.62 501.154
81600000 302.246 1075.24 349.874 1377.49 502.333
81700000 320.561 1065.96 346.856 1386.52 502.157
81800000 312.371 1092.67 355.548 1405.05 501.795
81900000 258.408 1085.43 353.191 1343.84 501.495
82000000 279.726 1066.2 346.934 1345.93 502.117
82100000 291.443 1067.28 347.284 1358.72 501.004
82200000 329.181 1075.52 349.966 1404.7 500.491
82300000 283.898 1069.03 347.853 1352.93 500.373
82400000 310.716 1073.33 349.252 1384.04 501.285
82500000 268.492 1061.47 345.394 1329.96 501.175
82600000 287.213 1083.08 352.427 1370.3 502.329
82700000 266.968 1070 348.17 1336.97 503.19
82800000 282.952 1082.17 352.129 1365.12 502.762
82900000 267.21 1070.61 348.368 1337.82 504.665
83000000 279.593 1088.56 354.209 1368.15 504.744
83100000 298.477 1072.08 348.847 1370.56 505.815
83200000 296.579 1087.75 353.946 1384.33 507.238
83300000 293.906 1090.94 354.983 1384.85 508.352
83400000 291.174 1085.09 353.079 1376.26 509.074
83500000 252.132 1068.66 347.733 1320.79 511.097
83600000 253.342 1071.8 348.755 1325.14 512.84
83700000 271.745 1076.66 350.338 1348.41 513.399
83800000 322.794 1078.93 351.075 1401.72 513.216
83900000 319.368 1082.61 352.274 1401.98 513.643
84000000 294.82 1083.01 352.404 1377.83 513.269
84100000 256.422 1061.02 345.247 1317.44 513.618
84200000 283.247 1073.06 349.166 1356.31 516.019
84300000 281.914 1071.95 348.805 1353.87 517.837
84400000 255.114 1076.81 350.387 1331.93 517.543
84500000 304.291 1070.23 348.245 1374.52 516.895
84600000 325.89 1075.71 350.028 1401.6 516.181
84700000 292.232 1077.95 350.756 1370.18 517.115
84800000 299.806 1078.46 350.923 1378.27 516.598
84900000 266.335 1065.24 346.62 1331.57 517.035
85000000 255.421 1079.61 351.297 1335.03 516.435
85100000 264.989 1068.94 347.826 1333.93 516.638
85200000 300.666 1054.75 343.206 1355.41 517.092
85300000 323.891 1093.46 355.802 1417.35 516.974
85400000 340.458 1084.67 352.944 1425.13 518.008
85500000 288.213 1073.89 349.435 1362.1 518.012
85600000 273.345 1078.68 350.995 1352.03 517.764
85700000 257.639 1077.44 350.589 1335.07 518.538
85800000 250.838 1076.72 350.356 1327.56 518.814
85900000 269.168 1070.54 348.344 1339.7 520.332
86000000 266.096 1082.47 352.227 1348.56 523.484
86100000 312.099 1070.07 348.191 1382.16 524.629
86200000 297.961 1082.43 352.213 1380.39 523.381
86300000 298.155 1082.8 352.333 1380.95 523.818
86400000 283.151 1072.56 349.003 1355.71 523.585
86500000 290.55 1094.25 356.059 1384.8 524.367
86600000 301.665 1061.34 345.351 1363 526.252
86700000 258.684 1082.61 352.272 1341.29 526.716
86800000 262.134 1078 350.774 1340.14 527.475
86900000 260.1 1079.87 351.38 1339.97 528.516
87000000 301.476 1079.84 351.372 1381.32 530.231
87100000 294.932 1079.5 351.26 1374.43 530.615
87200000 311.794 1070.54 348.344 1382.33 530.546
87300000 285.636 1091.05 355.019 1376.69 532.161
87400000 312.045 1085.24 353.127 1397.28 533.386
87500000 293.994 1072.46 348.971 1366.46 532.837
87600000 289.253 1070.14 348.214 1359.39 533.48
87700000 306.213 1076.62 350.322 1382.83 534.999
87800000 249.141 1079.71 351.328 1328.85 536.433
87900000 237.989 1086.06 353.395 1324.05 536.811
88000000 234.213 1074.08 349.498 1308.29 537.355
88100000 253.946 1081.66 351.965 1335.61 537.644
88200000 281.493 1078.38 350.896 1359.87 536.305
88300000 263.504 1068.41 347.652 1331.91 538.732
88400000 249.586 1064.78 346.472 1314.37 540.489
88500000 257.862 1077.18 350.505 1335.04 542.014
88600000 323.487 1081.71 351.979 1405.2 543.139
88700000 307.284 1064.27 346.304 1371.55 541.749
88800000 286.989 1071.92 348.793 1358.9 542.665
88900000 280.362 1084.29 352.819 1364.65 544.828
89000000 281.836 1072.12 348.86 1353.96 545.475
89100000 290.764 1069.73 348.082 1360.49 546.396
89200000 293.602 1084.23 352.801 1377.83 546.545
89300000 265.579 1065.6 346.738 1331.18 546.15
89400000 263.154 1084.24 352.802 1347.39 545.3
89500000 302.304 1063.15 345.94 1365.45 545.945
89600000 295.021 1072.18 348.879 1367.2 545.593
89700000 289.709 1070.14 348.215 1359.85 545.996
89800000 297.371 1078.5 350.936 1375.87 545.646
89900000 317.075 1072.6 349.017 1389.68 545.72
90000000 301.592 1084.59 352.916 1386.18 546.371
90100000 330.222 1089.07 354.375 1419.29 547.162
90200000 310.074 1084.15 352.775 1394.23 546.617
90300000 333.916 1076.33 350.23 1410.25 545.064
90400000 338.138 1087.45 353.849 1425.59 545.902
90500000 290.763 1072.17 348.877 1362.94 546.855
90600000 297.118 1072.06 348.839 1369.17 548.164
90700000 292.086 1061.71 345.471 1353.79 549.533
90800000 259.176 1075.87 350.081 1335.05 549.408
90900000 316.853 1079.16 351.151 1396.02 551.032
91000000 306.115 1063.11 345.927 1369.22 552.551
91100000 300.112 1075.36 349.912 1375.47 554.404
91200000 262.818 1081.3 351.847 1344.12 555.234
91300000 310.068 1079.96 351.412 1390.03 553.998
91400000 324.136 1069.75 348.087 1393.88 554.907
91500000 305.674 1073.98 349.465 1379.66 555.395
91600000 292.671 1072.98 349.138 1365.65 556.397
91700000 251.044 1081.8 352.009 1332.85 556.119
91800000 256.914 1088.33 354.134 1345.24 557.393
91900000 266.95 1065.57 346.727 1332.52 558.624
92000000 269.493 1075.43 349.937 1344.93 558.84
92100000 291.994 1083.83 352.671 1375.83 561.327
92200000 272.229 1080.85 351.7 1353.08 561.156
92300000 316.573 1084.17 352.781 1400.75 561.801
92400000 257.854 1064.54 346.393 1322.4 562.669
92500000 278.822 1066.68 347.088 1345.5 561.879
92600000 313.474 1087.64 353.909 1401.11 563.087
92700000 311.546 1066.11 346.903 1377.65 564.719
92800000 293.435 1074.58 349.659 1368.01 565.907
92900000 296.616 1077.32 350.552 1373.94 568.265
93000000 286.029 1083.02 352.405 1369.05 568.364
93100000 292.816 1087.46 353.85 1380.27 568.091
93200000 315.646 1068.76 347.765 1384.4 568.485
93300000 317.881 1081.85 352.025 1399.73 568.737
93400000 326.657 1066.71 347.098 1393.36 568.957
93500000 317.726 1085.04 353.064 1402.77 568.659
93600000 284.262 1079.13 351.14 1363.39 567.903
93700000 262.967 1090.78 354.932 1353.75 568.247
93800000 279.342 1085.16 353.102 1364.5 567.634
93900000 302.745 1072.56 349.003 1375.31 568.388
94000000 316.176 1101.29 358.351 1417.47 569.005
94100000 307.188 1077.91 350.742 1385.09 569.515
94200000 289.845 1068.26 347.603 1358.1 570.329
94300000 259.098 1064.06 346.238 1323.16 570.134
94400000 251.74 1078.41 350.907 1330.15 571.366
94500000 271.915 1086.01 353.38 1357.93 571.576
94600000 295.631 1065.55 346.722 1361.18 573.459
94700000 305.203 1063.98 346.211 1369.18 574.061
94800000 271.849 1073.16 349.197 1345.01 575.112
94900000 292.674 1079.98 351.417 1372.65 576.728
95000000 307.948 1103.79 359.165 1411.74 578.168
95100000 308.6 1086.1 353.408 1394.7 579.467
95200000 299.77 1063.35 346.005 1363.12 579.515
95300000 309.373 1085.29 353.144 1394.66 580.564
95400000 267.362 1058.88 344.552 1326.24 581.096
95500000 287.93 1075.31 349.897 1363.24 582.082
95600000 300.292 1072.9 349.112 1373.19 582.735
95700000 309.737 1083.15 352.447 1392.88 583.35
95800000 275.624 1068.21 347.589 1343.84 584.104
95900000 304.042 1082.6 352.271 1386.64 584.215
96000000 271.755 1096.56 356.812 1368.32 586.172
96100000 253.993 1071.73 348.732 1325.72 587.171
96200000 265.925 1070.31 348.269 1336.23 586.918
96300000 277.205 1079.4 351.227 1356.6 587.241
96400000 284.981 1065.34 346.653 1350.32 585.749
96500000 280.483 1076.47 350.275 1356.95 585.641
96600000 270.018 1074.24 349.548 1344.25 584.447
96700000 270.279 1064.3 346.314 1334.58 583.852
96800000 260.862 1086.01 353.38 1346.87 582.446
96900000 227.357 1066.17 346.925 1293.53 583.018
97000000 270.659 1072.84 349.093 1343.5 584.064
97100000 274.995 1064.98 346.537 1339.98 584.566
97200000 261.424 1079.93 351.4 1341.35 585.521
97300000 261.146 1085.05 353.067 1346.2 585.708
97400000 256.672 1087.28 353.792 1343.95 586.386
97500000 248.958 1073.11 349.182 1322.07 586.566
97600000 297.575 1072.26 348.904 1369.83 587.078
97700000 277.978 1059.95 344.899 1337.93 586.515
97800000 259.408 1068.25 347.601 1327.66 587.647
97900000 298.186 1065.73 346.781 1363.92 587.376
98000000 311.331 1084.93 353.029 1396.26 588.499
98100000 267.222 1071.2 348.56 1338.42 590.192
98200000 303.229 1083.31 352.501 1386.54 589.623
98300000 291.685 1088.81 354.291 1380.5 587.881
98400000 289.867 1067.16 347.244 1357.02 587.99
98500000 273.761 1063 345.893 1336.77 587.591
98600000 278.276 1098.49 357.44 1376.77 588.88
98700000 273.742 1074.47 349.623 1348.21 590.198
98800000 295.66 1076.77 350.372 1372.43 589.97
98900000 296.487 1066.3 346.964 1362.78 591.122
99000000 301.436 1062.32 345.67 1363.75 590.923
99100000 276.724 1090.82 354.943 1367.54 591.04
99200000 229.997 1086.01 353.379 1316.01 591.449
99300000 295.492 1079.88 351.386 1375.38 590.931
99400000 251.062 1072.1 348.852 1323.16 589.555
99500000 264.944 1075.11 349.832 1340.05 590.722
99600000 250.935 1072.01 348.825 1322.95 591.725
99700000 273.914 1083.2 352.464 1357.11 591.646
99800000 280.883 1078.52 350.943 1359.41 590.366
99900000 280.413 1084.93 353.028 1365.34 590.336
100000000 302.689 1093.45 355.799 1396.13 590.865
100100000 296.796 1069.36 347.963 1366.16 591.305
100200000 316.729 1069.08 347.871 1385.81 591.633
100300000 276.701 1093.59 355.845 1370.29 592.214
100400000 304.404 1082.61 352.272 1387.01 592.143
100500000 308.911 1068.01 347.521 1376.92 591.495
100600000 283.442 1065.65 346.755 1349.09 591.35
100700000 267.38 1064.59 346.408 1331.97 591.627
100800000 269.131 1083.37 352.52 1352.5 591.977
100900000 289.812 1088 354.026 1377.81 591.523
101000000 263.548 1056.55 343.793 1320.1 591.74
101100000 278.597 1072.72 349.054 1351.32 593.012
101200000 309.525 1067.31 347.294 1376.84 594.869
101300000 265.116 1089.81 354.616 1354.93 594.975
101400000 276.132 1080.33 351.53 1356.46 595.83
101500000 256.707 1074.91 349.767 1331.61 596.244
101600000 242.306 1075.1 349.828 1317.4 596.82
101700000 306.266 1075.13 349.838 1381.39 596.561
101800000 347.994 1069.14 347.89 1417.13 596.662
101900000 325.356 1060.9 345.209 1386.26 597.042
102000000 322.907 1077.81 350.711 1400.72 596.512
102100000 296.189 1087.06 353.719 1383.24 596.811
102200000 283.554 1081.59 351.941 1365.15 596.279
102300000 277.299 1080.96 351.735 1358.26 597.197
102400000 269.708 1076.93 350.425 1346.64 598.363
102500000 280.732 1084.57 352.909 1365.3 599.236
102600000 257.233 1059.5 344.751 1316.73 599.896
102700000 260.471 1071.88 348.782 1332.35 599.619
102800000 246.178 1065.35 346.655 1311.52 599.788
102900000 259.218 1068.17 347.573 1327.38 599.865
103000000 283.394 1062.93 345.869 1346.32 601.214
103100000 316.628 1064.13 346.26 1380.76 603.714
103200000 284.465 1090.33 354.786 1374.8 603.516
103300000 311.707 1080.91 351.72 1392.62 605.135
103400000 263.185 1063.27 345.981 1326.46 605.907
103500000 236.196 1082.17 352.129 1318.37 606.29
103600000 285.572 1078.42 350.91 1363.99 606.522
103700000 304.597 1059.02 344.598 1363.62 607.694
103800000 288.494 1083.75 352.645 1372.25 608.073
103900000 266.073 1077.33 350.553 1343.4 605.716
104000000 257.32 1085.32 353.154 1342.64 605.427
104100000 277.232 1074.55 349.652 1351.79 606.428
104200000 260.543 1076.28 350.212 1336.82 606.17
104300000 255.843 1075.46 349.945 1331.3 606.79
104400000 240.762 1076.58 350.31 1317.34 606.405
104500000 235.039 1083.71 352.631 1318.75 606.745
104600000 220.109 1076.19 350.185 1296.3 607.645
104700000 226.753 1085.18 353.108 1311.93 608.042
104800000 290.349 1061.11 345.278 1351.46 609.547
104900000 279.058 1084 352.726 1363.06 608.579
105000000 261.947 1077.7 350.674 1339.65 608.423
