# Time-averaged data for fix favg
# TimeStep v_vpe v_vke v_vT v_vE v_vRg
5100000 -104.294 656.91 301.477 552.616 158.382
5200000 -93.2696 656.16 301.133 562.89 157.298
5300000 -88.9199 662.895 304.224 573.975 158.924
5400000 -49.1121 642.371 294.804 593.259 160.497
5500000 -56.4903 654.456 300.351 597.966 161.223
5600000 -99.5108 648.322 297.536 548.811 161.785
5700000 -125.52 660.697 303.215 535.177 162.099
5800000 -107.544 649.867 298.245 542.322 162.747
5900000 -83.6079 640.625 294.003 557.017 164.268
6000000 -89.5916 653.481 299.903 563.889 163.967
6100000 -101.285 662.536 304.059 561.251 161.76
6200000 -77.8418 660.393 303.076 582.551 161.808
6300000 -118.373 640.722 294.048 522.349 163.691
6400000 -111.419 667.902 306.521 556.483 165.255
6500000 -125.795 660.075 302.93 534.28 165.799
6600000 -97.9656 656.527 301.301 558.562 166.229
6700000 -110.423 657.202 301.611 546.779 166.85
6800000 -85.3717 658.282 302.107 572.91 168.394
6900000 -75.2979 657.474 301.736 582.177 170.468
7000000 -66.75 642.393 294.815 575.643 171.21
7100000 -81.7349 645.763 296.361 564.028 171.531
7200000 -93.8358 657.939 301.949 564.104 173.467
7300000 -113.337 654.636 300.434 541.299 175.202
7400000 -88.5602 656.355 301.222 567.795 175.168
7500000 -92.9278 657.016 301.526 564.088 175.898
7600000 -90.3367 642.494 294.861 552.157 175.997
7700000 -105.582 654.089 300.182 548.507 176.963
7800000 -80.1229 655.134 300.662 575.011 176.293
7900000 -89.1588 653.62 299.967 564.461 176.844
8000000 -117.692 658.229 302.082 540.536 176.44
8100000 -96.7803 667.648 306.405 570.868 178.033
8200000 -89.5114 660.935 303.324 571.423 179.085
8300000 -133.745 660.199 302.987 526.454 181.006
8400000 -155.708 656.832 301.441 501.124 182.247
8500000 -124.084 652.696 299.543 528.613 182.794
8600000 -78.2532 655.566 300.86 577.313 183.658
8700000 -69.9455 663.774 304.627 593.829 184.599
8800000 -80.3315 650.493 298.532 570.161 185.805
8900000 -104.071 656.919 301.481 552.848 187.192
9000000 -98.5321 652.933 299.652 554.401 187.839
9100000 -84.5219 664.852 305.122 580.33 188.02
9200000 -92.2969 656.374 301.231 564.077 188.365
9300000 -77.4241 653.501 299.912 576.077 189.846
9400000 -100.438 638.895 293.209 538.457 190.577
9500000 -94.5277 651.512 299 556.984 191.352
9600000 -97.4294 653.795 300.047 556.366 192.611
9700000 -54.1682 647.72 297.259 593.552 193.845
9800000 -62.0175 648.483 297.61 586.466 195.754
9900000 -85.4178 653.032 299.697 567.614 197.218
10000000 -96.6612 650.233 298.413 553.572 200.159
10100000 -83.4913 656.425 301.254 572.933 201.926
10200000 -112.801 647.881 297.333 535.081 203.156
10300000 -121.471 650.429 298.503 528.958 203.101
10400000 -93.9059 648.813 297.761 554.907 204.786
10500000 -115.292 661.206 303.448 545.914 207.105
10600000 -99.2406 655.795 300.965 556.554 208.18
10700000 -74.8394 656.725 301.392 581.885 210.761
10800000 -65.6655 661.853 303.746 596.188 214.209
10900000 -106.904 665.139 305.254 558.235 215.306
11000000 -76.0539 648.341 297.545 572.287 214.647
11100000 -64.9111 659.57 302.698 594.659 214.283
11200000 -75.2636 658.469 302.192 583.205 213.576
11300000 -71.2984 653.984 300.134 582.685 215.304
11400000 -71.9778 643.462 295.306 571.485 218.757
11500000 -112.348 647.141 296.994 534.793 220.853
11600000 -111.285 649.337 298.001 538.051 221.817
11700000 -69.1676 658.446 302.182 589.278 222.192
11800000 -55.6429 659.109 302.486 603.466 223.119
11900000 -90.5671 644.206 295.647 553.639 223.762
12000000 -91.0147 654.687 300.457 563.673 224.737
12100000 -88.1988 650.597 298.58 562.398 225.779
12200000 -91.0466 655.722 300.932 564.675 226.246
12300000 -113.185 647.498 297.157 534.313 225.497
12400000 -85.6083 664.497 304.959 578.888 226.159
12500000 -133.704 650.573 298.569 516.87 228.837
12600000 -122.103 645.954 296.449 523.851 230.282
12700000 -83.0477 654.073 300.175 571.026 229.928
12800000 -64.1488 656.874 301.461 592.726 231.121
12900000 -79.6661 642.802 295.003 563.136 233.068
13000000 -41.9536 644.723 295.884 602.77 233.568
13100000 -55.9561 647.509 297.163 591.553 235.226
13200000 -60.2733 648.847 297.777 588.574 237.762
13300000 -48.6196 655.123 300.657 606.503 238.785
13400000 -45.405 648.16 297.461 602.755 239.303
13500000 -41.8095 659.421 302.629 617.611 239.742
13600000 -69.0883 651.734 299.102 582.646 239.711
13700000 -57.2754 663.854 304.664 606.579 239.245
13800000 -72.4926 654.305 300.282 581.813 240.562
13900000 -66.1473 649.024 297.858 582.877 243.055
14000000 -67.8021 664.385 304.908 596.583 243.714
14100000 -76.7052 656.574 301.323 579.869 242.575
14200000 -78.0574 652.307 299.364 574.249 242.181
14300000 -56.3157 647.04 296.948 590.725 242.198
14400000 -91.1876 670.224 307.587 579.036 242.62
14500000 -77.3795 659.086 302.475 581.706 240.59
14600000 -87.4385 652.023 299.234 564.585 240.369
14700000 -64.1345 655.315 300.745 591.181 241.732
14800000 -84.1557 651.394 298.946 567.238 243.218
14900000 -60.9918 656.021 301.069 595.03 244.722
15000000 -55.2959 657.359 301.683 602.063 246.425
15100000 -43.0518 655.032 300.615 611.98 245.709
15200000 -55.173 661.256 303.471 606.083 246
15300000 -72.989 653.607 299.961 580.618 246.231
15400000 -94.9876 655.688 300.916 560.701 248.246
15500000 -107.11 642.613 294.916 535.504 249.744
15600000 -91.3133 651.877 299.167 560.564 250.89
15700000 -83.0859 654.807 300.512 571.721 252.039
15800000 -114.508 663.553 304.526 549.045 251.991
15900000 -98.8437 653.519 299.921 554.675 251.098
16000000 -104.007 657.059 301.545 553.052 251.994
16100000 -82.3514 661.104 303.402 578.752 251.945
16200000 -81.7722 651.792 299.128 570.02 253.087
16300000 -53.1059 654.109 300.192 601.004 254.749
16400000 -64.8455 647.807 297.299 582.962 255.39
16500000 -66.2664 648.932 297.816 582.666 256.275
16600000 -90.3682 666.176 305.729 575.808 255.18
16700000 -111.187 661.499 303.583 550.312 255.567
16800000 -96.821 650.654 298.606 553.833 255.359
16900000 -65.5742 645.629 296.3 580.055 255.807
17000000 -41.1015 642.646 294.931 601.545 256.194
17100000 -58.1947 652.69 299.54 594.495 256.506
17200000 -44.1844 638.298 292.935 594.113 257.135
17300000 -69.3377 658.938 302.408 589.6 258.811
17400000 -87.3279 643.69 295.41 556.362 257.234
17500000 -79.7756 649.355 298.01 569.58 257.572
17600000 -64.3707 646.282 296.599 581.911 257.689
17700000 -70.853 643.35 295.254 572.497 258.752
17800000 -92.9266 657.094 301.562 564.168 259.4
17900000 -104.746 645.887 296.418 541.141 260.626
18000000 -51.8902 647.917 297.35 596.027 260.632
18100000 -67.9239 653.802 300.051 585.878 262.008
18200000 -67.4419 655.641 300.894 588.199 261.68
18300000 -103.363 650.172 298.385 546.809 263.424
18400000 -97.2042 659.841 302.822 562.637 265.418
18500000 -55.4985 648.332 297.54 592.833 266.503
18600000 -66.4891 653.668 299.989 587.179 265.485
18700000 -108.982 658.143 302.043 549.161 265.779
18800000 -77.5083 665.708 305.515 588.2 266.888
18900000 -91.7218 649.2 297.939 557.478 268.096
19000000 -85.5575 661.01 303.359 575.453 268.597
19100000 -110.605 654.086 300.181 543.48 269.427
19200000 -70.1663 643.172 295.172 573.006 271.142
19300000 -77.3742 653.321 299.83 575.947 272.081
19400000 -98.6599 663.201 304.364 564.541 273.577
19500000 -81.8799 654.059 300.169 572.179 273.687
19600000 -77.122 649.922 298.27 572.8 273.263
19700000 -97.0871 656.263 301.18 559.176 272.834
19800000 -92.25 649.014 297.853 556.764 272.704
19900000 -73.2102 651.968 299.209 578.758 273.455
20000000 -55.3018 657.663 301.823 602.361 274.735
20100000 -47.5568 653.142 299.748 605.585 274.578
20200000 -82.593 653.538 299.93 570.945 275.851
20300000 -70.8759 656.033 301.074 585.157 277.516
20400000 -54.5908 657.916 301.939 603.325 277.607
20500000 -53.9932 650.49 298.531 596.497 277.289
20600000 -70.7351 655.581 300.867 584.845 277.536
20700000 -76.4144 656.754 301.405 580.339 277.568
20800000 -81.5203 649.243 297.958 567.723 279.536
20900000 -70.212 663.745 304.614 593.533 281.183
21000000 -49.6619 650.637 298.598 600.975 281.853
21100000 -85.6564 672.832 308.784 587.175 279.343
21200000 -78.2638 650.668 298.612 572.404 278.739
21300000 -78.4831 656.818 301.435 578.335 278.501
21400000 -72.4687 661.906 303.77 589.437 278.857
21500000 -98.696 653.543 299.932 554.847 278.183
21600000 -97.3088 664.541 304.979 567.232 278.842
21700000 -110.062 641.385 294.352 531.323 278.301
21800000 -125.58 646.651 296.769 521.072 279.227
21900000 -89.4616 654.648 300.439 565.186 279.715
22000000 -125.748 657.606 301.797 531.859 280.891
22100000 -99.6574 654.039 300.159 554.382 281.107
22200000 -87.8976 666.445 305.853 578.548 280.479
22300000 -79.7032 648.498 297.617 568.795 280.767
22400000 -51.9717 658.477 302.196 606.505 280.896
22500000 -89.0333 650.519 298.544 561.486 281.17
22600000 -93.826 652.954 299.662 559.128 281.973
22700000 -113.724 646.357 296.634 532.633 283.288
22800000 -106.473 654.489 300.366 548.016 283.707
22900000 -74.8063 658.24 302.087 583.433 284.638
23000000 -35.3465 647.766 297.28 612.419 285.163
23100000 -40.8385 650.381 298.48 609.542 284.639
23200000 -77.3859 653.819 300.059 576.434 283.922
23300000 -117.008 647.074 296.963 530.067 282.334
23400000 -106.284 654.999 300.6 548.715 283.827
23500000 -117.793 655.631 300.89 537.838 284.189
23600000 -94.8754 642.394 294.815 547.519 283.907
23700000 -65.2623 649.669 298.154 584.406 284.395
23800000 -89.3234 658.526 302.219 569.203 284.902
23900000 -100.182 657.144 301.584 556.962 284.187
24000000 -92.9648 635.514 291.658 542.549 284.475
24100000 -87.5838 650.967 298.749 563.383 286.642
24200000 -56.2383 650.964 298.748 594.725 288.47
24300000 -34.6877 650.218 298.406 615.53 290.225
24400000 -38.994 656.049 301.082 617.055 291.738
24500000 -69.8813 653.465 299.896 583.583 292.093
24600000 -58.9611 666.827 306.028 607.866 292.797
24700000 -40.7651 656.579 301.325 615.814 294.159
24800000 -59.847 657.44 301.72 597.593 293.402
24900000 -88.671 657.906 301.934 569.235 293.445
25000000 -53.6219 654.694 300.46 601.072 295.554
25100000 -60.7156 648.206 297.483 587.491 295.95
25200000 -73.3455 654.534 300.386 581.188 294.726
25300000 -70.5294 643.759 295.442 573.23 296.392
25400000 -120.204 654.332 300.294 534.129 297.219
25500000 -145.53 668.927 306.992 523.397 296.744
25600000 -113.112 650.057 298.332 536.945 296.573
25700000 -104.66 656.014 301.066 551.354 296.317
25800000 -88.4285 651.734 299.101 563.305 297.681
25900000 -52.4076 647.331 297.081 594.923 298.562
26000000 -39.1309 655.774 300.955 616.643 298.468
26100000 -71.9678 663.702 304.594 591.734 299.879
26200000 -72.3928 659.478 302.655 587.085 300.577
26300000 -73.3508 655.744 300.942 582.394 300.87
26400000 -78.5944 652.472 299.44 573.878 302.62
26500000 -59.8058 653.078 299.718 593.272 303.314
26600000 -58.1594 646.512 296.705 588.353 304.074
26700000 -56.1399 644.802 295.92 588.662 303.844
26800000 -49.363 656.052 301.083 606.689 304.247
26900000 -67.4732 658.012 301.983 590.539 303.347
27000000 -58.7364 656.795 301.424 598.058 304.308
27100000 -47.3191 650.249 298.42 602.929 306.172
27200000 -65.109 657.09 301.56 591.981 306.994
27300000 -65.6488 659.453 302.644 593.804 306.203
27400000 -58.1348 658.985 302.429 600.851 306.039
27500000 -83.3767 659.722 302.767 576.345 304.833
27600000 -110.841 653.681 299.995 542.84 305.387
27700000 -114.053 655.898 301.013 541.845 303.917
27800000 -152.673 650.65 298.604 497.978 304.17
27900000 -159.193 648.747 297.731 489.554 304.187
28000000 -94.0461 655.482 300.822 561.436 305.116
28100000 -115.78 650.029 298.319 534.248 304.382
28200000 -98.3774 651.144 298.831 552.767 304.901
28300000 -101.58 660.189 302.982 558.609 304.557
28400000 -116.568 641.753 294.521 525.185 305.368
28500000 -85.2322 653.741 300.023 568.509 307.035
28600000 -91.0215 655.96 301.041 564.939 307.695
28700000 -100.545 648.454 297.596 547.909 309.268
28800000 -70.6271 640.756 294.064 570.129 310.406
28900000 -45.2361 665.548 305.441 620.312 313.205
29000000 -38.5286 647.698 297.249 609.169 313.875
29100000 -62.8256 656.059 301.087 593.234 314.198
29200000 -94.273 649.153 297.917 554.88 313.554
29300000 -89.8703 655.709 300.926 565.838 315.588
29400000 -22.7588 651.835 299.148 629.076 317.055
29500000 -82.5943 662.284 303.943 579.69 317.825
29600000 -74.6316 665.178 305.271 590.546 318.734
29700000 -74.8413 655.374 300.772 580.533 320.238
29800000 -39.117 654.276 300.268 615.159 321.559
29900000 -62.8558 639.043 293.277 576.188 322.863
30000000 -88.38 652.766 299.575 564.386 323.346
30100000 -93.1313 656.893 301.469 563.761 325.301
30200000 -95.3595 659.132 302.497 563.773 325.348
30300000 -82.9508 643.655 295.394 560.705 325.639
30400000 -102.145 650.267 298.428 548.122 325.474
30500000 -68.892 653.352 299.844 584.46 325.911
30600000 -76.0394 645.589 296.282 569.55 326.754
30700000 -61.0573 644.838 295.937 583.781 329.291
30800000 -105.181 646.853 296.861 541.672 332.147
30900000 -86.1942 663.955 304.71 577.76 332.484
31000000 -57.9908 655.348 300.76 597.357 333.681
31100000 -57.5971 650.039 298.324 592.442 335.38
31200000 -80.0146 654.287 300.273 574.273 335.673
31300000 -99.1122 654.977 300.59 555.864 336.382
31400000 -106.463 651.01 298.769 544.547 336.881
31500000 -105.066 653.522 299.922 548.456 337.369
31600000 -95.6063 649.957 298.286 554.351 336.544
31700000 -102.355 652.55 299.476 550.195 335.291
31800000 -50.3069 649.359 298.012 599.052 335.852
31900000 -55.0256 642.442 294.837 587.417 335.753
32000000 -95.5212 651.715 299.093 556.194 337.08
32100000 -98.8672 645.802 296.379 546.935 338.658
32200000 -110.983 663.294 304.407 552.312 340.491
32300000 -100.514 653.156 299.754 552.642 342.604
32400000 -82.7606 654.009 300.146 571.248 343.95
32500000 -93.2692 652.572 299.486 559.303 344.709
32600000 -97.5999 654.076 300.176 556.476 345.725
32700000 -70.7325 644.482 295.773 573.749 346.068
32800000 -86.3938 643.429 295.29 557.035 347.596
32900000 -81.3837 661.751 303.699 580.367 348.861
33000000 -79.0615 668.448 306.772 589.387 348.567
33100000 -62.2325 650.45 298.512 588.218 349.158
33200000 -54.3425 654.035 300.158 599.693 350.252
33300000 -68.2203 657.715 301.846 589.495 351.51
33400000 -69.303 661.405 303.54 592.102 352.6
33500000 -93.2058 656.924 301.483 563.718 354.368
33600000 -81.9865 654.03 300.155 572.044 354.613
33700000 -86.8494 651.742 299.105 564.893 355.877
33800000 -71.941 652.148 299.292 580.207 356.035
33900000 -88.4292 648.786 297.748 560.356 357.094
34000000 -53.9248 657.307 301.659 603.383 357.757
34100000 -37.395 656.315 301.204 618.92 359.093
34200000 -66.9738 651.782 299.124 584.809 359.411
34300000 -120.206 651.367 298.933 531.161 359.443
34400000 -85.529 663.949 304.707 578.42 360.258
34500000 -47.3629 665.035 305.206 617.672 361.289
34600000 -76.5102 641.987 294.628 565.477 362.321
34700000 -95.1483 646.197 296.56 551.049 363.172
34800000 -95.9824 653.67 299.99 557.688 364.649
34900000 -106.38 653.551 299.935 547.171 362.516
35000000 -100.296 644.667 295.858 544.371 360.791
35100000 -79.8161 658.027 301.99 578.211 360.055
35200000 -75.0874 644.673 295.861 569.585 359.046
35300000 -94.4002 651.245 298.877 556.845 359.848
35400000 -58.7169 655.632 300.891 596.916 361.234
35500000 -76.9996 644.608 295.831 567.609 361.24
35600000 -13.8537 652.743 299.565 638.889 364.543
35700000 -31.7936 656.79 301.422 624.997 365.31
35800000 -57.7019 666.568 305.91 608.866 363.716
35900000 -74.6099 642.941 295.066 568.332 365.358
36000000 -54.2479 661.659 303.657 607.412 366.359
36100000 -42.9122 647.969 297.374 605.057 367.709
36200000 -79.1691 644.519 295.791 565.35 368.876
36300000 -81.6847 654.222 300.243 572.537 369.508
36400000 -75.0975 651.43 298.962 576.333 368.846
36500000 -94.8186 658.489 302.202 563.67 368.985
36600000 -60.0916 659.875 302.838 599.783 371.005
36700000 -68.5544 659.372 302.607 590.818 372.846
36800000 -60.8296 648.959 297.828 588.129 372.69
36900000 -54.6336 658.425 302.172 603.791 371.627
37000000 -96.5253 651.616 299.048 555.091 371.923
37100000 -86.6218 652.187 299.31 565.565 372.949
37200000 -73.5128 647.884 297.335 574.371 373.199
37300000 -78.8285 658.762 302.327 579.933 373.103
37400000 -55.6438 662.162 303.887 606.518 372.946
37500000 -61.8574 656.669 301.366 594.811 374.55
37600000 -95.8357 658.418 302.169 562.582 374.407
37700000 -102.593 650.471 298.522 547.878 373.336
37800000 -81.1645 659.28 302.565 578.115 373.867
37900000 -90.0498 656.622 301.345 566.573 374.631
38000000 -103.646 657.843 301.905 554.198 374.709
38100000 -95.6273 645.017 296.019 549.389 374.373
38200000 -89.7116 655.991 301.055 566.279 376.936
38300000 -97.6531 662.662 304.117 565.008 378.355
38400000 -89.2205 644.399 295.735 555.178 378.772
38500000 -76.0499 662.678 304.124 586.628 378.207
38600000 -60.6057 651.146 298.832 590.54 379.004
38700000 -64.67 641.335 294.329 576.665 379.209
38800000 -36.6737 669.197 307.116 632.524 378.122
38900000 -76.5658 653.832 300.064 577.266 378.568
39000000 -60.0416 649.9 298.26 589.858 380.275
39100000 -46.0905 659.129 302.495 613.038 381.35
39200000 -81.6095 653.174 299.763 571.565 381.82
39300000 -78.4241 656.675 301.369 578.251 384.826
39400000 -93.4208 654.422 300.335 561.001 386.757
39500000 -92.413 652.952 299.66 560.539 387.636
39600000 -61.6952 666.6 305.924 604.905 387.811
39700000 -57.0053 654.334 300.295 597.329 389.098
39800000 -60.5036 651.99 299.219 591.487 389.507
39900000 -74.4272 662.335 303.967 587.908 390.576
40000000 -81.6492 656.628 301.348 574.979 390.986
40100000 -111.105 657.584 301.786 546.479 391.051
40200000 -97.5758 640.988 294.17 543.412 391.57
40300000 -99.5589 661.387 303.532 561.828 392.324
40400000 -67.6161 655.975 301.048 588.359 391.997
40500000 -90.7945 656.978 301.508 566.183 391.228
40600000 -83.5166 647.678 297.24 564.161 392.297
40700000 -90.6126 645.204 296.105 554.591 393.397
40800000 -81.5624 654.549 300.393 572.987 395.18
40900000 -90.6948 648.983 297.839 558.289 396.12
41000000 -91.8188 644.872 295.952 553.053 397.529
41100000 -89.9634 656.346 301.218 566.383 400.242
41200000 -82.6908 649.936 298.276 567.245 399.634
41300000 -81.0104 660.5 303.124 579.489 399.441
41400000 -103.089 651.126 298.823 548.037 398.808
41500000 -89.1786 652.298 299.36 563.119 399.531
41600000 -56.9039 660.105 302.943 603.201 400.729
41700000 -64.4714 651.068 298.796 586.597 401.927
41800000 -57.8762 644.146 295.619 586.27 402.819
41900000 -103.794 657.686 301.833 553.892 405.032
42000000 -101.207 663.537 304.518 562.33 406.064
42100000 -74.8325 656.095 301.103 581.263 405.718
42200000 -64.9121 648.808 297.759 583.896 406.428
42300000 -4.72017 647.983 297.38 643.263 408.279
42400000 -40.0595 652.619 299.508 612.56 409.253
42500000 -44.5536 647.935 297.358 603.381 408.233
42600000 -20.0451 647.653 297.229 627.608 408.695
42700000 -78.7906 645.455 296.22 566.664 409.24
42800000 -71.252 659.806 302.806 588.554 409.762
42900000 -99.5906 646.492 296.696 546.902 409.686
43000000 -91.4562 656.914 301.479 565.458 409.162
43100000 -77.7485 650.792 298.669 573.044 409.345
43200000 -76.7206 646.024 296.481 569.304 409.498
43300000 -71.9335 661.143 303.42 589.209 409.657
43400000 -96.7644 646.87 296.869 550.105 409.943
43500000 -110.893 643.586 295.362 532.693 411.011
43600000 -107.505 656.434 301.259 548.929 412.807
43700000 -122.347 643.1 295.139 520.752 413.223
43800000 -142.213 644.345 295.71 502.132 414.137
43900000 -114.677 654.214 300.24 539.537 413.466
44000000 -96.4158 648.261 297.507 551.845 413.495
44100000 -82.1642 664.468 304.946 582.304 414.247
44200000 -48.1737 664.166 304.807 615.992 414.68
44300000 -44.0187 648.846 297.776 604.827 415.551
44400000 -40.4904 645.208 296.106 604.717 415.516
44500000 -73.2784 653.539 299.93 580.261 414.914
44600000 -118.899 651.748 299.108 532.849 414.937
44700000 -120.879 641.531 294.419 520.652 414.228
44800000 -89.0093 648.727 297.722 559.718 415.14
44900000 -106.051 658.818 302.353 552.767 416.314
45000000 -88.2553 652.603 299.5 564.348 417.028
45100000 -99.9524 651.035 298.781 551.082 416.698
45200000 -116.264 658.294 302.112 542.029 416.083
45300000 -107.612 643.337 295.248 535.726 415.742
45400000 -56.8902 652.364 299.391 595.474 416.7
45500000 -84.1452 664.598 305.005 580.453 418.831
45600000 -105.198 648.697 297.708 543.499 419.671
45700000 -101.94 650.808 298.677 548.868 419.72
45800000 -106 650.203 298.399 544.203 420.162
45900000 -104.757 660.106 302.944 555.349 420.251
46000000 -88.2798 646.923 296.894 558.643 420.731
46100000 -83.31 649.232 297.953 565.922 421.977
46200000 -78.5368 650.242 298.417 571.706 423.041
46300000 -88.8415 650.457 298.516 561.616 423.294
46400000 -89.3152 655.567 300.861 566.252 425.219
46500000 -111.58 654.885 300.548 543.305 425.428
46600000 -123.641 654.451 300.349 530.81 425.486
46700000 -98.7964 648.061 297.416 549.264 425.952
46800000 -96.5196 657.105 301.566 560.585 425.646
46900000 -121.342 654.455 300.35 533.113 426.161
47000000 -100.122 649.489 298.071 549.366 425.483
47100000 -90.0954 655.933 301.029 565.838 425.327
47200000 -72.0528 645.56 296.268 573.508 426.748
47300000 -61.8892 651.18 298.847 589.291 426.431
47400000 -68.643 654.403 300.327 585.76 427.535
47500000 -55.9168 653.304 299.822 597.387 427.32
47600000 -63.4199 665.16 305.263 601.74 428.633
47700000 -61.1793 655.926 301.026 594.747 430.292
47800000 -58.2733 662.616 304.096 604.342 431.957
47900000 -73.8289 652.076 299.259 578.247 433.437
48000000 -37.468 652.514 299.46 615.046 435.196
48100000 -66.7376 652.42 299.416 585.682 435.611
48200000 -56.9115 657.754 301.864 600.843 434.217
48300000 -66.9897 658.48 302.198 591.491 432.657
48400000 -96.71 654.052 300.165 557.342 432.212
48500000 -117.062 663.367 304.44 546.305 432.957
48600000 -98.5467 659.636 302.728 561.089 434.581
48700000 -135.036 652.18 299.306 517.144 436.518
48800000 -121.325 659.605 302.714 538.279 436.491
48900000 -94.9705 661.439 303.555 566.468 435.46
49000000 -63.4367 653.26 299.802 589.823 435.438
49100000 -63.0816 645.927 296.437 582.845 436.221
49200000 -68.8333 658.638 302.27 589.804 437.339
49300000 -68.7476 652.253 299.34 583.505 436.988
49400000 -81.9269 663.291 304.405 581.364 437.84
49500000 -96.7218 659.948 302.871 563.226 438.68
49600000 -107.241 667.839 306.493 560.598 439.111
49700000 -96.5691 646.76 296.819 550.191 439.872
49800000 -94.544 658.289 302.11 563.745 441.912
49900000 -67.1448 657.361 301.684 590.216 442.326
50000000 -71.9891 655.897 301.012 583.908 443.098
50100000 -74.8667 650.139 298.37 575.273 443.41
50200000 -120.205 645.111 296.062 524.906 443.825
50300000 -138.902 650.253 298.422 511.351 443.937
50400000 -114.408 650.745 298.648 536.338 445.671
50500000 -72.9596 646.782 296.829 573.822 446.772
50600000 -38.6397 656.428 301.256 617.789 448.461
50700000 -94.1354 655.694 300.919 561.559 451.321
50800000 -70.1366 659.122 302.492 588.985 450.373
50900000 -50.219 659.132 302.497 608.913 449.611
51000000 -50.2905 652.548 299.475 602.257 449.034
51100000 -87.7219 653.291 299.816 565.569 449.539
51200000 -87.3365 649.555 298.102 562.219 449.874
51300000 -98.3376 655.089 300.641 556.751 449.243
51400000 -84.9878 660.221 302.997 575.234 448.919
51500000 -71.6182 659.526 302.677 587.907 448.193
51600000 -81.7632 643.472 295.31 561.709 446.714
51700000 -23.6306 652.466 299.438 628.836 446.076
51800000 -23.7309 651.899 299.177 628.168 446.551
51900000 -90.3818 655.917 301.021 565.535 449.038
52000000 -51.6189 644.026 295.564 592.407 449.22
52100000 -77.7544 649.655 298.148 571.901 449.931
52200000 -83.0983 664.202 304.824 581.104 449.95
52300000 -93.0415 658.514 302.213 565.472 449.375
52400000 -35.7839 646.802 296.838 611.018 450.156
52500000 -51.4206 653.528 299.925 602.108 451.901
52600000 -39.7192 661.377 303.527 621.658 453.139
52700000 -60.7723 665.601 305.466 604.829 454.807
52800000 -48.0053 655.757 300.948 607.752 455.974
52900000 -55.8056 659.48 302.656 603.674 457.486
53000000 -80.7608 642.915 295.054 562.154 460.131
53100000 -44.7271 653.467 299.897 608.74 459.182
53200000 -73.1743 647.077 296.964 573.902 459.229
53300000 -86.3969 648.054 297.413 561.657 460.293
53400000 -87.0667 655.462 300.813 568.395 461.769
53500000 -98.0337 645.4 296.195 547.366 461.525
53600000 -110.733 660.071 302.928 549.338 461.2
53700000 -79.3938 645.658 296.313 566.265 460.531
53800000 -70.64 661.112 303.405 590.472 461.067
53900000 -50.0291 655.631 300.89 605.602 462.305
54000000 -93.567 649.081 297.884 555.514 464.461
54100000 -81.2536 657.11 301.569 575.857 465.398
54200000 -90.7783 653.832 300.064 563.054 466.323
54300000 -89.8391 649.208 297.942 559.369 466.817
54400000 -43.6857 662.793 304.177 619.107 467.704
54500000 -41.4113 650.725 298.639 609.314 468.714
54600000 -57.8475 657.677 301.829 599.83 469.652
54700000 -46.8115 660.614 303.177 613.802 470.302
54800000 -81.0737 651.956 299.203 570.882 471.474
54900000 -66.2261 646.843 296.857 580.617 471.834
55000000 -76.2578 662.196 303.903 585.938 471.285
55100000 -97.6968 641.086 294.215 543.389 471.91
55200000 -106.173 653.1 299.728 546.927 472.186
55300000 -136.512 651.074 298.798 514.561 473.652
55400000 -148.362 655.592 300.872 507.23 474.766
55500000 -93.9917 648.218 297.488 554.227 475.586
55600000 -62.2984 656.121 301.115 593.823 478.137
55700000 -71.5844 651.522 299.004 579.937 479.408
55800000 -69.5576 658.29 302.11 588.733 480.766
55900000 -77.8648 647.839 297.314 569.974 481.133
56000000 -66.3485 665.036 305.206 598.687 481.376
56100000 -92.8244 646.882 296.875 554.057 483.039
56200000 -97.8125 649.116 297.9 551.304 483.24
56300000 -104.672 654.77 300.495 550.098 484.17
56400000 -122.699 656.099 301.105 533.4 484.613
56500000 -88.0066 649.801 298.215 561.795 485.524
56600000 -57.7936 645.797 296.377 588.003 486.115
56700000 -96.6075 661.27 303.478 564.663 485.865
56800000 -85.846 638.956 293.237 553.11 484.72
56900000 -101.635 645.769 296.364 544.134 484.731
57000000 -93.488 641.402 294.36 547.914 483.037
57100000 -60.9536 649.856 298.24 588.903 484.216
57200000 -29.6781 638.057 292.825 608.379 486.232
57300000 -57.513 651.579 299.031 594.066 487.693
57400000 -67.5323 659.519 302.675 591.987 487.759
57500000 -46.2612 652.73 299.559 606.469 488.179
57600000 -69.6591 657.797 301.884 588.138 488.246
57700000 -85.9447 662.631 304.103 576.687 489.53
57800000 -39.9564 642.169 294.712 602.212 490.631
57900000 -64.2653 659.235 302.544 594.969 490.011
58000000 -98.7127 654.261 300.261 555.549 488.757
58100000 -84.7602 658.166 302.054 573.406 489.657
58200000 -56.7607 643.187 295.179 586.427 490.092
58300000 -84.4989 658.815 302.351 574.316 489.94
58400000 -88.4948 653.559 299.939 565.064 490.565
58500000 -94.3097 655.491 300.826 561.181 491.556
58600000 -93.9446 654.228 300.246 560.283 492.093
58700000 -99.0313 650.922 298.729 551.89 491.602
58800000 -63.3999 652.131 299.284 588.732 492.7
58900000 -63.0884 649.566 298.106 586.477 493.027
59000000 -86.7676 648.152 297.458 561.384 492.953
59100000 -44.2182 655.193 300.689 610.975 492.993
59200000 -64.1527 657.246 301.631 593.093 492.519
59300000 -82.8261 659.914 302.856 577.088 491.965
59400000 -58.2639 662.224 303.916 603.96 492.11
59500000 -53.0541 656.363 301.226 603.309 492.416
59600000 -64.3725 646.547 296.721 582.174 491.54
59700000 -51.7927 661.127 303.412 609.334 491.43
59800000 -52.8031 657.668 301.825 604.865 492.782
59900000 -83.3419 654.248 300.255 570.906 493.545
60000000 -73.494 661.571 303.616 588.077 495.896
60100000 -62.517 645.422 296.205 582.905 496.175
60200000 -44.1325 658.163 302.052 614.031 495.551
60300000 -36.4397 655.19 300.687 618.75 496.656
60400000 -69.9987 654.129 300.201 584.13 497.359
60500000 -92.48 643.019 295.102 550.539 496.435
60600000 -74.1572 647.26 297.048 573.103 498.393
60700000 -59.3765 654.084 300.18 594.707 499.565
60800000 -93.4998 650.832 298.687 557.332 499.725
60900000 -88.7595 648.657 297.69 559.898 501.672
61000000 -68.3095 656.948 301.494 588.638 502.644
61100000 -105.874 653.482 299.904 547.608 501.401
61200000 -135.342 655.957 301.04 520.615 501.565
61300000 -83.04 657.484 301.741 574.444 501.249
61400000 -87.4417 652.068 299.255 564.626 502.935
61500000 -109.462 656.017 301.067 546.555 501.175
61600000 -85.5088 650.422 298.5 564.913 501.734
61700000 -59.7602 657.272 301.643 597.512 502.807
61800000 -84.0901 641.247 294.289 557.157 504.395
61900000 -108.546 630.93 289.554 522.384 504.56
62000000 -73.4434 642.092 294.677 568.649 503.735
62100000 -88.1815 657.749 301.862 569.567 504.208
62200000 -72.3583 658.912 302.396 586.554 504.368
62300000 -80.0925 655.84 300.986 575.748 503.177
62400000 -76.0922 655.873 301.001 579.781 503.699
62500000 -71.6188 649.101 297.893 577.482 503.276
62600000 -91.9059 650.387 298.483 558.481 503.75
62700000 -97.9139 655.916 301.021 558.002 504.303
62800000 -99.1941 647.948 297.364 548.754 504.672
62900000 -89.1851 652.87 299.623 563.685 504.653
63000000 -57.7236 645.54 296.259 587.816 505.699
63100000 -78.8588 656.852 301.45 577.993 506.715
63200000 -59.4029 662.56 304.07 603.157 507.891
63300000 -78.6468 656.334 301.213 577.687 508.337
63400000 -71.1198 655.29 300.733 584.17 508.618
63500000 -76.3875 652.289 299.356 575.902 508.717
63600000 -68.8029 648.403 297.573 579.6 508.794
63700000 -73.0197 651.603 299.041 578.583 508.837
63800000 -89.1511 657.078 301.554 567.927 509.51
63900000 -88.6131 654.587 300.411 565.974 510.129
64000000 -58.1472 645.006 296.014 586.859 508.81
64100000 -44.7193 650.467 298.52 605.747 509.012
64200000 -94.3922 650.981 298.756 556.589 509.997
64300000 -109.177 654.264 300.263 545.087 510.108
64400000 -105.994 656.332 301.212 550.338 509.056
64500000 -105.151 658.476 302.196 553.325 510.208
64600000 -77.8614 663.959 304.712 586.098 511.316
64700000 -63.6435 670.581 307.751 606.937 510.766
64800000 -80.8982 643.033 295.108 562.134 510.257
64900000 -46.6484 651.924 299.189 605.276 511.127
65000000 -36.8569 659.052 302.46 622.195 510.679
65100000 -89.4688 648.003 297.389 558.535 511.778
65200000 -84.1285 657.84 301.904 573.712 511.502
65300000 -92.8625 657.921 301.941 565.059 513.232
65400000 -124.043 650.841 298.692 526.798 513.845
65500000 -118.486 648.999 297.847 530.513 514.222
65600000 -122.213 651.423 298.959 529.211 514.305
65700000 -124.53 651.619 299.049 527.089 512.754
65800000 -132.46 648.566 297.648 516.105 510.721
65900000 -128.684 645.047 296.033 516.363 509.132
66000000 -89.7694 657.378 301.692 567.609 510.681
66100000 -89.3413 649.605 298.125 560.264 511.273
66200000 -50.7453 653.2 299.774 602.454 511.208
66300000 -78.2842 654.252 300.257 575.967 511.216
66400000 -71.6649 660.921 303.318 589.256 511.293
66500000 -68.0017 647.922 297.352 579.92 510.015
66600000 -88.4641 645.686 296.326 557.221 510.188
66700000 -85.392 646.061 296.498 560.669 511.756
66800000 -78.7719 642.799 295.001 564.027 512.121
66900000 -86.3214 651.998 299.223 565.677 511.898
67000000 -63.2536 649.843 298.234 586.59 512.355
67100000 -67.4852 642.048 294.656 574.562 512.199
67200000 -45.0001 654.996 300.599 609.996 512.607
67300000 -67.9912 652.877 299.626 584.885 513.042
67400000 -77.0896 651.736 299.102 574.646 513.312
67500000 -63.7322 650.881 298.71 587.149 513.571
67600000 -60.5058 649.466 298.061 588.961 513.241
67700000 -39.7513 661.628 303.642 621.877 515.799
67800000 -91.6564 653.944 300.116 562.287 517.055
67900000 -66.8971 641.155 294.247 574.258 516.598
68000000 -63.8888 663.09 304.313 599.201 516.587
68100000 -82.5684 657.817 301.893 575.248 517.699
68200000 -103.457 665.547 305.441 562.09 516.35
68300000 -88.5954 653.659 299.985 565.063 514.968
68400000 -101.431 658.26 302.097 556.829 514.494
68500000 -84.2791 649.854 298.239 565.575 513.277
68600000 -91.2125 659.641 302.731 568.429 513.531
68700000 -112.079 662.039 303.831 549.96 514.339
68800000 -107.957 644.699 295.873 536.742 514.426
68900000 -92.3827 644.442 295.755 552.059 513.912
69000000 -91.5803 658.135 302.039 566.554 512.851
69100000 -56.6041 668.05 306.589 611.446 513.872
69200000 -63.2302 663.339 304.428 600.109 513.147
69300000 -53.6301 647.002 296.93 593.372 514.245
69400000 -98.8521 652.566 299.483 553.714 516.615
69500000 -96.9343 653.396 299.864 556.462 516.853
69600000 -93.3385 663.095 304.316 569.757 515.759
69700000 -86.1987 663.222 304.374 577.023 514.119
69800000 -77.7888 657.52 301.757 579.732 515.225
69900000 -114.8 652.966 299.667 538.166 517.127
70000000 -100.802 656.484 301.282 555.682 518.15
70100000 -67.3428 651.201 298.857 583.858 517.334
70200000 -112.196 657.169 301.596 544.973 516.753
70300000 -125.96 661.39 303.533 535.429 517.265
70400000 -128.756 651.284 298.895 522.528 518.212
70500000 -135.287 649.092 297.889 513.805 519.921
70600000 -121.833 654.286 300.273 532.454 521.486
70700000 -99.1704 649.532 298.091 550.362 522.636
70800000 -123.299 644.142 295.618 520.844 521.952
70900000 -121.75 646.992 296.925 525.242 522.143
71000000 -97.0865 651.829 299.145 554.742 522.915
71100000 -69.3671 657.625 301.805 588.258 524.484
71200000 -69.804 653.39 299.861 583.586 524.38
71300000 -78.7133 653.964 300.125 575.251 524.335
71400000 -82.9805 650.138 298.369 567.158 523.777
71500000 -75.2753 646.642 296.765 571.367 522.303
71600000 -77.1232 648.108 297.437 570.984 522.098
71700000 -77.1204 656.126 301.117 579.006 522.254
71800000 -106.274 656.541 301.308 550.267 522.944
71900000 -70.2601 655.211 300.697 584.951 522.819
72000000 -60.79 649.093 297.89 588.303 523.8
72100000 -59.6174 666.169 305.726 606.552 525.833
72200000 -66.2118 654.085 300.18 587.873 526.302
72300000 -108.101 653.146 299.75 545.046 525.822
72400000 -131.139 657.303 301.657 526.163 525.602
72500000 -93.0079 651.161 298.838 558.153 526.328
72600000 -126.967 643.456 295.303 516.489 526.973
72700000 -142.126 655.937 301.03 513.811 528.312
72800000 -137.414 657.941 301.95 520.527 527.944
72900000 -129.163 657.206 301.613 528.043 528.917
73000000 -69.3073 648.974 297.835 579.667 530.318
73100000 -30.9767 648.746 297.73 617.77 529.862
73200000 -36.4362 652.905 299.639 616.468 529.497
73300000 -60.7718 654.293 300.276 593.521 527.855
73400000 -112.218 656.459 301.27 544.241 528.758
73500000 -119.682 656.774 301.415 537.092 529.04
73600000 -117.987 654.696 300.461 536.708 529.621
73700000 -126.278 658.501 302.207 532.223 531.161
73800000 -110.892 648.354 297.55 537.462 530.44
73900000 -70.7333 654.024 300.153 583.291 531.414
74000000 -55.9173 651.605 299.042 595.688 531.712
74100000 -73.8062 654.62 300.426 580.813 531.958
74200000 -85.4049 652.738 299.562 567.333 531.041
74300000 -101.456 652.937 299.654 551.481 530.523
74400000 -72.2987 658.324 302.126 586.025 531.154
74500000 -55.3249 655.914 301.02 600.589 530.941
74600000 -59.9845 652.503 299.455 592.519 529.612
74700000 -69.7994 650.564 298.565 580.764 529.954
74800000 -119.347 647.171 297.008 527.824 530.165
74900000 -111.319 651.877 299.167 540.558 530.339
75000000 -89.71 656.742 301.4 567.032 530.753
75100000 -57.245 663.406 304.458 606.161 531.712
75200000 -63.4471 657.879 301.922 594.432 532.87
75300000 -62.5298 650.832 298.688 588.302 535.19
75400000 -74.1096 658.241 302.088 584.131 533.775
75500000 -93.8042 657.531 301.762 563.727 533.853
75600000 -81.9899 641.89 294.584 559.9 533.566
75700000 -53.5955 655.328 300.751 601.732 534.671
75800000 -28.3641 652.921 299.646 624.557 538.358
75900000 -62.5456 664.111 304.782 601.565 539.174
76000000 -43.0219 650.933 298.734 607.911 538.433
76100000 -67.6727 655.247 300.714 587.575 539.037
76200000 -50.2444 663.211 304.369 612.967 540.431
76300000 -51.7337 649.804 298.216 598.07 539.897
76400000 -74.5924 661.927 303.779 587.334 539.654
76500000 -77.573 653.752 300.028 576.179 539.656
76600000 -66.4389 650.861 298.701 584.422 538.996
76700000 -75.1095 664.671 305.039 589.562 539.459
76800000 -108.692 658.649 302.275 549.958 540.508
76900000 -113.592 654.771 300.495 541.179 538.741
77000000 -130.068 658.249 302.092 528.181 537.464
77100000 -93.5284 651.135 298.826 557.606 536.889
77200000 -84.219 665.502 305.42 581.283 536.631
77300000 -77.5276 649.222 297.949 571.695 537.033
77400000 -84.7963 654.048 300.164 569.252 535.09
77500000 -87.6989 652.451 299.431 564.752 534.878
77600000 -76.7221 662.419 304.005 585.696 534.821
77700000 -33.744 665.128 305.248 631.383 533.324
77800000 -51.9 658.634 302.268 606.734 534.744
77900000 -53.029 654.694 300.46 601.665 535.845
78000000 -61.6636 654.54 300.389 592.877 535.259
78100000 -85.4857 653.691 300 568.206 536.526
78200000 -70.4652 658.826 302.356 588.361 538.415
78300000 -43.5961 656.145 301.126 612.549 540.196
78400000 -73.3499 646.883 296.875 573.533 540.448
78500000 -91.8428 664.119 304.786 572.276 541.876
78600000 -71.7857 641.911 294.593 570.125 542.509
78700000 -79.5273 650.92 298.728 571.393 544.332
78800000 -43.1982 649.599 298.122 606.401 545.817
78900000 -82.0677 653.752 300.028 571.685 545.16
79000000 -47.9794 648.69 297.705 600.711 546.746
79100000 -77.872 653.474 299.9 575.602 545.804
79200000 -79.5388 659.236 302.545 579.697 546.304
79300000 -81.8087 652.138 299.287 570.329 546.804
79400000 -104.439 653.331 299.835 548.892 548.537
79500000 -91.5533 641.202 294.268 549.649 549.856
79600000 -74.738 657.618 301.802 582.88 551.083
79700000 -87.9493 660.76 303.244 572.81 551.647
79800000 -67.4322 646.327 296.62 578.895 551.496
79900000 -106.636 649.309 297.989 542.673 553.889
80000000 -102.488 663.165 304.348 560.677 553.1
80100000 -82.2458 653.423 299.877 571.177 552.259
80200000 -91.3876 652.701 299.545 561.314 553.166
80300000 -66.5585 647.866 297.326 581.307 554.774
80400000 -79.8264 654.903 300.556 575.077 555.748
80500000 -97.6242 657.752 301.863 560.128 555.37
80600000 -98.2366 653.718 300.012 555.482 554.826
80700000 -83.4299 653.381 299.857 569.951 555.581
80800000 -32.6284 655.179 300.683 622.551 556.926
80900000 -48.9668 646.228 296.575 597.261 556.958
81000000 -59.0457 650.753 298.652 591.708 557.115
81100000 -65.1597 653.999 300.141 588.839 556.862
81200000 -49.3558 658.211 302.074 608.855 557.051
81300000 -43.8874 657.665 301.823 613.777 557.422
81400000 -70.1935 653.066 299.713 582.872 558.748
81500000 -71.625 660.895 303.306 589.27 557.528
81600000 -92.109 661.571 303.616 569.462 557.645
81700000 -93.3992 645.666 296.317 552.267 558.529
81800000 -142.206 645.577 296.276 503.372 558.996
81900000 -115.909 654.341 300.298 538.433 559.279
82000000 -39.5487 648.001 297.388 608.452 559.453
82100000 -59.2218 667.18 306.19 607.959 558.99
82200000 -89.5532 657.419 301.71 567.865 559.945
82300000 -95.106 652.884 299.629 557.778 560.372
82400000 -72.9505 657.363 301.685 584.413 560.388
82500000 -56.7809 658.977 302.425 602.196 559.671
82600000 -69.7426 660.505 303.127 590.762 560.177
82700000 -74.7865 649.219 297.947 574.432 561.041
82800000 -57.1783 655.473 300.818 598.295 561.08
82900000 -86.4521 652.231 299.33 565.779 562.021
83000000 -63.9114 650.285 298.437 586.373 560.567
83100000 -33.118 650.698 298.626 617.579 559.382
83200000 -78.4305 653.316 299.828 574.886 559.105
83300000 -104.711 655.597 300.875 550.887 558.602
83400000 -118.671 658.085 302.016 539.414 557.584
83500000 -93.8574 644.054 295.577 550.196 558.527
83600000 -90.862 646.368 296.639 555.506 559.475
83700000 -78.0437 656.046 301.081 578.002 560.521
83800000 -41.7838 657.046 301.54 615.263 560.304
83900000 -88.191 652.746 299.566 564.555 559.144
84000000 -101.635 649.074 297.881 547.438 559.762
84100000 -117.966 654.758 300.489 536.793 559.696
84200000 -106.318 649.019 297.856 542.702 559.822
84300000 -106.266 652.724 299.556 546.458 559.586
84400000 -126.034 654.36 300.307 528.327 559.669
84500000 -94.8904 654.076 300.176 559.185 559.601
84600000 -90.3624 645.07 296.043 554.708 560.228
84700000 -102.869 662.127 303.871 559.258 561.861
84800000 -102.489 663.253 304.388 560.764 564.114
84900000 -110.588 651.733 299.101 541.144 565.799
85000000 -65.3027 659.708 302.761 594.405 566.835
85100000 -97.9252 655.134 300.662 557.209 566.187
85200000 -88.7571 650.757 298.653 562 566.513
85300000 -52.6098 657.717 301.847 605.107 566.12
85400000 -91.9596 641.481 294.396 549.521 565.485
85500000 -101.828 650.172 298.385 548.345 567.308
85600000 -108.642 655.014 300.607 546.372 567.322
85700000 -83.3406 653.319 299.829 569.978 564.929
85800000 -78.8333 645.777 296.368 566.944 565.449
85900000 -70.3465 663.413 304.461 593.066 564.592
86000000 -78.6265 652.813 299.597 574.186 564.888
86100000 -93.9243 658.817 302.352 564.893 565.096
86200000 -60.3655 650.128 298.364 589.762 566.103
86300000 -78.3544 642.282 294.764 563.928 565.766
86400000 -82.0177 648.78 297.746 566.763 565.853
86500000 -91.5347 649.089 297.888 557.555 565.202
86600000 -81.6509 654.219 300.242 572.568 566.072
86700000 -110.644 651.636 299.056 540.992 569.161
86800000 -105.033 646.745 296.812 541.712 569.797
86900000 -107.02 652.306 299.364 545.286 571.197
87000000 -119.626 652.751 299.568 533.125 570.703
87100000 -126.753 656.897 301.471 530.143 569.692
87200000 -102.638 650.501 298.535 547.863 568.992
87300000 -69.2807 656.524 301.3 587.244 568.573
87400000 -55.0514 666.56 305.906 611.509 568.436
87500000 -95.2498 651.055 298.79 555.805 567.98
87600000 -116.166 647.711 297.255 531.545 567.478
87700000 -115.293 655.361 300.766 540.068 567.446
87800000 -75.3804 653.131 299.742 577.75 568.11
87900000 -71.8306 654.551 300.394 582.72 570.067
88000000 -91.3871 663.966 304.715 572.579 570.742
88100000 -74.0577 647.247 297.042 573.189 570.029
88200000 -107.53 662.068 303.844 554.537 569.714
88300000 -108.231 651.328 298.915 543.097 569.527
88400000 -98.4948 643.725 295.426 545.23 569.408
88500000 -115.469 648.244 297.5 532.774 569.475
88600000 -80.5875 651.268 298.888 570.681 568.716
88700000 -97.2888 653.08 299.719 555.791 568.338
88800000 -77.1952 657.243 301.63 580.048 568.901
88900000 -49.6849 655.234 300.708 605.549 568.229
89000000 -50.5892 658.029 301.991 607.44 568.667
89100000 -115.114 651.208 298.86 536.094 567.041
89200000 -86.6422 654.339 300.297 567.697 566.251
89300000 -65.3882 649.342 298.004 583.953 566.203
89400000 -39.7338 652.236 299.332 612.502 567.286
89500000 -93.4966 658.551 302.23 565.054 566.187
89600000 -130.455 638.611 293.079 508.157 566.545
89700000 -119.142 644.146 295.619 525.004 568.605
89800000 -88.4501 643.774 295.448 555.324 568.744
89900000 -95.4917 652.766 299.575 557.274 568.812
90000000 -63.2691 662.164 303.888 598.895 568.397
90100000 -65.5735 658.129 302.037 592.556 568.762
90200000 -70.4567 647.682 297.242 577.226 569.985
90300000 -106.444 646.175 296.551 539.732 570.781
90400000 -111.85 656.695 301.378 544.845 571.306
90500000 -103.298 646.69 296.787 543.391 571.799
90600000 -64.9258 655.391 300.78 590.466 571.786
90700000 -75.3237 658.623 302.263 583.299 572.38
90800000 -84.7897 645.554 296.265 560.764 573.699
90900000 -121.485 650.474 298.523 528.989 573.904
91000000 -99.5121 650.007 298.309 550.495 574.68
91100000 -52.3727 666.009 305.653 613.637 573.994
91200000 -83.8421 651.555 299.02 567.713 573.975
91300000 -124.608 656.307 301.2 531.699 573.567
91400000 -81.3856 665.199 305.281 583.814 574.508
91500000 -78.2021 653.785 300.043 575.582 575.499
91600000 -106.834 643.114 295.145 536.28 576.351
91700000 -90.4171 650.762 298.656 560.345 577.27
91800000 -102.959 653.978 300.132 551.02 577.912
91900000 -115.648 662.294 303.948 546.647 579.761
92000000 -100.472 659.544 302.686 559.072 580.558
92100000 -50.2786 658.519 302.215 608.24 579.501
92200000 -70.9873 661.962 303.796 590.975 579.814
92300000 -73.5471 653.98 300.132 580.433 579.91
92400000 -84.0394 659.569 302.697 575.53 580.677
92500000 -57.6491 657.593 301.79 599.944 581.308
92600000 -62.6378 659.027 302.449 596.389 581.801
92700000 -53.7619 669.287 307.157 615.525 582.654
92800000 -44.9669 652.623 299.51 607.656 582.67
92900000 -63.5122 646.824 296.848 583.312 582.709
93000000 -106.174 661.928 303.78 555.754 583.346
93100000 -104.415 658.609 302.257 554.194 584.21
93200000 -71.6423 651.974 299.212 580.332 583.311
93300000 -51.9836 657.726 301.852 605.743 582.289
93400000 -22.2463 652.866 299.621 630.619 582.15
93500000 -32.3602 648.774 297.743 616.414 583.043
93600000 -78.0573 656.206 301.154 578.148 582.543
93700000 -105.474 644.131 295.613 538.658 581.751
93800000 -83.3835 655.09 300.642 571.706 581.815
93900000 -58.2091 648.188 297.474 589.979 582.571
94000000 -34.0791 659.154 302.507 625.075 580.94
94100000 -49.9719 650.559 298.562 600.587 579.471
94200000 -77.5802 658.96 302.418 581.38 580.059
94300000 -76.1717 642.541 294.883 566.37 579.002
94400000 -73.6813 645.603 296.288 571.922 579.149
94500000 -90.4235 663.004 304.274 572.581 580.832
94600000 -76.5073 652.048 299.245 575.54 582.605
94700000 -75.5229 670.398 307.667 594.875 583.083
94800000 -67.206 651.509 298.998 584.303 583.867
94900000 -50.306 658.723 302.309 608.417 584.674
95000000 -51.7366 645.211 296.108 593.475 583.366
95100000 -86.043 658.831 302.359 572.788 584.689
95200000 -61.2347 644.611 295.833 583.376 586.367
95300000 -81.3986 642.684 294.948 561.285 588.032
95400000 -72.285 647.689 297.245 575.404 589.985
95500000 -52.7486 655.211 300.697 602.462 589.454
95600000 -53.8524 654.722 300.473 600.869 590.121
95700000 -58.8683 642.774 294.989 583.906 591.106
95800000 -31.8596 654.303 300.281 622.443 592.633
95900000 -85.8801 637.867 292.737 551.986 593.472
96000000 -80.5839 661.788 303.716 581.204 595.12
96100000 -72.0349 654.88 300.545 582.845 595.833
96200000 -86.8605 651.318 298.911 564.458 596.112
96300000 -66.4347 647.663 297.233 581.229 596.084
96400000 -98.7859 653.876 300.085 555.09 595.573
96500000 -110.906 646.947 296.905 536.041 596.122
96600000 -108.144 651.446 298.969 543.301 597.378
96700000 -99.8349 671.053 307.968 571.218 598.758
96800000 -87.4766 654.955 300.58 567.478 598.164
96900000 -83.8184 656.575 301.323 572.756 599.509
97000000 -68.215 649.449 298.053 581.234 600.254
97100000 -85.0139 661.322 303.502 576.308 599.319
97200000 -82.3148 646.663 296.774 564.348 600.953
97300000 -61.1077 654.538 300.388 593.43 600.962
97400000 -42.8303 655.009 300.604 612.178 601.249
97500000 -76.5538 652.44 299.426 575.886 600.053
97600000 -101.654 648.603 297.664 546.948 599.474
97700000 -135.845 648.483 297.609 512.637 598.669
97800000 -80.416 655.644 300.896 575.228 597.346
97900000 -99.1548 657.842 301.905 558.688 597.141
98000000 -93.5095 651.098 298.81 557.589 597.736
98100000 -86.2426 651.986 299.217 565.744 598.001
98200000 -109.25 645.528 296.253 536.278 598.127
98300000 -90.9714 654.753 300.487 563.781 599.65
98400000 -45.8649 661.05 303.377 615.185 599.622
98500000 -60.5482 645.902 296.425 585.354 600.409
98600000 -44.6044 654.136 300.204 609.531 601.257
98700000 -94.5992 653.905 300.098 559.306 600.672
98800000 -108.105 650.64 298.599 542.534 600.791
98900000 -103.823 661.234 303.461 557.41 600.994
99000000 -106.235 659.875 302.838 553.64 601.325
99100000 -83.4783 655.873 301.001 572.395 601.385
99200000 -75.7831 658.283 302.107 582.5 601.376
99300000 -67.0033 632.025 290.057 565.022 600.804
99400000 -62.0815 652.864 299.62 590.782 600.539
99500000 -62.8474 651.614 299.047 588.767 601.42
99600000 -106.828 660.288 303.027 553.459 602.543
99700000 -47.6849 655.221 300.702 607.537 604.303
99800000 -36.9731 645.63 296.3 608.657 604.333
99900000 -63.1148 649.735 298.184 586.62 604.453
100000000 -75.7391 646.925 296.895 571.186 604.95
100100000 -89.4089 654.34 300.298 564.932 604.305
100200000 -78.8017 638.366 292.967 559.564 604.071
100300000 -76.8445 658.282 302.107 581.438 603.721
100400000 -79.1798 659.466 302.65 580.286 603.792
100500000 -70.7325 662.64 304.107 591.907 604.184
100600000 -64.3349 643.809 295.464 579.474 604.249
100700000 -69.6169 647.285 297.06 577.668 605.524
100800000 -51.8427 651.71 299.09 599.867 606.971
100900000 -41.5849 663.251 304.387 621.666 607.366
101000000 -78.0667 654.296 300.277 576.229 607.289
101100000 -69.4589 656.585 301.328 587.126 607.747
101200000 -123.885 646.88 296.874 522.995 608.408
101300000 -131.806 646.688 296.786 514.881 608.608
101400000 -131.315 656.458 301.27 525.143 610.162
101500000 -117.144 659.995 302.893 542.851 610.444
101600000 -91.809 655.677 300.911 563.868 610.203
101700000 -65.7079 654.79 300.504 589.082 609.194
101800000 -77.6574 650.533 298.551 572.876 609.778
101900000 -102.456 648.753 297.734 546.297 611.294
102000000 -95.181 653.708 300.008 558.527 612.534
102100000 -85.2856 660.254 303.012 574.969 613.364
102200000 -27.1914 658.056 302.003 630.864 614.498
102300000 -49.3762 659.642 302.731 610.265 615.332
102400000 -73.1945 654.543 300.391 581.349 616.443
102500000 -90.8459 658.292 302.111 567.446 617.032
102600000 -100.908 657.548 301.77 556.64 617.707
102700000 -75.5731 656.846 301.448 581.273 620.607
102800000 -86.3814 648.464 297.601 562.083 620.8
102900000 -75.1144 656.221 301.161 581.107 620.359
103000000 -81.7019 652.132 299.284 570.43 619.981
103100000 -74.9844 653.594 299.955 578.61 620.309
103200000 -89.5775 654.66 300.444 565.083 620.358
103300000 -110.154 648.801 297.756 538.648 621.04
103400000 -100.016 657.77 301.872 557.754 622.976
103500000 -75.2876 654.984 300.593 579.696 622.836
103600000 -32.6292 650.298 298.443 617.669 625.926
103700000 -75.4196 647.951 297.366 572.532 627.108
103800000 -89.0447 658.02 301.986 568.975 628.383
103900000 -108.459 657.922 301.942 549.464 628.263
104000000 -179.879 650.102 298.353 470.223 628.186
104100000 -115.966 654.323 300.29 538.357 630.018
104200000 -88.4994 651.927 299.19 563.427 631.086
104300000 -81.7554 654.46 300.353 572.705 630.561
104400000 -82.969 660.677 303.206 577.708 630.168
104500000 -146.212 662.449 304.019 516.236 629.847
104600000 -130.173 651.578 299.03 521.405 630.659
104700000 -92.1979 649.078 297.882 556.88 630.291
104800000 -89.5484 646.806 296.84 557.257 629.8
104900000 -62.1467 655.57 300.862 593.423 628.288
105000000 -21.7768 653.624 299.969 631.848 628.676
