# Time-averaged data for fix favg
# TimeStep v_vpe v_vke v_vT v_vE v_vRg
80100000 -330.698 852.433 277.375 521.735 343.839
80200000 -362.022 840.061 273.349 478.039 344.964
80300000 -335.729 860.762 280.085 525.033 346.209
80400000 -349.726 853.374 277.681 503.648 346.341
80500000 -368.58 837.596 272.547 469.017 345.582
80600000 -366.759 848.478 276.088 481.719 344.706
80700000 -339.594 833.672 271.27 494.078 345.014
80800000 -341.207 846.977 275.6 505.77 346.115
80900000 -323.231 843.741 274.547 520.509 348.098
81000000 -335.209 854.12 277.924 518.911 347.927
81100000 -326.87 830.679 270.296 503.81 347.31
81200000 -297.092 847.791 275.865 550.7 347.083
81300000 -310.728 843.972 274.622 533.245 346.348
81400000 -342.966 852.273 277.323 509.307 346.67
81500000 -359.07 836.656 272.241 477.586 347.204
81600000 -333.147 838.048 272.694 504.901 347.479
81700000 -377.394 845.61 275.155 468.216 347.595
81800000 -355.006 837.29 272.447 482.284 348.622
81900000 -372.032 848.463 276.083 476.431 349.776
82000000 -344.066 852.018 277.24 507.952 349.88
82100000 -342.252 843.292 274.401 501.04 349.74
82200000 -348.537 849.952 276.568 501.415 349.895
82300000 -347.761 850.667 276.8 502.906 349.99
82400000 -357.908 845.431 275.097 487.523 349.821
82500000 -385.184 844.842 274.905 459.659 349.248
82600000 -384.525 827.857 269.378 443.331 349.22
82700000 -361.239 852.767 277.484 491.528 349.285
82800000 -358.15 842.634 274.187 484.484 348.921
82900000 -318.553 843.812 274.57 525.259 348.875
83000000 -309.294 855.814 278.475 546.52 348.612
83100000 -315.647 846.302 275.38 530.655 348.746
83200000 -303.898 850.357 276.699 546.459 347.766
83300000 -294.798 853.298 277.657 558.501 348.446
83400000 -305.437 851.964 277.222 546.527 349.775
83500000 -326.223 853.054 277.577 526.831 349.992
83600000 -325.235 852.928 277.536 527.693 349.884
83700000 -353.659 853.434 277.701 499.775 350.386
83800000 -370.765 841.213 273.724 470.448 350.297
83900000 -372.093 857.458 279.01 485.365 350.044
84000000 -384.574 828.132 269.468 443.557 349.536
84100000 -363.787 850.337 276.693 486.55 349.801
84200000 -387.849 854.718 278.119 466.869 349.637
84300000 -370.111 836.451 272.174 466.34 349.223
84400000 -361.101 843.561 274.488 482.46 349.061
84500000 -341.414 846.348 275.395 504.934 350.073
84600000 -341.512 835.336 271.812 493.824 350.357
84700000 -350.608 853.128 277.601 502.52 350.525
84800000 -332.289 854.906 278.18 522.617 350.234
84900000 -354.335 841.052 273.672 486.717 350.359
85000000 -361.529 850.535 276.757 489.006 350.468
85100000 -352.366 843.302 274.404 490.936 350.66
85200000 -345.171 850.637 276.791 505.466 350.254
85300000 -309.151 833.508 271.217 524.357 350.454
85400000 -327.085 849.109 276.293 522.025 350.554
85500000 -361.851 853.549 277.738 491.698 349.38
85600000 -353.877 855.665 278.427 501.787 349.32
85700000 -350.701 853.809 277.823 503.107 350.505
85800000 -347.252 847.52 275.776 500.268 351.102
85900000 -356.557 850.787 276.84 494.23 349.959
86000000 -361.476 846.014 275.286 484.538 349.46
86100000 -337.104 838.902 272.972 501.797 350.34
86200000 -321.992 846.275 275.371 524.283 350.868
86300000 -358.823 841.067 273.676 482.244 350.898
86400000 -369.562 843.721 274.54 474.159 350.766
86500000 -348.215 844.092 274.661 495.877 351.197
86600000 -320.8 846.914 275.579 526.114 352.103
86700000 -292.324 855.928 278.512 563.604 352.369
86800000 -351.466 853.882 277.846 502.416 353.699
86900000 -331.367 855.499 278.372 524.131 353.487
87000000 -340.2 828.404 269.556 488.204 354.77
87100000 -325.007 828.43 269.565 503.422 355.342
87200000 -338.697 839.085 273.032 500.388 356.229
87300000 -366.791 852.646 277.444 485.855 356.42
87400000 -369.885 846.412 275.416 476.527 356.791
87500000 -380.334 839.494 273.165 459.16 356.552
87600000 -358.071 849.42 276.395 491.349 357.047
87700000 -347.849 842.418 274.116 494.569 356.531
87800000 -341.414 840.939 273.635 499.526 357.36
87900000 -322.631 852.437 277.376 529.805 358.753
88000000 -365.334 853.722 277.794 488.388 359.801
88100000 -334.194 853.323 277.665 519.13 360.745
88200000 -359.601 853.393 277.687 493.793 361.243
88300000 -362.075 842.906 274.275 480.831 361.748
88400000 -390.161 845.797 275.216 455.635 361.239
88500000 -364.92 843.451 274.452 478.531 361.507
88600000 -370.235 847.222 275.679 476.987 359.956
88700000 -418.688 837.091 272.383 418.403 359.549
88800000 -382.1 844.423 274.769 462.323 359.654
88900000 -378.295 843.27 274.393 464.975 359.905
89000000 -386.421 846.488 275.44 460.067 361.319
89100000 -399.326 852.34 277.345 453.014 362.012
89200000 -383.93 838.626 272.882 454.696 361.875
89300000 -379.087 852.695 277.46 473.609 361.503
89400000 -376.448 831.479 270.557 455.031 361.578
89500000 -359.386 852.721 277.469 493.335 361.628
89600000 -375.771 843.897 274.598 468.127 362.103
89700000 -352.8 851.264 276.995 498.465 361.073
89800000 -347.293 842.914 274.278 495.622 361.051
89900000 -354.671 851.607 277.106 496.936 361.115
90000000 -373.555 844.195 274.694 470.64 360.938
90100000 -335.904 856.299 278.633 520.395 361.703
90200000 -349.113 843.677 274.526 494.564 362.712
90300000 -349.329 846.931 275.585 497.602 363.257
90400000 -374.772 831.11 270.437 456.339 362.369
90500000 -368.89 859.817 279.778 490.927 362.146
90600000 -378.863 836.177 272.085 457.314 362.85
90700000 -342.634 845.364 275.075 502.73 362.282
90800000 -373.234 842.73 274.218 469.496 361.137
90900000 -382.676 832.497 270.888 449.82 361.811
91000000 -405.413 851.279 277 445.866 361.28
91100000 -387.801 850.73 276.821 462.929 361.832
91200000 -369.124 853.896 277.851 484.772 362.694
91300000 -396.312 841.783 273.909 445.47 363.784
91400000 -377.962 838.809 272.942 460.848 364.606
91500000 -374.482 842.615 274.18 468.132 364.149
91600000 -387.73 845.944 275.263 458.213 364.207
91700000 -362.219 837.432 272.494 475.213 365.06
91800000 -328.274 837.212 272.422 508.938 366.483
91900000 -364.914 848.791 276.19 483.877 366.403
92000000 -369.055 835.08 271.728 466.025 366.037
92100000 -360.678 843.779 274.559 483.1 366.032
92200000 -377.114 850.729 276.82 473.614 365.622
92300000 -369.847 832.065 270.747 462.218 364.544
92400000 -338.72 830.072 270.099 491.353 363.733
92500000 -335.903 836.294 272.124 500.391 363.521
92600000 -319.602 846.687 275.505 527.085 362.668
92700000 -312.314 848.038 275.945 535.724 363.987
92800000 -326.666 850.463 276.734 523.797 363.525
92900000 -319.128 846.401 275.412 527.273 364.101
93000000 -348.675 838.173 272.735 489.498 363.988
93100000 -359.097 849.721 276.493 490.624 363.33
93200000 -369.643 839.58 273.193 469.937 363.377
93300000 -349.655 850.145 276.63 500.49 363.563
93400000 -339.063 848.232 276.008 509.169 364.014
93500000 -393.463 841.534 273.828 448.071 364.398
93600000 -380.025 843.165 274.359 463.141 364.907
93700000 -354.997 837.8 272.614 482.803 364.678
93800000 -344.678 856.084 278.563 511.406 363.893
93900000 -347.575 843.951 274.615 496.376 363.864
94000000 -366.613 857.722 279.096 491.11 364.142
94100000 -349.74 842.604 274.177 492.863 364.174
94200000 -342.294 850.328 276.69 508.033 364.834
94300000 -365.523 836.156 272.079 470.633 366.698
94400000 -348.743 847.757 275.853 499.014 367.18
94500000 -363.627 851.556 277.09 487.929 367.973
94600000 -359.042 841.98 273.974 482.938 368.783
94700000 -344.915 851.038 276.921 506.123 368.752
94800000 -378.21 845.863 275.237 467.653 369.522
94900000 -378.81 850.74 276.824 471.931 369.226
95000000 -365.512 845.698 275.183 480.186 369.998
95100000 -332.025 841.52 273.824 509.495 369.557
95200000 -332.953 844.662 274.847 511.709 369.586
95300000 -347.087 842.704 274.209 495.617 368.496
95400000 -362.19 855.599 278.405 493.409 368.192
95500000 -388.407 856.181 278.595 467.774 369.13
95600000 -412.024 842.041 273.993 430.017 368.786
95700000 -411.83 848.211 276.001 436.381 369.241
95800000 -398.746 841.257 273.738 442.511 369.25
95900000 -359.795 847.969 275.922 488.173 368.084
96000000 -383.149 846.251 275.363 463.102 367.676
96100000 -413.585 858.583 279.376 444.998 367.524
96200000 -380.779 833.846 271.327 453.067 368.26
96300000 -336.216 831.46 270.55 495.243 367.634
96400000 -386.303 850.213 276.652 463.909 368.287
96500000 -381.695 840.826 273.598 459.132 369.598
96600000 -364.612 854.584 278.075 489.972 369.538
96700000 -373.94 842.8 274.24 468.86 370.135
96800000 -369.185 850.678 276.804 481.493 370.167
96900000 -395.335 839.956 273.315 444.621 370.816
97000000 -381.183 848.005 275.934 466.822 371.252
97100000 -391.756 836.627 272.232 444.871 371.377
97200000 -373.741 846.634 275.488 472.893 370.667
97300000 -330.063 845.658 275.171 515.596 369.84
97400000 -307 846.114 275.319 539.114 369.677
97500000 -330.251 852.523 277.404 522.271 370.811
97600000 -336.106 856.196 278.599 520.09 371.096
97700000 -326.112 848.817 276.198 522.706 371.423
97800000 -324.532 846.44 275.425 521.908 371.312
97900000 -353.453 849.373 276.379 495.92 371.611
98000000 -334.997 836.409 272.161 501.412 371.217
98100000 -338.257 855.98 278.529 517.723 371.622
98200000 -313.296 850.359 276.7 537.064 371.574
98300000 -309.433 845.687 275.18 536.254 372.054
98400000 -333.014 855.972 278.527 522.958 372.644
98500000 -347.068 851.445 277.053 504.377 373.54
98600000 -336.52 845.803 275.218 509.283 373.598
98700000 -328.852 868.467 282.592 539.615 374.197
98800000 -304.56 846.365 275.401 541.806 374.108
98900000 -291.83 834.226 271.451 542.396 373.858
99000000 -319.915 840.101 273.362 520.187 374.864
99100000 -340.325 844.202 274.697 503.877 375.878
99200000 -328.234 848.591 276.125 520.357 376.552
99300000 -351.902 851.841 277.182 499.939 376.939
99400000 -320.808 836.62 272.229 515.812 375.969
99500000 -337.232 844.963 274.944 507.731 376.019
99600000 -407.73 837.432 272.494 429.702 376.692
99700000 -349.132 836.238 272.105 487.106 376.304
99800000 -332.257 841.541 273.831 509.284 377.108
99900000 -350.17 845.012 274.96 494.843 375.982
100000000 -342.578 845.681 275.178 503.103 375.542
