# Time-averaged data for fix favg
# TimeStep v_vpe v_vke v_vT v_vE v_vRg
5100000 9.96591 922.3 300.109 932.266 124.527
5200000 1.23253 922.76 300.259 923.992 125.707
5300000 -30.3168 924.667 300.879 894.35 126.727
5400000 -22.857 917.076 298.409 894.219 126.843
5500000 9.3137 911.287 296.525 920.6 127.551
5600000 -4.58309 910.512 296.274 905.929 128.382
5700000 3.3037 903.599 294.024 906.902 130.18
5800000 46.4622 925.866 301.269 972.328 130.602
5900000 19.4445 930.712 302.846 950.156 132.969
6000000 35.1489 922.945 300.319 958.094 132.988
6100000 32.0382 911.706 296.662 943.744 133.634
6200000 39.5716 932.938 303.571 972.51 134.265
6300000 -0.0723981 922.382 300.136 922.31 135.882
6400000 -12.4862 928.438 302.106 915.951 135.908
6500000 -6.93203 927.052 301.655 920.12 136.41
6600000 -17.5706 928.591 302.156 911.02 136.961
6700000 -19.9931 914.343 297.52 894.349 136.634
6800000 26.5599 923.054 300.355 949.614 138.196
6900000 24.2476 919.518 299.204 943.766 138.86
7000000 48.2029 929.666 302.506 977.869 139.833
7100000 45.1422 920.591 299.553 965.733 141.195
7200000 49.8379 909.174 295.838 959.012 141.385
7300000 29.5239 910.277 296.197 939.801 140.525
7400000 5.15274 904.81 294.418 909.963 140.907
7500000 -17.6451 918.381 298.834 900.736 141.144
7600000 8.49193 918.284 298.802 926.776 142.031
7700000 47.4982 912.85 297.034 960.348 143.659
7800000 44.2651 923.054 300.355 967.319 144.809
7900000 30.122 920.182 299.42 950.304 145.227
8000000 40.3504 926.273 301.402 966.623 145.988
8100000 22.8767 910.937 296.412 933.814 147.376
8200000 31.821 927.074 301.663 958.895 148.286
8300000 -1.0145 915.176 297.791 914.162 148.79
8400000 -14.3302 927.768 301.888 913.438 150.186
8500000 -22.1497 938.007 305.22 915.857 151.533
8600000 -48.3558 908.98 295.775 860.624 152.172
8700000 -21.3712 915.623 297.937 894.252 153.051
8800000 -8.66805 923.807 300.6 915.139 154.887
8900000 3.99875 918.333 298.818 922.331 154.969
9000000 29.2644 920.252 299.443 949.517 156.369
9100000 18.3647 930.972 302.931 949.337 156.687
9200000 13.7506 928.775 302.216 942.525 157.534
9300000 -23.1699 926.148 301.361 902.979 157.743
9400000 -32.6299 912.312 296.859 879.682 158.942
9500000 -16.3617 920.279 299.452 903.918 159.272
9600000 1.98386 918.766 298.959 920.75 159.111
9700000 0.151415 922.377 300.134 922.529 158.51
9800000 -23.3658 909.847 296.057 886.481 160.061
9900000 25.2672 942.603 306.716 967.87 161.323
10000000 14.83 925.015 300.993 939.845 161.497
10100000 -7.87678 914.117 297.446 906.24 162.656
10200000 -32.9192 926.671 301.532 893.752 162.694
10300000 8.69618 914.237 297.485 922.933 164.383
10400000 26.775 924.897 300.954 951.671 164.054
10500000 29.7048 898.223 292.275 927.928 164.91
10600000 -3.44002 919.333 299.144 915.893 165.595
10700000 -1.5835 922.211 300.08 920.628 165.539
10800000 -5.11415 919.355 299.151 914.241 166.555
10900000 -0.704373 922.981 300.331 922.277 167.218
11000000 -8.76344 919.062 299.055 910.298 166.193
11100000 -14.5904 937.703 305.121 923.113 166.176
11200000 0.787925 923.793 300.595 924.581 166.368
11300000 8.45642 919.422 299.173 927.878 168.129
11400000 19.981 916.054 298.077 936.035 168.746
11500000 20.104 909.093 295.812 929.197 168.464
11600000 30.9266 930.813 302.879 961.739 169.538
11700000 -0.154065 916.579 298.248 916.425 169.913
11800000 10.4812 919.044 299.05 929.525 170.659
11900000 17.8744 907.248 295.211 925.122 170.795
12000000 36.503 920.169 299.416 956.672 170.634
12100000 50.4219 922.582 300.201 973.004 171.831
12200000 72.1239 919.277 299.125 991.401 173.403
12300000 65.6878 923.934 300.641 989.621 174.519
12400000 25.2841 928.118 302.002 953.403 174.589
12500000 22.2061 916.946 298.367 939.152 175.781
12600000 23.0927 912.91 297.054 936.003 175.998
12700000 5.15403 915.551 297.913 920.705 177.467
12800000 -23.0623 915.733 297.972 892.671 179.442
12900000 -42.2385 931.707 303.17 889.469 179.21
13000000 -45.7963 920.891 299.651 875.095 180.173
13100000 -48.322 914.534 297.582 866.212 180.686
13200000 -19.774 917.371 298.505 897.597 181.141
13300000 -31.0783 924.549 300.841 893.471 183.031
13400000 -24.0395 917.996 298.709 893.956 184.092
13500000 21.8831 923.574 300.524 945.457 185.054
13600000 14.6213 918.041 298.723 932.662 185.166
13700000 -6.49288 929.618 302.49 923.125 186.145
13800000 5.59477 915.848 298.01 921.443 187.483
13900000 -9.83641 914.678 297.629 904.842 189.107
14000000 6.82376 915.636 297.941 922.46 190.101
14100000 14.7149 926.046 301.328 940.761 191.333
14200000 23.514 910.357 296.223 933.871 191.924
14300000 13.7255 926.075 301.337 939.8 191.694
14400000 35.1414 915.817 298 950.958 193.832
14500000 45.0189 919.69 299.26 964.709 193.905
14600000 -22.5308 916.02 298.066 893.489 194.608
14700000 15.6113 908.626 295.66 924.237 194.99
14800000 27.2022 918.546 298.888 945.748 194.042
14900000 23.2294 912.1 296.79 935.329 195.152
15000000 22.2101 932.953 303.575 955.163 195.707
15100000 6.61159 924.535 300.836 931.146 196.079
15200000 31.8615 911.651 296.644 943.512 197.36
15300000 23.8242 909.104 295.815 932.928 197.444
15400000 -1.26277 912.837 297.03 911.574 197.839
15500000 -10.2141 928.874 302.248 918.66 199.128
15600000 -14.9136 910.545 296.284 895.631 200.071
15700000 -28.944 931.68 303.161 902.736 201.098
15800000 -9.07699 921.532 299.859 912.455 201.129
15900000 -16.5112 918.92 299.009 902.409 200.063
16000000 -21.3262 923.149 300.385 901.823 200.981
16100000 11.6961 931.531 303.113 943.227 202.18
16200000 18.7088 923.884 300.624 942.592 202.937
16300000 -15.3134 930.354 302.73 915.04 203.943
16400000 7.45798 924.461 300.812 931.919 205.251
16500000 -12.6639 913.503 297.247 900.839 204.98
16600000 19.3031 940.013 305.873 959.316 204.763
16700000 -3.23292 922.363 300.13 919.13 206.469
16800000 -21.5734 924.763 300.91 903.189 207.806
16900000 -21.4408 929.353 302.404 907.912 207.822
17000000 -22.0832 918.585 298.9 896.502 207.523
17100000 -13.2963 923.267 300.424 909.971 208.941
17200000 -17.6806 928.783 302.219 911.102 208.653
17300000 -23.0466 914.212 297.477 891.166 207.508
17400000 -18.4634 903.663 294.045 885.199 207.19
17500000 3.83009 927.294 301.734 931.124 207.646
17600000 -12.8257 922.199 300.076 909.374 210.32
17700000 -12.4413 920.155 299.411 907.714 211.779
17800000 -22.168 923.897 300.629 901.729 211.661
17900000 -0.865109 904.324 294.26 903.459 212.101
18000000 -1.82616 910.235 296.183 908.409 210.887
18100000 -14.1932 921.08 299.712 906.887 211.391
18200000 -18.9256 929.185 302.35 910.26 210.897
18300000 2.98711 928.345 302.076 931.333 209.985
18400000 25.6969 926.917 301.612 952.614 209.541
18500000 34.4348 931.919 303.239 966.354 210.06
18600000 74.4651 933.622 303.793 1008.09 209.786
18700000 -5.1935 913.225 297.156 908.031 210.308
18800000 12.2277 935.058 304.261 947.286 211.04
18900000 4.20768 912.847 297.033 917.055 211.679
19000000 11.9466 922.073 300.035 934.019 211.556
19100000 23.6654 921.467 299.838 945.132 212.017
19200000 29.9659 935.502 304.405 965.468 212.91
19300000 56.5486 917.259 298.469 973.807 214.287
19400000 18.6998 928.043 301.978 946.743 214.742
19500000 43.5864 934.33 304.024 977.917 215.813
19600000 38.7475 914.361 297.526 953.109 216.147
19700000 64.2299 912.502 296.921 976.732 216.68
19800000 68.0086 915.864 298.015 983.873 216.414
19900000 21.2835 909.191 295.843 930.474 215.645
20000000 20.6254 917.27 298.472 937.895 216.256
20100000 26.2309 917.877 298.67 944.108 217.561
20200000 12.5505 930.799 302.875 943.35 218.087
20300000 4.6822 925.174 301.044 929.856 218.644
20400000 -15.375 909.97 296.097 894.595 218.967
20500000 -17.7371 920.019 299.367 902.282 220.078
20600000 0.404549 914.433 297.549 914.838 220.574
20700000 -16.7606 920.958 299.672 904.197 221.223
20800000 30.9476 920.816 299.626 951.763 222.223
20900000 45.7521 928.474 302.118 974.226 222.408
21000000 50.4723 922.259 300.096 972.731 223.653
21100000 27.8655 919.62 299.237 947.486 223.902
21200000 35.8685 928.474 302.118 964.342 223.797
21300000 69.4926 922.081 300.038 991.573 224.85
21400000 30.0017 920.317 299.464 950.319 226.374
21500000 19.5527 914.652 297.621 934.205 227.108
21600000 -32.8821 914.026 297.417 881.144 227.977
21700000 -33.4529 925.68 301.209 892.227 228.371
21800000 -59.2018 910.699 296.334 851.497 228.387
21900000 -45.7637 933.413 303.725 887.649 227.585
22000000 -21.8674 930.885 302.902 909.017 228.408
22100000 33.9402 912.703 296.987 946.644 229.616
22200000 22.2357 930.44 302.758 952.676 230.356
22300000 26.7436 919.592 299.228 946.336 231.771
22400000 -10.6559 926.172 301.369 915.516 232.082
22500000 -12.2067 922.556 300.193 910.35 231.352
22600000 -17.2065 928 301.964 910.793 232.315
22700000 -7.51427 921.676 299.906 914.161 232.412
22800000 -37.3639 909.978 296.1 872.614 232.286
22900000 -36.5504 931.045 302.955 894.495 232.131
23000000 -3.13614 932.98 303.584 929.844 231.628
23100000 9.24279 915.009 297.737 924.252 231.924
23200000 12.5169 919.872 299.319 932.389 231.504
23300000 10.3613 926.804 301.575 937.166 231.241
23400000 -8.02573 912.83 297.028 904.805 232.009
23500000 -24.2235 923.83 300.607 899.606 232.202
23600000 40.3984 913.284 297.175 953.682 233.253
23700000 -5.21092 923.612 300.536 918.402 234.271
23800000 -2.77288 923.567 300.522 920.795 235.22
23900000 -19.0857 917.008 298.387 897.922 235.117
24000000 3.7326 919.899 299.328 923.631 235.143
24100000 -1.6891 919.76 299.283 918.071 235.078
24200000 24.1992 921.411 299.82 945.611 234.909
24300000 -22.8152 910.742 296.348 887.927 233.647
24400000 -33.8712 928.697 302.191 894.826 233.805
24500000 -19.1329 923.798 300.596 904.665 235.634
24600000 -6.42282 921.358 299.803 914.935 235.726
24700000 5.62538 924.064 300.683 929.689 236.385
24800000 20.7587 934.014 303.921 954.772 237.595
24900000 18.4979 913.684 297.306 932.182 237.87
25000000 10.6552 940.071 305.892 950.727 238.524
25100000 9.19867 916.514 298.226 925.712 238.861
25200000 8.09473 915.092 297.764 923.187 240.226
25300000 3.72204 943.729 307.082 947.451 242.125
25400000 16.9456 934.683 304.138 951.628 243.196
25500000 -1.95916 911.635 296.639 909.676 244.866
25600000 12.1366 925.187 301.049 937.324 244.621
25700000 34.4217 931.537 303.115 965.959 246.344
25800000 32.0797 919.121 299.075 951.201 246.431
25900000 32.252 923.574 300.524 955.826 246.901
26000000 26.2759 913.374 297.205 939.65 246.357
26100000 36.3044 918.286 298.803 954.59 246.315
26200000 4.18994 924.596 300.856 928.786 247.232
26300000 4.60423 911.839 296.705 916.444 248.172
26400000 37.8661 911.308 296.532 949.174 248.443
26500000 39.709 922.824 300.28 962.533 249.027
26600000 56.1896 922.293 300.107 978.483 250.696
26700000 41.7344 919.802 299.296 961.536 250.152
26800000 28.1326 920.539 299.536 948.671 249.191
26900000 3.1716 924.67 300.88 927.842 248.889
27000000 -3.96285 929.945 302.597 925.982 249.849
27100000 20.1394 920.897 299.653 941.037 251.464
27200000 -2.33971 920.527 299.532 918.187 252.021
27300000 -2.67441 920.64 299.569 917.966 253.3
27400000 12.5832 913.958 297.395 926.541 254.271
27500000 18.0836 911.233 296.508 929.316 254.52
27600000 2.09449 915.821 298.001 917.916 253.594
27700000 -9.20002 913.193 297.146 903.993 254.215
27800000 4.56549 929.471 302.442 934.036 255.656
27900000 13.0772 925.502 301.151 938.579 255.634
28000000 -2.39528 926.996 301.637 924.601 256.284
28100000 -0.982444 929.63 302.494 928.648 256.437
28200000 -6.08754 904.882 294.441 898.794 257.223
28300000 29.0494 916.721 298.294 945.77 259.174
28400000 28.4437 933.927 303.893 962.371 258.46
28500000 -15.0784 927.404 301.77 912.325 259.236
28600000 -7.89821 941.213 306.263 933.315 259.637
28700000 32.2 916.042 298.073 948.242 258.834
28800000 38.9295 918.43 298.85 957.36 259.837
28900000 29.5934 919.575 299.223 949.169 261.27
29000000 -1.77481 929.011 302.293 927.236 261.941
29100000 29.7396 926.098 301.345 955.837 263.064
29200000 68.5505 922.108 300.047 990.659 263.479
29300000 37.1659 930.61 302.813 967.776 263.705
29400000 3.10242 918.747 298.953 921.85 264.265
29500000 -1.13105 912.823 297.026 911.692 265.066
29600000 6.71237 923.159 300.389 929.871 265.84
29700000 -8.35722 926.779 301.567 918.422 265.714
29800000 -37.014 921.186 299.747 884.172 265.632
29900000 4.4429 908.019 295.462 912.462 265.756
30000000 5.98026 930.864 302.896 936.845 266.37
30100000 23.5018 912.875 297.042 936.376 267.087
30200000 10.6355 907.862 295.411 918.498 267.413
30300000 -15.0606 924.099 300.695 909.039 267.314
30400000 -20.6657 926.288 301.407 905.623 267.506
30500000 -18.4711 931.806 303.202 913.335 267.141
30600000 -25.8325 912.869 297.04 887.037 266.965
30700000 -21.0124 924.875 300.947 903.862 267.372
30800000 11.2399 908.531 295.629 919.771 266.536
30900000 9.31219 923.814 300.602 933.126 268.007
31000000 3.90209 925.58 301.176 929.482 270.038
31100000 4.0309 920.92 299.66 924.95 271.376
31200000 9.08283 910.437 296.249 919.52 271.923
31300000 -12.4007 921.817 299.952 909.416 273.07
31400000 13.954 918.69 298.934 932.644 273.377
31500000 31.8513 909.334 295.89 941.186 273.917
31600000 19.8303 927.619 301.84 947.449 275.33
31700000 29.8182 921.014 299.691 950.832 274.531
31800000 96.9714 925.588 301.179 1022.56 273.613
31900000 66.7925 914.446 297.553 981.238 273.693
32000000 74.7965 924.084 300.69 998.88 274.435
32100000 58.4385 911.495 296.593 969.934 274.379
32200000 35.6582 924.391 300.789 960.049 273.819
32300000 -11.6294 916.618 298.26 904.988 272.745
32400000 -9.17576 920.121 299.4 910.945 271.481
32500000 -16.7348 935.719 304.475 918.984 271.847
32600000 -13.1674 921.054 299.704 907.887 272.381
32700000 -2.41347 921.921 299.986 919.507 272.663
32800000 -22.2693 923.112 300.373 900.843 273.25
32900000 -7.68488 922.57 300.197 914.885 272.994
33000000 -1.88191 919.421 299.172 917.539 272.424
33100000 -0.1015 933.428 303.73 933.327 271.642
33200000 -26.1321 927.84 301.912 901.708 271.581
33300000 -8.96151 916.455 298.207 907.493 272.62
33400000 17.2361 914.717 297.642 931.953 272.466
33500000 3.31658 930.476 302.769 933.792 273.588
33600000 8.68667 917.411 298.518 926.098 274.642
33700000 -4.68036 905.843 294.754 901.163 275.687
33800000 -3.703 927.575 301.825 923.872 276.026
33900000 -53.603 911.771 296.683 858.168 276.001
34000000 -19.6657 915.383 297.859 895.718 276.332
34100000 -36.2222 919.682 299.257 883.46 277.635
34200000 -27.4296 923.491 300.497 896.061 278.111
34300000 -2.65823 922.023 300.019 919.365 276.859
34400000 13.6025 929.481 302.446 943.083 277.115
34500000 32.8803 926.496 301.475 959.377 276.59
34600000 38.656 913.726 297.319 952.382 276.785
34700000 7.43258 921.272 299.775 928.704 276.448
34800000 35.6164 923.136 300.381 958.752 277.97
34900000 38.9486 934.691 304.141 973.64 279.165
35000000 43.6869 911.42 296.569 955.107 279.555
35100000 5.27275 938.1 305.25 943.372 280.593
35200000 26.8916 927.12 301.678 954.012 281.832
35300000 -0.221929 915.957 298.045 915.735 281.653
35400000 -20.1546 925.519 301.157 905.365 281.998
35500000 -18.1036 935.599 304.437 917.496 282.069
35600000 6.40051 928.814 302.229 935.215 282.019
35700000 0.304692 918.288 298.804 918.592 280.484
35800000 1.86069 912.424 296.896 914.285 281.276
35900000 4.157 930.217 302.685 934.374 283.422
36000000 49.7679 916.417 298.195 966.185 283.562
36100000 16.161 916.02 298.066 932.181 284.211
36200000 45.3153 918.976 299.027 964.291 284.583
36300000 43.0898 919.363 299.154 962.453 285.822
36400000 24.3083 935.535 304.416 959.843 286.02
36500000 23.2808 936.04 304.58 959.321 285.919
36600000 18.4872 918.825 298.979 937.313 288.511
36700000 35.8811 933.112 303.627 968.993 288.909
36800000 53.6283 912.393 296.885 966.021 289.018
36900000 50.9649 916.672 298.278 967.637 288.845
37000000 58.1233 932.217 303.336 990.34 287.958
37100000 24.7832 913.322 297.188 938.105 287.627
37200000 54.535 929.933 302.593 984.468 287.731
37300000 31.4085 912.923 297.058 944.331 288.893
37400000 53.5131 924.698 300.889 978.211 290.144
37500000 49.712 925.957 301.299 975.669 291.753
37600000 44.6533 914.575 297.596 959.228 293.061
37700000 18.2902 921.273 299.775 939.563 293.12
37800000 12.4603 918.55 298.889 931.011 293.943
37900000 1.27991 920.848 299.637 922.128 294.419
38000000 28.47 915.976 298.051 944.446 294.202
38100000 13.388 907.004 295.132 920.392 294.935
38200000 41.9242 921.449 299.832 963.373 296.647
38300000 18.3647 920.362 299.479 938.727 296.202
38400000 38.1991 918.624 298.913 956.823 296.221
38500000 36.3205 922.93 300.314 959.25 297.642
38600000 20.8526 926.232 301.388 947.084 298.085
38700000 20.6557 919.3 299.133 939.956 298.716
38800000 -7.42627 907.179 295.189 899.753 300.101
38900000 -27.5588 927.888 301.927 900.329 300.951
39000000 -1.702 930.145 302.662 928.443 300.664
39100000 14.4178 924.409 300.795 938.827 301.808
39200000 44.3155 919.443 299.18 963.759 301.716
39300000 28.8256 932.587 303.457 961.413 301.462
39400000 22.2 931.214 303.01 953.414 301.464
39500000 66.0369 909.565 295.965 975.601 303.098
39600000 30.6153 903.288 293.923 933.903 303.935
39700000 2.52233 910.822 296.374 913.344 304.314
39800000 4.28886 933.723 303.826 938.012 305.548
39900000 -6.20046 927.292 301.734 921.092 306.162
40000000 -20.3766 913.028 297.092 892.652 305.928
40100000 26.9862 920.126 299.402 947.112 305.524
40200000 -1.77648 905.485 294.638 903.709 306.006
40300000 -14.7912 928.118 302.002 913.326 306.679
40400000 -21.8372 915.17 297.789 893.332 307.421
40500000 -13.4263 925.834 301.259 912.408 308.877
40600000 -0.723106 909.805 296.043 909.082 309.245
40700000 -3.51795 915.026 297.742 911.509 310.877
40800000 31.0241 925.645 301.198 956.669 310.026
40900000 -13.5107 921.462 299.837 907.952 310.335
41000000 -4.57927 918.697 298.937 914.118 310.22
41100000 -18.5712 916.42 298.196 897.848 310.066
41200000 -25.0933 918.513 298.877 893.42 310.683
41300000 0.525188 930.889 302.904 931.414 309.867
41400000 28.1884 932.161 303.318 960.35 309.486
41500000 -7.1433 932.919 303.564 925.775 309.602
41600000 21.6463 920.37 299.481 942.017 308.501
41700000 14.3388 918.106 298.744 932.444 308.677
41800000 11.4741 912.518 296.926 923.992 308.612
41900000 4.88459 921.638 299.894 926.522 308.764
42000000 0.368481 918.348 298.823 918.717 309.62
42100000 15.8372 918.892 299 934.73 309.811
42200000 28.4454 917.066 298.406 945.511 309.192
42300000 4.4388 920.396 299.49 924.835 309.24
42400000 2.00395 914.555 297.589 916.559 310.829
42500000 0.153572 904.716 294.388 904.87 311.225
42600000 0.63331 928.529 302.136 929.163 310.948
42700000 24.3432 915.945 298.041 940.289 310.06
42800000 18.7893 933.067 303.613 951.856 310.026
42900000 2.45696 908.168 295.511 910.625 310.053
43000000 -6.11039 913.926 297.384 907.815 310.007
43100000 44.1744 920.973 299.677 965.147 309.767
43200000 16.1759 918.896 299.001 935.072 309.482
43300000 19.59 918.233 298.786 937.823 309.975
43400000 13.7843 919.619 299.237 933.403 311.555
43500000 8.28071 922.029 300.021 930.31 313.224
43600000 -1.29238 926.804 301.575 925.511 314.675
43700000 5.33234 916.283 298.151 921.615 315.993
43800000 -2.87288 914.023 297.416 911.151 317.044
43900000 17.9022 923.046 300.352 940.949 317.095
44000000 32.2878 922.484 300.169 954.772 316.763
44100000 24.5502 924.333 300.771 948.883 316.472
44200000 5.78468 908.42 295.593 914.205 316.007
44300000 12.8748 923.279 300.428 936.154 315.532
44400000 33.4825 931.216 303.01 964.699 315.609
44500000 8.11908 928.577 302.152 936.696 315.267
44600000 37.0888 926.449 301.459 963.538 314.865
44700000 54.7862 931.013 302.944 985.799 314.929
44800000 43.7858 934.915 304.214 978.701 314.182
44900000 47.0336 924.137 300.707 971.171 315.436
45000000 19.2054 927.663 301.854 946.868 316.265
45100000 4.1485 926.114 301.35 930.263 318.081
45200000 19.1095 935.52 304.411 954.63 318.85
45300000 16.9958 914.125 297.449 931.12 318.54
45400000 46.5654 924.428 300.802 970.994 320.096
45500000 45.4963 915.881 298.02 961.377 320.204
45600000 34.031 916.394 298.187 950.425 320.466
45700000 30.8499 917.561 298.567 948.41 320.362
45800000 13.3819 929.095 302.32 942.476 319.631
45900000 12.8516 913.539 297.258 926.39 318.772
46000000 38.4051 924.215 300.732 962.62 318.193
46100000 16.1461 913.775 297.335 929.921 318.745
46200000 25.1789 929.096 302.321 954.275 318.951
46300000 1.66574 912.028 296.767 913.694 318.729
46400000 -8.55265 923.257 300.421 914.704 319.128
46500000 0.698648 915.797 297.993 916.495 319.331
46600000 -26.8736 917.731 298.622 890.857 320.22
46700000 -13.4421 921.228 299.76 907.786 321.024
46800000 2.55154 914.403 297.539 916.954 320.69
46900000 16.9612 922.403 300.143 939.364 320.745
47000000 14.2696 925.233 301.064 939.503 321.402
47100000 34.2292 913.679 297.304 947.909 320.956
47200000 34.2656 925.213 301.057 959.479 320.713
47300000 61.3005 925.071 301.011 986.371 322.236
47400000 61.3687 920.488 299.52 981.857 322.759
47500000 54.122 917.17 298.44 971.292 322.496
47600000 4.75879 925.497 301.149 930.256 323.22
47700000 -14.1151 918.102 298.743 903.986 323.019
47800000 -7.36471 931.37 303.06 924.005 324.371
47900000 -2.76552 908.257 295.54 905.491 324.141
48000000 32.1884 916.347 298.172 948.535 324.26
48100000 28.8141 918.129 298.752 946.943 323.757
48200000 20.7588 918.128 298.751 938.886 322.757
48300000 62.6469 933.42 303.727 996.067 323.505
48400000 17.7082 913.657 297.297 931.365 325.299
48500000 -7.94894 924.526 300.833 916.577 325.404
48600000 12.0876 924.415 300.797 936.502 326.016
48700000 3.43433 930.32 302.719 933.755 326.35
48800000 -4.62879 931.533 303.114 926.904 326.945
48900000 -6.37683 914.797 297.668 908.421 327.41
49000000 2.44497 932.019 303.272 934.464 326.296
49100000 40.9112 919.34 299.146 960.251 326.221
49200000 11.2621 927.613 301.838 938.876 325.813
49300000 8.55719 929.372 302.41 937.929 326.47
49400000 -9.53557 929.961 302.602 920.425 327.545
49500000 -18.4623 914.008 297.411 895.545 327.203
49600000 15.7869 936.554 304.747 952.341 326.23
49700000 2.22588 930.666 302.831 932.892 325.171
49800000 14.0603 911.828 296.701 925.888 324.825
49900000 10.7123 907.549 295.309 918.261 323.578
50000000 -16.6572 922.309 300.112 905.652 324.109
50100000 -25.5341 920.709 299.591 895.175 325.253
50200000 20.2348 916.262 298.145 936.497 325.164
50300000 -32.2161 916.103 298.093 883.887 325.108
50400000 22.2162 915.663 297.95 937.88 325.304
50500000 34.2435 923.018 300.343 957.261 324.52
50600000 30.6794 916.253 298.142 946.933 323.413
50700000 46.014 926.083 301.34 972.097 324.323
50800000 55.2737 924.109 300.698 979.382 323.956
50900000 34.76 919.836 299.307 954.596 323.644
51000000 55.0549 932.593 303.458 987.648 323.519
51100000 35.3266 917.43 298.525 952.757 324.679
51200000 27.7049 927.867 301.921 955.572 325.17
51300000 31.9538 923.44 300.48 955.394 325.637
51400000 43.57 914.491 297.568 958.061 326.426
51500000 23.5649 917.279 298.475 940.844 326.682
51600000 15.1047 920.089 299.39 935.194 327.439
51700000 30.2996 922.331 300.119 952.63 327.261
51800000 43.1905 922.957 300.323 966.148 326.317
51900000 47.0624 924.035 300.674 971.097 326.196
52000000 51.4879 923.847 300.613 975.335 327.169
52100000 33.2432 921.995 300.01 955.238 327.319
52200000 20.7758 924.415 300.797 945.191 328.362
52300000 -27.7999 924.238 300.74 896.438 329.107
52400000 41.4209 927.193 301.701 968.614 330.129
52500000 42.7873 923.168 300.392 965.955 330.567
52600000 67.6198 920.973 299.678 988.593 330.01
52700000 55.2828 932.367 303.385 987.65 330.493
52800000 55.7416 918.749 298.954 974.491 331.996
52900000 37.5985 923.818 300.603 961.416 331.728
53000000 60.56 920.238 299.438 980.798 329.954
53100000 58.1472 914.518 297.577 972.665 329.681
53200000 45.3262 928.285 302.057 973.611 330.805
53300000 28.4268 914.925 297.71 943.352 332.051
53400000 20.6063 911.043 296.446 931.649 332.959
53500000 46.8772 927.446 301.783 974.323 333.444
53600000 47.4115 914.587 297.599 961.998 334.784
53700000 16.0213 912.078 296.783 928.1 335.712
53800000 50.2487 926.385 301.438 976.634 335.361
53900000 4.47178 922.813 300.276 927.284 336.542
54000000 32.7379 921.301 299.784 954.039 336.327
54100000 10.2612 926.921 301.613 937.183 335.423
54200000 8.76451 910.01 296.11 918.774 334.765
54300000 23.6113 916.115 298.097 939.726 334.39
54400000 45.5169 912.911 297.054 958.427 333.554
54500000 15.0266 917.498 298.547 932.525 333.797
54600000 -2.0693 927.035 301.65 924.965 334.188
54700000 48.9616 933.733 303.829 982.694 333.796
54800000 84.2242 911.383 296.557 995.607 334.459
54900000 43.6609 931.065 302.961 974.726 334.499
55000000 23.0401 929.57 302.475 952.611 335.133
55100000 19.2281 921.228 299.76 940.456 336.499
55200000 43.7383 933.247 303.671 976.985 337.466
55300000 38.6135 930.244 302.694 968.857 339.527
55400000 60.204 918.311 298.811 978.515 339.477
55500000 14.6937 923.601 300.532 938.294 339.954
55600000 16.3092 929.836 302.561 946.146 340.602
55700000 -10.2527 926.454 301.461 916.201 341.365
55800000 43.0099 926.558 301.495 969.568 341.37
55900000 34.925 931.109 302.975 966.034 340.784
56000000 13.2818 924.941 300.969 938.223 340.243
56100000 -3.80771 923.286 300.43 919.478 340.544
56200000 20.0535 912.125 296.798 932.179 341.942
56300000 13.2313 933.898 303.883 947.129 341.598
56400000 25.6429 926.952 301.623 952.595 340.94
56500000 24.7785 927.42 301.775 952.199 340.831
56600000 30.8075 929.087 302.317 959.894 341.044
56700000 43.3194 920.326 299.467 963.646 341.409
56800000 5.03217 915.341 297.845 920.373 341.617
56900000 -3.90232 917.505 298.549 913.602 341.461
57000000 -29.3174 917.763 298.633 888.445 340.678
57100000 -10.7091 931.929 303.242 921.22 340.216
57200000 27.347 918.748 298.953 946.095 341.726
57300000 27.2715 919.799 299.295 947.071 341.454
57400000 49.1973 914.228 297.482 963.425 341.605
57500000 64.5835 914.575 297.595 979.158 342.361
57600000 10.4523 908.749 295.7 919.201 342.872
57700000 21.1017 919.052 299.052 940.153 343.414
57800000 19.0031 928.916 302.262 947.92 343.778
57900000 14.7664 926.033 301.324 940.8 343.842
58000000 12.645 929.462 302.44 942.107 344.614
58100000 -5.13885 915.557 297.915 910.418 345.041
58200000 2.77472 917.077 298.41 919.852 345.087
58300000 7.9646 920.877 299.646 928.841 345.755
58400000 -16.4805 926.988 301.635 910.508 345.691
58500000 -11.8589 933.555 303.771 921.696 345.948
58600000 -13.1706 916.145 298.106 902.974 346.674
58700000 -39.1867 922.286 300.105 883.099 346.952
58800000 -28.6919 910.183 296.166 881.491 347.034
58900000 -14.6239 918.581 298.899 903.957 347.817
59000000 8.63841 922.68 300.233 931.318 347.244
59100000 -24.4808 917.588 298.576 893.108 347.58
59200000 23.8223 927.907 301.934 951.729 348.737
59300000 36.9655 924.141 300.708 961.107 349.903
59400000 -0.196449 924.369 300.782 924.172 350.156
59500000 9.06097 898.233 292.278 907.294 351.525
59600000 17.9465 912.749 297.001 930.696 351.54
59700000 -6.1702 925.742 301.229 919.572 352.171
59800000 -19.4114 921.809 299.949 902.397 352.888
59900000 -28.9325 919.684 299.258 890.752 352.874
60000000 5.12102 917.593 298.578 922.714 352.749
60100000 -9.05419 921.078 299.712 912.024 352.456
60200000 28.7971 910.381 296.231 939.178 353.332
60300000 43.8901 930.145 302.662 974.035 352.548
60400000 22.7475 918.118 298.748 940.866 351.736
60500000 -4.9811 936.306 304.666 931.325 352.114
60600000 41.5184 936.634 304.773 978.152 352.234
60700000 16.8129 927.949 301.947 944.762 353.356
60800000 1.35107 926.07 301.336 927.421 353.452
60900000 20.851 921.798 299.946 942.649 354.984
61000000 29.8503 925.351 301.102 955.201 356.072
61100000 44.4433 914.105 297.442 958.548 356.798
61200000 41.896 918.493 298.87 960.389 356.333
61300000 24.5764 920.051 299.377 944.627 357.208
61400000 33.6719 914.698 297.636 948.37 356.917
61500000 -2.08997 926.927 301.615 924.837 356.961
61600000 17.0304 909.306 295.881 926.337 355.266
61700000 19.6978 928.335 302.073 948.033 354.571
61800000 29.0609 911.801 296.693 940.862 353.466
61900000 17.6848 914.597 297.603 932.282 353.399
62000000 9.24332 911.833 296.703 921.076 353.975
62100000 -3.23001 908.133 295.499 904.903 354.06
62200000 4.98536 920.02 299.367 925.006 355.572
62300000 -17.2189 922.204 300.078 904.985 356.334
62400000 5.08344 922.731 300.25 927.815 355.87
62500000 -1.71949 926.85 301.59 925.131 355.579
62600000 -11.1926 918.703 298.939 907.51 355.812
62700000 32.0611 911.628 296.637 943.689 356.097
62800000 28.3527 912.653 296.97 941.006 355.251
62900000 24.3774 910.486 296.265 934.864 356.748
63000000 75.8378 929.678 302.51 1005.52 357.87
63100000 63.5049 929.09 302.318 992.595 359.16
63200000 25.9232 905.864 294.761 931.787 359.898
63300000 31.1688 920.743 299.603 951.912 360.618
63400000 30.4117 917.578 298.572 947.989 361.958
63500000 2.79433 923.486 300.495 926.28 362.791
63600000 33.101 942.342 306.631 975.443 363.916
63700000 24.107 912.182 296.817 936.29 363.33
63800000 21.031 929.512 302.456 950.543 363.421
63900000 -5.2754 910.438 296.249 905.163 363.06
64000000 12.1356 917.3 298.482 929.435 363.06
64100000 45.0274 935.002 304.242 980.029 364.058
64200000 21.1176 918.049 298.726 939.167 363.211
64300000 48.7569 925.08 301.014 973.837 363.522
64400000 88.4201 936.207 304.634 1024.63 365.495
64500000 61.4531 915.476 297.889 976.929 367.982
64600000 61.7991 925.086 301.016 986.885 367.831
64700000 53.4929 917.577 298.572 971.07 367.948
64800000 83.03 923.035 300.348 1006.06 367.665
64900000 76.8721 933.416 303.726 1010.29 367.45
65000000 22.3405 921.749 299.93 944.089 367.983
65100000 19.7874 920.693 299.586 940.481 367.665
65200000 68.2359 918.159 298.762 986.395 368.101
65300000 36.571 916.246 298.139 952.817 368.993
65400000 7.46559 915.124 297.774 922.589 369.689
65500000 9.69262 914.869 297.691 924.562 370.509
65600000 37.0727 918.429 298.85 955.502 371.141
65700000 15.9071 923.557 300.518 939.464 371.246
65800000 -3.13718 922.284 300.104 919.146 371.379
65900000 -2.40946 929.704 302.518 927.295 372.591
66000000 18.2974 932.559 303.447 950.856 372.623
66100000 4.90106 921.753 299.931 926.654 371.528
66200000 2.21987 909.871 296.065 912.091 370.723
66300000 5.68264 922.434 300.153 928.117 371.271
66400000 4.16554 934.949 304.225 939.114 371.255
66500000 28.8439 926.029 301.323 954.873 372.083
66600000 -0.558222 917.002 298.385 916.443 372.84
66700000 -3.49701 916.21 298.128 912.713 373.763
66800000 -8.96989 909.962 296.095 900.992 375.258
66900000 8.43643 930.728 302.852 939.165 376.312
67000000 28.8387 939.093 305.574 967.932 376.373
67100000 38.7635 918.637 298.917 957.401 376.925
67200000 52.1814 920.428 299.5 972.609 377.574
67300000 40.3148 915.422 297.871 955.737 379.441
67400000 14.4928 925.538 301.163 940.031 379.718
67500000 24.4222 908.111 295.492 932.534 379.066
67600000 59.5327 935.682 304.464 995.215 378.285
67700000 51.915 918.453 298.858 970.368 378.401
67800000 52.1992 920.907 299.656 973.107 379.203
67900000 24.2347 915.76 297.981 939.995 379.318
68000000 7.76476 915.859 298.013 923.624 378.865
68100000 9.9288 922.078 300.037 932.007 379.665
68200000 7.93154 937.939 305.198 945.87 379.119
68300000 5.78031 924.834 300.934 930.615 378.613
68400000 19.7199 927.925 301.939 947.645 379.504
68500000 20.8945 921.79 299.943 942.685 380.109
68600000 -35.3823 929.798 302.549 894.416 380.784
68700000 -27.0981 919.183 299.095 892.085 382.011
68800000 -13.1271 910.096 296.138 896.969 381.902
68900000 -38.2074 919.489 299.195 881.282 382.219
69000000 -31.242 927.052 301.655 895.81 383.21
69100000 -12.3696 926.605 301.51 914.236 382.992
69200000 -12.6878 921.12 299.725 908.432 382.08
69300000 -16.377 937.785 305.148 921.408 381.354
69400000 -36.5127 905.567 294.664 869.054 381.227
69500000 -18.6392 909.748 296.025 891.109 380.944
69600000 47.2947 917.708 298.615 965.003 380.321
69700000 34.8029 924.321 300.767 959.123 381.279
69800000 25.2946 937.321 304.997 962.615 382.351
69900000 26.4419 927.897 301.93 954.339 382.9
70000000 39.9337 925.925 301.289 965.859 383.821
70100000 32.1628 924.987 300.984 957.15 383.124
70200000 11.9401 927.469 301.791 939.41 382.976
70300000 -13.3584 922.989 300.333 909.63 382.727
70400000 -34.5276 925.567 301.172 891.039 382.988
70500000 -34.7921 920.879 299.647 886.087 382.249
70600000 9.39783 921.764 299.935 931.162 382.474
70700000 20.7041 931.482 303.097 952.186 382.498
70800000 6.79929 926.323 301.418 933.123 382.931
70900000 25.7072 932.247 303.346 957.955 383.732
71000000 8.03122 932.98 303.584 941.011 385.709
71100000 -8.85601 916.808 298.322 907.952 387.017
71200000 32.3024 919.513 299.202 951.815 386.442
71300000 38.4236 921.315 299.789 959.739 387.09
71400000 35.1885 925.304 301.087 960.493 388.158
71500000 18.7411 940.942 306.175 959.683 388.161
71600000 0.521505 931.677 303.161 932.199 389
71700000 4.02341 913.875 297.368 917.898 389.315
71800000 -13.204 914.116 297.446 900.913 389.672
71900000 -48.4904 932.635 303.472 884.144 388.343
72000000 -46.305 926.295 301.409 879.99 387.775
72100000 -19.2875 920.168 299.416 900.881 387.71
72200000 3.60931 905.384 294.605 908.993 388.271
72300000 14.533 911.867 296.714 926.4 388.2
72400000 1.53517 918.373 298.831 919.908 388.063
72500000 26.8565 930.672 302.833 957.528 387.841
72600000 -4.00029 928.015 301.969 924.015 387.882
72700000 2.2139 921.292 299.781 923.506 387.343
72800000 -15.6728 925.119 301.026 909.446 386.713
72900000 -5.46143 917.856 298.663 912.395 387.14
73000000 -25.9892 928.051 301.98 902.062 387.446
73100000 -1.06855 908.915 295.754 907.846 387.798
73200000 59.7787 904.319 294.258 964.098 390.022
73300000 10.793 930.896 302.906 941.689 391.326
73400000 17.378 922.593 300.205 939.971 391.925
73500000 8.07863 918.1 298.742 926.178 391.44
73600000 -10.4841 923.264 300.423 912.78 391.684
73700000 -7.77169 915.789 297.99 908.017 391.777
73800000 -5.78332 921.165 299.74 915.382 392.056
73900000 48.8643 918.67 298.928 967.535 392.764
74000000 25.05 921.435 299.828 946.485 392.951
74100000 -25.4298 920.696 299.587 895.266 392.622
74200000 -6.75522 919.91 299.331 913.154 391.887
74300000 -13.5547 930.264 302.7 916.709 391.204
74400000 -40.2717 916.558 298.241 876.286 391.017
74500000 -35.8795 926.099 301.345 890.219 391.476
74600000 -28.5425 920.049 299.377 891.507 392.183
74700000 2.54944 925.602 301.183 928.151 393.637
74800000 3.57359 927.554 301.819 931.128 395.141
74900000 4.17254 939.127 305.584 943.299 395.746
75000000 46.5435 932.865 303.547 979.409 395.886
75100000 40.8647 928.665 302.18 969.53 396.215
75200000 2.80646 910.111 296.143 912.918 397.576
75300000 22.8102 931.271 303.028 954.081 397.117
75400000 11.7619 909.173 295.838 920.935 396.077
75500000 13.3777 927.065 301.66 940.443 395.861
75600000 9.60663 927.004 301.64 936.61 395.985
75700000 17.745 932.621 303.467 950.366 394.905
75800000 30.9972 907.233 295.207 938.23 394.605
75900000 26.1085 921.705 299.916 947.814 394.621
76000000 31.6268 915.372 297.855 946.999 394.705
76100000 49.9018 918.503 298.874 968.405 394.156
76200000 22.1155 907.513 295.298 929.629 393.42
76300000 24.7078 923.334 300.446 948.042 393.963
76400000 25.3253 911.564 296.616 936.889 394.409
76500000 -7.37951 914.052 297.425 906.672 394.881
76600000 18.1323 925.941 301.294 944.073 394.033
76700000 4.81916 929.099 302.322 933.918 394.97
76800000 21.3992 925.068 301.01 946.467 395.776
76900000 73.1004 933.023 303.598 1006.12 395.783
77000000 54.1316 934.177 303.974 988.309 395.504
77100000 45.8804 922.013 300.016 967.893 395.995
77200000 16.7845 920.337 299.47 937.121 396.891
77300000 20.3851 931.34 303.051 951.725 397.405
77400000 41.0611 916.949 298.368 958.01 398.558
77500000 59.1979 914.776 297.661 973.974 399.068
77600000 52.6103 921.652 299.898 974.262 400.689
77700000 4.76486 932.623 303.468 937.388 401.6
77800000 16.8266 908.893 295.747 925.72 401.021
77900000 8.00807 921.651 299.898 929.659 402.643
78000000 57.2713 922.192 300.074 979.464 403.027
78100000 36.1978 930.794 302.873 966.992 403.475
78200000 41.733 924.651 300.874 966.384 403.582
78300000 67.4274 914.088 297.437 981.515 403.232
78400000 34.3256 932.422 303.403 966.748 403.558
78500000 39.1384 923.114 300.374 962.253 402.924
78600000 35.1675 930.085 302.642 965.253 401.344
78700000 6.638 927.795 301.897 934.433 399.352
78800000 12.6801 911.976 296.75 924.656 400.237
78900000 9.16446 911.257 296.516 920.422 400.874
79000000 -4.77571 922.988 300.333 918.213 400.779
79100000 -6.58389 921.335 299.795 914.751 401.769
79200000 1.37729 912.031 296.768 913.408 401.038
79300000 4.23499 918.41 298.843 922.645 400.994
79400000 -1.58972 922.622 300.214 921.033 401.327
79500000 -12.9101 924.103 300.696 911.193 401.419
79600000 -17.8333 934.314 304.019 916.481 401.011
79700000 -51.0934 915.629 297.939 864.536 400.936
79800000 -2.91026 918.536 298.884 915.626 400.881
79900000 35.4961 925.823 301.255 961.319 400.467
80000000 26.2043 913.662 297.298 939.866 401.328
80100000 20.9646 934.389 304.043 955.354 401.47
80200000 4.42121 914.56 297.591 918.982 400.934
80300000 11.4232 904.928 294.456 916.351 400.7
80400000 4.78076 909.725 296.017 914.505 400.885
80500000 41.0023 921.005 299.688 962.007 400.973
80600000 32.314 922.274 300.101 954.588 401.566
80700000 14.4216 917.982 298.704 932.403 403.611
80800000 25.8884 918.212 298.779 944.1 404.012
80900000 -4.48107 922.417 300.147 917.936 403.83
81000000 11.0818 917.659 298.599 928.74 403.5
81100000 12.9377 926.487 301.472 939.425 402.305
81200000 40.259 919.861 299.316 960.12 402.994
81300000 21.6047 914.072 297.432 935.677 403.031
81400000 5.59203 932.961 303.578 938.553 403.801
81500000 54.7672 929.68 302.51 984.447 403.525
81600000 30.2083 929.184 302.349 959.392 404.395
81700000 -8.98463 918.276 298.8 909.291 404.498
81800000 28.0431 917.424 298.522 945.467 404.785
81900000 3.4286 918.69 298.934 922.118 404.714
82000000 27.7212 915.35 297.848 943.071 405.452
82100000 26.8162 921.421 299.823 948.237 405.209
82200000 26.488 920.856 299.639 947.344 406.62
82300000 48.9019 922.97 300.327 971.871 405.925
82400000 57.7837 912.02 296.764 969.804 406.372
82500000 50.2944 920.785 299.616 971.079 407.5
82600000 17.856 924.032 300.673 941.888 408.092
82700000 4.55859 911.726 296.668 916.284 408.047
82800000 40.9132 936.422 304.704 977.335 408.806
82900000 46.1717 915.828 298.003 961.999 409.736
83000000 24.264 919.813 299.3 944.077 409.907
83100000 26.4982 922.063 300.032 948.561 411.017
83200000 37.3144 918.363 298.828 955.677 412.513
83300000 63.9945 937.528 305.064 1001.52 412.488
83400000 42.4443 916.248 298.14 958.692 413.279
83500000 64.718 931.516 303.108 996.234 413.911
83600000 6.96353 912.072 296.781 919.036 415.719
83700000 -25.6194 905.554 294.66 879.935 415.657
83800000 -19.9203 922.937 300.316 903.017 415.207
83900000 -7.12152 928.884 302.252 921.763 417.37
84000000 10.0008 924.494 300.823 934.495 418.468
84100000 -47.3756 930.669 302.832 883.293 418.58
84200000 -18.8244 911.116 296.47 892.291 418.543
84300000 -2.9391 918.526 298.881 915.586 418.37
84400000 14.7311 923.423 300.474 938.154 417.389
84500000 4.03151 922.947 300.32 926.978 418.027
84600000 19.3439 915.796 297.993 935.14 418.413
84700000 -3.79071 916.016 298.064 912.225 419.441
84800000 -21.9151 929.961 302.602 908.046 418.301
84900000 8.26218 927.612 301.838 935.874 419.274
85000000 17.982 915.487 297.892 933.469 419.403
85100000 -36.5863 917.53 298.557 880.944 418.441
85200000 -23.3019 925.947 301.296 902.645 419.051
85300000 -42.895 920.36 299.478 877.465 418.752
85400000 -12.4623 929.43 302.429 916.967 417.762
85500000 -3.00327 922.982 300.331 919.979 417.818
85600000 37.0955 922.489 300.171 959.585 418.165
85700000 23.3714 930.519 302.783 953.89 417.993
85800000 25.2769 921.217 299.757 946.494 418.302
85900000 28.2473 923.06 300.356 951.307 417.811
86000000 62.3102 917.267 298.471 979.577 417.933
86100000 11.4846 921.25 299.767 932.734 418.023
86200000 -2.10129 900.463 293.004 898.362 417.731
86300000 -3.66552 916.061 298.079 912.396 418.346
86400000 20.1567 921.523 299.856 941.68 419.091
86500000 44.6658 936.607 304.764 981.273 419.182
86600000 7.20948 918.78 298.964 925.99 419.294
86700000 20.3766 931.979 303.259 952.355 419.631
86800000 12.1347 923.357 300.453 935.492 420.378
86900000 18.2162 926.383 301.438 944.599 419.963
87000000 20.9807 912.614 296.957 933.594 420.193
87100000 20.6632 902.326 293.61 922.989 419.9
87200000 -17.9133 923.226 300.411 905.313 418.981
87300000 14.1692 907.427 295.269 921.596 418.627
87400000 16.1842 935.501 304.405 951.685 418.969
87500000 35.9803 927.012 301.642 962.992 419.022
87600000 69.2309 919.24 299.113 988.471 420.056
87700000 43.1134 923.927 300.639 967.041 420.473
87800000 53.1712 925.675 301.207 978.847 421.325
87900000 75.7157 910.954 296.417 986.669 420.087
88000000 76.4232 932.625 303.469 1009.05 419.92
88100000 67.7299 929.016 302.295 996.746 420.757
88200000 57.4775 931.577 303.128 989.055 421.783
88300000 59.729 930.972 302.931 990.701 421.856
88400000 36.6393 925.427 301.127 962.066 421.302
88500000 38.349 923.554 300.517 961.903 422.741
88600000 41.305 921.056 299.704 962.361 425.016
88700000 35.9587 929.621 302.491 965.579 424.895
88800000 23.0452 920.726 299.597 943.771 425.266
88900000 13.7092 930.973 302.931 944.682 425.449
89000000 -5.56394 921.302 299.784 915.738 425.648
89100000 -2.51297 923.846 300.612 921.333 426.666
89200000 20.4578 916.235 298.136 936.693 426.442
89300000 14.6038 921.462 299.837 936.066 426.515
89400000 24.3615 932.586 303.456 956.948 425.976
89500000 1.07022 922.895 300.303 923.965 426.904
89600000 -6.65623 924.7 300.89 918.043 426.614
89700000 5.27807 925.701 301.216 930.979 427.417
89800000 5.96419 934.542 304.093 940.507 428.044
89900000 7.61068 904.281 294.246 911.891 429.025
90000000 -17.6513 914.721 297.643 897.07 428.392
90100000 -9.45887 929.032 302.3 919.573 427.253
90200000 -45.6687 920.468 299.513 874.8 426.746
90300000 -25.5797 929.832 302.56 904.253 427.743
90400000 -13.9631 937.564 305.076 923.601 426.45
90500000 9.95461 916.441 298.203 926.396 425.059
90600000 3.32238 925.632 301.193 928.955 423.496
90700000 11.431 917.985 298.705 929.416 424.385
90800000 18.8114 922.117 300.05 940.928 424.336
90900000 32.2833 917.218 298.455 949.501 423.289
91000000 58.0959 919.193 299.098 977.289 422.663
91100000 56.9632 924.986 300.983 981.949 422.222
91200000 40.5691 927.933 301.942 968.503 422.131
91300000 23.3113 911.032 296.443 934.343 423.767
91400000 30.0708 912.116 296.795 942.187 424.182
91500000 19.4755 925.156 301.039 944.632 425.192
91600000 34.1217 916.121 298.098 950.243 426.279
91700000 25.6318 932.5 303.428 958.132 426.17
91800000 5.13852 927.488 301.797 932.627 426.297
91900000 26.2285 909.539 295.957 935.767 426.602
92000000 25.2975 937.324 304.998 962.621 426.42
92100000 47.1704 924.763 300.911 971.933 425.947
92200000 6.68323 918.246 298.79 924.929 426.483
92300000 35.3864 937.34 305.003 972.726 426.196
92400000 19.6345 923.418 300.473 943.053 425.883
92500000 12.1894 925.996 301.312 938.186 426.017
92600000 44.877 907.717 295.364 952.594 424.264
92700000 44.4974 910.249 296.188 954.747 424.759
92800000 22.9187 917.379 298.508 940.298 424.703
92900000 55.6 926.221 301.385 981.821 425.296
93000000 64.2705 907.837 295.403 972.107 426.282
93100000 55.213 929.896 302.581 985.109 426.255
93200000 7.88762 915.472 297.887 923.359 427.29
93300000 15.1196 916.54 298.235 931.66 427.918
93400000 30.3219 927.931 301.941 958.253 428.633
93500000 -10.7397 943.166 306.899 932.426 429.485
93600000 -18.0979 927.56 301.821 909.462 430.971
93700000 -10.3439 923.187 300.398 912.843 431.621
93800000 13.4546 930.116 302.652 943.57 432.352
93900000 2.41425 929.013 302.293 931.427 431.754
94000000 0.816936 918.494 298.871 919.311 431.516
94100000 2.21582 926.127 301.354 928.343 430.526
94200000 11.0423 919.493 299.196 930.535 430.456
94300000 18.7539 921.969 300.001 940.723 430.439
94400000 -2.51982 921.794 299.944 919.274 430.616
94500000 9.12719 934.487 304.075 943.614 429.75
94600000 25.0628 912.201 296.823 937.264 429.911
94700000 -12.9721 919.718 299.269 906.746 429.993
94800000 35.5541 919.343 299.147 954.898 430.376
94900000 19.6597 919.471 299.189 939.131 431.258
95000000 4.65324 917.89 298.674 922.543 430.438
95100000 -5.74307 923.946 300.645 918.203 430.347
95200000 12.0742 920.462 299.511 932.537 430.049
95300000 5.95288 916.971 298.375 922.924 430.8
95400000 25.4728 923.466 300.488 948.938 431.141
95500000 -4.03086 921.238 299.764 917.207 431.628
95600000 19.2968 928.489 302.123 947.785 431.741
95700000 24.972 924.206 300.729 949.178 432.304
95800000 11.0876 908.817 295.722 919.905 432.349
95900000 -13.4013 925.117 301.026 911.716 432.172
96000000 -17.5925 926.223 301.386 908.63 433.522
96100000 38.2949 926.457 301.462 964.751 433.328
96200000 13.3379 921.904 299.98 935.242 433.666
96300000 42.2508 907.292 295.226 949.543 434.529
96400000 45.631 929.337 302.399 974.968 435.576
96500000 32.0721 921.483 299.843 953.556 436.122
96600000 9.759 919.678 299.256 929.437 436.235
96700000 29.8669 900.866 293.135 930.733 435.702
96800000 12.5971 923.058 300.356 935.655 435.979
96900000 -0.870636 916.435 298.201 915.565 436.999
97000000 -19.5987 901.365 293.297 881.766 436.938
97100000 -9.6096 940.999 306.194 931.389 437.199
97200000 -7.39479 931.331 303.048 923.936 437.5
97300000 -43.8212 919.394 299.164 875.573 437.352
97400000 -18.3437 929.157 302.34 910.813 437.175
97500000 -13.7694 913.588 297.274 899.819 437.232
97600000 -28.5628 931.982 303.259 903.419 437.862
97700000 -6.07909 926.771 301.564 920.692 438.403
97800000 49.5969 917.703 298.613 967.3 438.194
97900000 88.8179 919.151 299.085 1007.97 438.592
98000000 47.9293 926.628 301.518 974.558 437.587
98100000 36.7351 910.837 296.379 947.572 437.397
98200000 26.7666 920.263 299.446 947.029 437.106
98300000 -12.8343 923.97 300.652 911.135 438.578
98400000 -4.97836 924.887 300.951 919.908 439.708
98500000 -41.6735 909.121 295.821 867.448 440.234
98600000 -23.558 925.03 300.998 901.472 439.866
98700000 3.64907 912.292 296.853 915.941 439.205
98800000 12.3028 923.447 300.482 935.749 439.588
98900000 -17.4309 912.04 296.771 894.609 438.801
99000000 -36.9476 927.059 301.658 890.111 439.234
99100000 -14.9099 911.898 296.724 896.988 440.04
99200000 -11.8156 924.986 300.983 913.17 440.487
99300000 -11.0308 925.971 301.304 914.94 442.352
99400000 32.9924 925.702 301.216 958.694 442.856
99500000 30.0993 923.962 300.65 954.061 443.819
99600000 34.7454 913.324 297.188 948.069 444.277
99700000 5.39416 913.715 297.316 919.109 444.841
99800000 40.1647 923.437 300.479 963.602 444.895
99900000 34.1783 915.045 297.748 949.223 443.84
100000000 25.7747 934.656 304.13 960.43 444.974
100100000 21.4531 917.405 298.516 938.858 444.928
100200000 23.728 924.264 300.748 947.992 446.871
100300000 30.6491 921.872 299.97 952.521 447.254
100400000 18.0239 919.629 299.24 937.653 447.978
100500000 12.0204 922.732 300.25 934.752 448.064
100600000 -17.2535 923.821 300.604 906.567 448.574
100700000 -6.50077 923.916 300.635 917.415 450.409
100800000 -16.3831 923.163 300.39 906.78 451.591
100900000 -22.134 919.953 299.345 897.819 451.931
101000000 46.2579 919.274 299.124 965.532 451.712
101100000 49.5108 921.144 299.733 970.654 452.765
101200000 11.3301 923.193 300.4 934.523 452.851
101300000 29.5703 929.972 302.605 959.542 452.94
101400000 48.9818 921.693 299.912 970.674 452.659
101500000 34.8826 918.388 298.836 953.271 453.036
101600000 18.463 914.735 297.648 933.198 453.272
101700000 -15.6331 926.771 301.564 911.137 453.076
101800000 4.64901 925.053 301.005 929.702 452.435
101900000 34.8755 926.082 301.34 960.957 452.489
102000000 -14.3962 914.911 297.705 900.515 451.123
102100000 0.662028 940.309 305.969 940.971 450.249
102200000 34.3263 925.46 301.137 959.786 450.838
102300000 45.8073 916.786 298.315 962.593 452.596
102400000 50.2739 928.328 302.071 978.602 452.277
102500000 28.0785 921.903 299.98 949.982 452.007
102600000 10.087 927.161 301.691 937.248 452.543
102700000 32.8194 916.449 298.205 949.269 453.082
102800000 27.6222 918.994 299.033 946.616 453.238
102900000 19.1953 932.274 303.355 951.47 452.378
103000000 8.75322 909.534 295.955 918.287 452.366
103100000 47.4458 916.785 298.315 964.231 453.18
103200000 33.8152 921.414 299.821 955.229 453.222
103300000 87.4731 930.217 302.685 1017.69 454.157
103400000 30.8285 935.385 304.367 966.213 453.772
103500000 21.8334 918.773 298.961 940.606 453.9
103600000 33.0041 939.529 305.715 972.533 453.308
103700000 44.9859 921.691 299.911 966.677 453.511
103800000 11.8784 916.163 298.112 928.042 453.833
103900000 14.9851 921.482 299.843 936.467 454.373
104000000 16.0596 926.023 301.32 942.082 455.14
104100000 18.4057 930.034 302.626 948.44 455.747
104200000 16.3893 911.858 296.712 928.248 456.447
104300000 34.2236 925.336 301.097 959.56 456.196
104400000 17.8912 920.692 299.586 938.583 455.548
104500000 24.58 930.728 302.851 955.308 455.593
104600000 26.9575 906.147 294.853 933.105 456.708
104700000 54.9656 909.353 295.896 964.318 457.726
104800000 57.4879 909.637 295.989 967.125 458.168
104900000 38.5592 917.711 298.616 956.271 457.387
105000000 -8.29486 928.435 302.106 920.141 457.819
