# Time-averaged data for fix favg
# TimeStep v_vpe v_vke v_vT v_vE v_vRg
5100000 137.911 1010.82 328.914 1148.73 140.826
5200000 104.437 1001.39 325.844 1105.83 141.874
5300000 71.1131 998.292 324.836 1069.41 143.945
5400000 92.7178 993.671 323.333 1086.39 144.424
5500000 69.1777 998.35 324.855 1067.53 143.224
5600000 91.4818 997.749 324.66 1089.23 143.108
5700000 82.4028 992.164 322.842 1074.57 142.827
5800000 76.1533 1004.91 326.991 1081.07 143.842
5900000 98.9798 996.208 324.158 1095.19 144.337
6000000 94.179 1009.81 328.585 1103.99 144.743
6100000 131.634 1002.47 326.196 1134.11 145.448
6200000 113.778 1000.36 325.51 1114.14 146.453
6300000 94.7366 1001.29 325.812 1096.03 148.045
6400000 104.465 991.299 322.561 1095.76 149.112
6500000 155.135 1000.34 325.504 1155.48 149.827
6600000 157.018 993.776 323.367 1150.79 151.138
6700000 116.239 989.997 322.137 1106.24 152.862
6800000 147.786 989.063 321.833 1136.85 153.783
6900000 109.234 1004.53 326.866 1113.76 154.317
7000000 84.2923 991.366 322.583 1075.66 154.409
7100000 134.113 994.51 323.606 1128.62 155.723
7200000 121.205 1002.73 326.28 1123.93 155.762
7300000 103.663 988.193 321.55 1091.86 154.942
7400000 119.829 1005.18 327.078 1125.01 154.1
7500000 110.014 1001.21 325.785 1111.22 155.187
7600000 103.772 1011.12 329.012 1114.9 157.441
7700000 86.7144 992.849 323.065 1079.56 158.081
7800000 79.878 1005.18 327.077 1085.05 158.424
7900000 103.689 993.135 323.158 1096.82 159.161
8000000 96.7245 1011.78 329.225 1108.5 160.106
8100000 121.589 1003.41 326.502 1125 161.327
8200000 127.221 1000.28 325.482 1127.5 161.737
8300000 137.602 1001 325.718 1138.6 162.391
8400000 146.922 1007.15 327.72 1154.07 163.379
8500000 130.926 999.454 325.214 1130.38 165.134
8600000 170.184 981.993 319.533 1152.18 166.173
8700000 104.114 992.274 322.878 1096.39 166.65
8800000 36.9963 993.344 323.226 1030.34 167.519
8900000 58.1213 1005.39 327.147 1063.52 168.505
9000000 87.9015 1001.85 325.994 1089.75 170.283
9100000 64.384 999.726 325.303 1064.11 171.453
9200000 76.7423 989.68 322.034 1066.42 171.446
9300000 105.906 1001.94 326.025 1107.85 172.496
9400000 101.173 1008.38 328.118 1109.55 173.429
9500000 89.4902 1007.68 327.892 1097.17 174.544
9600000 82.5475 1000.59 325.583 1083.13 174.952
9700000 84.3106 1017.48 331.081 1101.8 174.612
9800000 111.588 996.018 324.096 1107.61 175.704
9900000 93.9505 999.205 325.134 1093.16 177.277
10000000 98.366 1007.65 327.881 1106.01 178.632
10100000 63.771 991.847 322.739 1055.62 179.415
10200000 99.6606 1000.14 325.437 1099.8 180.022
10300000 55.6383 993.544 323.291 1049.18 180.943
10400000 49.9181 1006.71 327.577 1056.63 181.241
10500000 35.5811 993.199 323.179 1028.78 181.636
10600000 75.2607 1000.27 325.48 1075.53 182.095
10700000 102.112 1001.04 325.729 1103.15 182.197
10800000 49.423 997.709 324.647 1047.13 183.293
10900000 59.5115 1006.19 327.406 1065.7 183.662
11000000 105.4 994.529 323.612 1099.93 184.153
11100000 122.308 1008.25 328.076 1130.56 184.505
11200000 126.675 996.439 324.233 1123.11 185.719
11300000 137.123 986.643 321.046 1123.77 185.78
11400000 128.826 989.063 321.833 1117.89 186.46
11500000 114.954 997.532 324.589 1112.49 186.377
11600000 101.592 995.779 324.019 1097.37 187.158
11700000 115.038 998.514 324.909 1113.55 188.684
11800000 130.797 993.077 323.139 1123.87 189.176
11900000 130.455 1000.05 325.408 1130.51 190.877
12000000 111.532 1007.22 327.742 1118.75 191.679
12100000 109.935 1014.14 329.994 1124.08 192.365
12200000 99.79 1003.19 326.431 1102.98 193.865
12300000 136.681 995.731 324.003 1132.41 194.193
12400000 121.308 999.341 325.178 1120.65 193.717
12500000 96.7549 1001.4 325.846 1098.15 192.975
12600000 120.582 1009.77 328.572 1130.35 193.488
12700000 126.114 1006.36 327.462 1132.48 193.535
12800000 109.705 1016.15 330.648 1125.86 192.929
12900000 149.897 993.05 323.131 1142.95 192.515
13000000 110.093 987.251 321.244 1097.34 192.901
13100000 101.771 1001.91 326.013 1103.68 193.798
13200000 124.584 980.755 319.13 1105.34 193.769
13300000 90.3816 1003.25 326.448 1093.63 193.87
13400000 122.986 996.919 324.39 1119.91 193.968
13500000 117.522 1000.2 325.456 1117.72 195.25
13600000 111.433 1004.91 326.991 1116.35 196.199
13700000 114.18 1008.75 328.241 1122.93 197.467
13800000 103.209 1017.76 331.17 1120.97 199.023
13900000 62.0095 1000.51 325.558 1062.52 199.847
14000000 56.928 985.931 320.814 1042.86 199.994
14100000 103.633 992.706 323.019 1096.34 199.784
14200000 55.8413 994.236 323.517 1050.08 200.643
14300000 39.8869 1009.58 328.51 1049.47 201.456
14400000 130.572 1000.9 325.684 1131.47 203.235
14500000 122.985 1005.66 327.233 1128.64 203.352
14600000 142.141 1009.99 328.643 1152.13 204.169
14700000 120.929 1008.29 328.09 1129.22 205.822
14800000 83.3115 1001.33 325.825 1084.64 206.674
14900000 78.0706 998.231 324.816 1076.3 207.726
15000000 115.991 999.74 325.308 1115.73 207.656
15100000 123.073 1015.65 330.485 1138.72 207.263
15200000 124.063 1006.97 327.66 1131.03 208.562
15300000 70.9917 1006.49 327.503 1077.48 208.969
15400000 114.951 997.355 324.531 1112.31 209.052
15500000 82.8082 1005.71 327.251 1088.52 209.676
15600000 135.295 999.322 325.172 1134.62 213.055
15700000 139.338 1012.5 329.461 1151.84 214.208
15800000 109.264 991.98 322.782 1101.24 214.595
15900000 50.1906 1012.27 329.385 1062.46 216.242
16000000 77.7401 992.023 322.797 1069.76 217.123
16100000 72.4528 999.967 325.381 1072.42 218.938
16200000 84.9158 1005.64 327.226 1090.55 218.085
16300000 73.1915 1004.63 326.899 1077.82 218.125
16400000 68.09 999.494 325.227 1067.58 218.924
16500000 102.896 999.163 325.12 1102.06 219.725
16600000 85.9686 1015.57 330.457 1101.53 219.887
16700000 85.7009 999.114 325.104 1084.82 220.542
16800000 83.1713 1003.62 326.57 1086.79 220.331
16900000 63.7204 1018.34 331.359 1082.06 221.707
17000000 77.8648 1002.07 326.065 1079.93 222.075
17100000 69.8758 987.362 321.28 1057.24 222.484
17200000 52.8461 993.894 323.405 1046.74 223.118
17300000 105.274 1008.47 328.148 1113.74 223.047
17400000 178.794 1000.6 325.588 1179.4 224.477
17500000 122.026 991.593 322.657 1113.62 224.269
17600000 139.832 1004.07 326.716 1143.9 224.272
17700000 139.456 994.381 323.564 1133.84 226.456
17800000 93.1511 983.273 319.949 1076.42 228.304
17900000 54.2539 1000.2 325.457 1054.45 228.908
18000000 68.1682 987.519 321.331 1055.69 228.999
18100000 102.069 986.063 320.857 1088.13 229.089
18200000 144.615 1004.32 326.798 1148.94 228.811
18300000 135.685 996.739 324.331 1132.42 228.878
18400000 132.569 997.688 324.64 1130.26 229.396
18500000 134.703 997.564 324.6 1132.27 229.244
18600000 125.249 989.248 321.893 1114.5 229.524
18700000 130.552 999.619 325.268 1130.17 231.657
18800000 74.2497 998.919 325.04 1073.17 233.608
18900000 85.9038 1006.77 327.594 1092.67 233.763
19000000 110.527 994.515 323.607 1105.04 234.571
19100000 107.98 998.255 324.824 1106.24 236.26
19200000 143.131 993.854 323.392 1136.98 236.4
19300000 124.987 1006.49 327.505 1131.48 238.104
19400000 147.989 1008.05 328.012 1156.04 239.003
19500000 107.52 986.053 320.854 1093.57 238.727
19600000 149.008 994.1 323.472 1143.11 238.89
19700000 124.17 1009.97 328.638 1134.14 239.759
19800000 88.4481 985.667 320.728 1074.12 241.503
19900000 76.8201 998.443 324.885 1075.26 242.357
20000000 113.119 1002.65 326.253 1115.77 244.097
20100000 94.1141 1001.26 325.802 1095.37 245.301
20200000 83.4797 992.257 322.872 1075.74 245.869
20300000 104.408 996.726 324.327 1101.13 248.17
20400000 112.725 1007.43 327.809 1120.15 248.714
20500000 117.378 993.93 323.417 1111.31 249.278
20600000 102.445 996.669 324.308 1099.11 248.364
20700000 135.196 1016.61 330.796 1151.8 247.535
20800000 189.813 1010.84 328.921 1200.66 247.781
20900000 140.306 997.296 324.512 1137.6 246.914
21000000 112.982 997.679 324.637 1110.66 249.268
21100000 116.2 997.044 324.43 1113.24 250.139
21200000 110.894 996.061 324.11 1106.95 250.596
21300000 119.592 988.684 321.71 1108.28 251.222
21400000 101.005 994.144 323.487 1095.15 251.487
21500000 111.212 1008.95 328.303 1120.16 253.795
21600000 129.268 1010.57 328.832 1139.84 254.855
21700000 115.906 989.806 322.075 1105.71 254.552
21800000 121.018 1009.71 328.551 1130.73 255.317
21900000 101.918 1008.39 328.122 1110.31 256.091
22000000 79.3591 1008.7 328.222 1088.06 256.224
22100000 46.0021 1008.04 328.008 1054.04 256.995
22200000 45.6953 997.031 324.426 1042.73 257.474
22300000 22.1346 1005.93 327.321 1028.06 257.695
22400000 84.5847 992.609 322.987 1077.19 258.431
22500000 124.361 993.749 323.358 1118.11 259.298
22600000 80.7512 1000.98 325.71 1081.73 260.031
22700000 121.449 996.808 324.354 1118.26 260.237
22800000 122.836 986.885 321.125 1109.72 259.848
22900000 126.464 999.553 325.247 1126.02 259.23
23000000 102.148 996.362 324.209 1098.51 259.164
23100000 95.21 1011.22 329.042 1106.43 260.418
23200000 95.7654 996.334 324.199 1092.1 260.67
23300000 113.365 1007.64 327.878 1121.01 260.789
23400000 128.93 999.366 325.186 1128.3 261.604
23500000 142.389 1016.19 330.659 1158.58 262.109
23600000 103.261 995.464 323.916 1098.72 262.059
23700000 73.1365 1003.49 326.527 1076.62 262.62
23800000 65.4626 1004.03 326.705 1069.5 264.021
23900000 85.4684 993.466 323.266 1078.93 263.86
24000000 113.051 990.124 322.179 1103.18 263.666
24100000 92.7545 1005.41 327.151 1098.16 263.593
24200000 117.341 982.112 319.571 1099.45 263.711
24300000 120.827 1004.57 326.879 1125.4 263.586
24400000 131.665 1007.82 327.936 1139.48 262.955
24500000 108.118 989.246 321.893 1097.36 264.263
24600000 92.1693 1000.82 325.659 1092.99 264.304
24700000 132.47 992.771 323.04 1125.24 264.426
24800000 126.88 995.944 324.072 1122.82 264.083
24900000 67.9883 999.807 325.329 1067.8 263.962
25000000 37.3165 1008.24 328.072 1045.55 264.801
25100000 3.67698 1008.72 328.229 1012.4 265.337
25200000 63.1147 1003.87 326.651 1066.98 266.231
25300000 116.021 1003.63 326.574 1119.65 267.21
25400000 121.158 1005.52 327.189 1126.68 268.501
25500000 157.887 988.973 321.804 1146.86 267.88
25600000 122.774 1002.78 326.298 1125.56 269.886
25700000 122.478 991.173 322.52 1113.65 269.724
25800000 97.7691 1006.35 327.458 1104.12 270.693
25900000 101.9 996.177 324.148 1098.08 272.126
26000000 110.638 1001.44 325.859 1112.07 274.106
26100000 80.7151 1002.16 326.095 1082.88 274.651
26200000 87.4868 1019.87 331.859 1107.36 275.41
26300000 118.057 991.352 322.578 1109.41 275.44
26400000 149.654 993.716 323.347 1143.37 274.593
26500000 66.1667 988.629 321.692 1054.8 275.176
26600000 51.4297 1001.86 325.997 1053.29 276.02
26700000 120.41 999.185 325.127 1119.6 276.438
26800000 136.874 1003.09 326.399 1139.97 277.859
26900000 138.818 998.156 324.792 1136.97 277.815
27000000 113.633 993.048 323.13 1106.68 278.841
27100000 110.972 1008.93 328.299 1119.9 279.706
27200000 91.6249 1005.97 327.334 1097.59 279.15
27300000 84.5934 991.18 322.522 1075.77 279.397
27400000 119.144 1002.8 326.303 1121.94 278.286
27500000 103.857 996.832 324.361 1100.69 278.116
27600000 114.997 989.291 321.907 1104.29 278.787
27700000 145.368 999.44 325.21 1144.81 279.009
27800000 129.689 1001.91 326.014 1131.6 279.826
27900000 105.269 994.702 323.668 1099.97 280.194
28000000 113.852 985.848 320.787 1099.7 281.448
28100000 117.977 1003.56 326.551 1121.54 280.859
28200000 101.75 988.233 321.563 1089.98 281.394
28300000 56.227 1005.95 327.328 1062.18 282.544
28400000 95.3903 1008.28 328.086 1103.67 283.46
28500000 132.689 1000.54 325.568 1133.23 283.899
28600000 118.865 1008.21 328.063 1127.07 283.568
28700000 115.946 990.183 322.198 1106.13 283.772
28800000 77.996 991.234 322.54 1069.23 284.27
28900000 115.068 1007.64 327.878 1122.71 284.492
29000000 98.5117 998.677 324.962 1097.19 284.829
29100000 146.092 1010.4 328.777 1156.5 284.176
29200000 155.3 1008.78 328.251 1164.08 285.35
29300000 126.951 1002.22 326.115 1129.17 284.962
29400000 128.41 989.836 322.085 1118.25 284.903
29500000 145.918 1001.47 325.871 1147.39 284.615
29600000 103.041 1013.49 329.782 1116.53 284.323
29700000 147.159 998.288 324.835 1145.45 284.708
29800000 129.573 1022.49 332.71 1152.06 284.241
29900000 118.132 994.393 323.568 1112.52 283.604
30000000 67.0159 1011.76 329.217 1078.77 283.361
30100000 100.299 1001.6 325.914 1101.9 284.349
30200000 110.148 1004.86 326.975 1115.01 285.732
30300000 98.59 991.357 322.58 1089.95 285.893
30400000 115.596 998.041 324.755 1113.64 286.732
30500000 114.603 997.417 324.552 1112.02 287.407
30600000 71.0623 996.902 324.384 1067.96 286.947
30700000 96.6176 1002.06 326.064 1098.68 287.797
30800000 85.7676 993.993 323.438 1079.76 287.138
30900000 80.6719 1002.85 326.319 1083.52 287.485
31000000 136.14 988.863 321.768 1125 287.482
31100000 99.9648 1004.47 326.846 1104.43 286.637
31200000 88.8994 1011.41 329.104 1100.31 287.076
31300000 89.3749 990.952 322.448 1080.33 287.508
31400000 116.635 997.503 324.58 1114.14 288.094
31500000 145.019 998.524 324.912 1143.54 287.159
31600000 102.693 1003.45 326.513 1106.14 287.463
31700000 90.8376 995.638 323.973 1086.48 287.409
31800000 71.8713 985.419 320.648 1057.29 287.943
31900000 92.6757 1004.92 326.992 1097.59 288.36
32000000 78.0502 1017.8 331.185 1095.85 288.772
32100000 93.636 999.629 325.271 1093.26 289.158
32200000 128.176 998.684 324.964 1126.86 289.328
32300000 133.169 978.435 318.375 1111.6 289.849
32400000 135.015 1001.9 326.009 1136.91 290.398
32500000 126.241 990.683 322.36 1116.92 289.441
32600000 92.2337 999.039 325.08 1091.27 289.086
32700000 60.1702 996.855 324.369 1057.02 287.863
32800000 103.037 989.969 322.128 1093.01 287.759
32900000 97.4703 1005.48 327.175 1102.95 289.49
33000000 81.5853 1001.22 325.789 1082.8 290.732
33100000 63.6284 988.761 321.735 1052.39 293.07
33200000 41.4807 994.859 323.719 1036.34 294.446
33300000 83.0619 1023.65 333.087 1106.71 294.467
33400000 82.4716 1003.62 326.571 1086.1 294.726
33500000 109.071 1001.61 325.916 1110.68 295.04
33600000 105.965 987.905 321.456 1093.87 295.31
33700000 121.378 991.429 322.603 1112.81 294.376
33800000 113.55 1009.05 328.338 1122.6 293.649
33900000 88.9599 988.842 321.761 1077.8 294.669
34000000 50.8004 1011.56 329.155 1062.36 294.73
34100000 74.5043 1001.19 325.778 1075.69 294.978
34200000 58.5025 980.249 318.965 1038.75 296.009
34300000 58.3017 1009.04 328.333 1067.34 296.363
34400000 84.0517 1000.91 325.688 1084.96 296.65
34500000 93.5984 1001.2 325.783 1094.8 297.212
34600000 102.377 984.324 320.291 1086.7 298.104
34700000 103.372 983.029 319.87 1086.4 299.075
34800000 103.612 997.473 324.57 1101.09 298.784
34900000 97.625 1015.58 330.463 1113.21 299.022
35000000 58.0972 993.806 323.377 1051.9 299.727
35100000 69.7601 996.627 324.295 1066.39 299.395
35200000 96.4834 1004.97 327.009 1101.45 299.117
35300000 118.93 1012.36 329.413 1131.29 298.111
35400000 123.533 996.454 324.238 1119.99 298.166
35500000 117.222 1010.63 328.852 1127.86 298.581
35600000 92.6686 994.221 323.512 1086.89 298.962
35700000 103.333 1000.13 325.434 1103.46 298.909
35800000 102.428 1010.43 328.786 1112.86 298.182
35900000 93.7274 996.082 324.117 1089.81 298.368
36000000 115.443 992.196 322.853 1107.64 298.257
36100000 91.5134 1002.84 326.317 1094.36 299.032
36200000 54.2656 1013.09 329.653 1067.36 298.666
36300000 58.8186 998.133 324.784 1056.95 297.987
36400000 70.0518 1002.43 326.182 1072.48 298.231
36500000 94.1287 983.156 319.911 1077.28 299.093
36600000 130.621 1000 325.392 1130.62 299.133
36700000 129.367 1002.54 326.218 1131.9 300.509
36800000 145.783 988.439 321.63 1134.22 300.23
36900000 145.806 1000.7 325.619 1146.5 300.751
37000000 129.833 988.742 321.729 1118.58 301.356
37100000 111.781 1002.61 326.241 1114.39 301.51
37200000 141.143 1001 325.718 1142.14 302.833
37300000 97.735 995.235 323.842 1092.97 302.445
37400000 63.0366 989.163 321.866 1052.2 302.094
37500000 98.6978 990.181 322.197 1088.88 301.909
37600000 99.8217 1009.93 328.622 1109.75 302.633
37700000 101.135 993.055 323.132 1094.19 302.696
37800000 48.4367 1004.32 326.797 1052.75 302.779
37900000 73.4967 991.446 322.609 1064.94 301.835
38000000 74.1323 1000.63 325.596 1074.76 301.707
38100000 81.336 982.44 319.678 1063.78 303.16
38200000 94.8996 993.432 323.255 1088.33 304.218
38300000 92.3236 991.805 322.726 1084.13 304.746
38400000 80.017 988.783 321.742 1068.8 305.687
38500000 118.173 988.893 321.778 1107.07 306.876
38600000 112.248 1000.22 325.465 1112.47 306.234
38700000 128.406 994.586 323.631 1122.99 306.941
38800000 147.44 1005.17 327.074 1152.61 307.466
38900000 126.185 1000.41 325.524 1126.59 308.07
39000000 112.05 986.362 320.954 1098.41 308.45
39100000 101.889 995.161 323.818 1097.05 308.378
39200000 93.2444 1004.63 326.898 1097.87 308.581
39300000 65.5523 996.161 324.143 1061.71 309.382
39400000 112.003 999.312 325.168 1111.31 310.007
39500000 109.447 1010.26 328.729 1119.7 310.644
39600000 108.071 1003.79 326.627 1111.87 310.488
39700000 157.871 993.147 323.162 1151.02 310.502
39800000 168.644 989.624 322.016 1158.27 311.439
39900000 142.201 1004.39 326.82 1146.59 313.224
40000000 128.175 995.426 323.904 1123.6 314.032
40100000 111.483 1007.24 327.748 1118.72 312.791
40200000 79.1009 1005.89 327.308 1084.99 313.387
40300000 48.0686 995.67 323.983 1043.74 314.479
40400000 91.9377 980.365 319.003 1072.3 315.767
40500000 100.767 995.476 323.92 1096.24 314.722
40600000 87.0882 1008.37 328.115 1095.46 314.574
40700000 93.6459 998.251 324.823 1091.9 313.526
40800000 76.281 989.131 321.855 1065.41 314.271
40900000 58.2764 994.279 323.531 1052.56 313.31
41000000 37.7018 1001.86 325.997 1039.56 313.085
41100000 62.7644 996.023 324.098 1058.79 314.285
41200000 79.4267 992.28 322.88 1071.71 315.482
41300000 57.3157 992.537 322.964 1049.85 317.212
41400000 68.8624 1002.14 326.089 1071.01 317.878
41500000 61.9945 976.083 317.61 1038.08 317.966
41600000 96.5508 998.458 324.891 1095.01 319.225
41700000 114.324 989.015 321.818 1103.34 319.948
41800000 142.776 1002.77 326.294 1145.55 320.688
41900000 134.077 1004.92 326.993 1139 319.122
42000000 76.5171 1002.71 326.276 1079.23 318.263
42100000 77.9753 986.384 320.962 1064.36 318.912
42200000 53.2739 1006.91 327.641 1060.18 320.575
42300000 120.574 996.722 324.326 1117.3 320.233
42400000 110.148 1000.7 325.618 1110.84 320.151
42500000 173.119 997.537 324.591 1170.66 319.529
42600000 124.178 976.84 317.856 1101.02 319.908
42700000 108.321 1010.33 328.755 1118.66 320.997
42800000 106.517 990.23 322.213 1096.75 320.615
42900000 137.091 992.285 322.882 1129.38 320.124
43000000 141.833 1015.02 330.279 1156.85 320.89
43100000 172.092 998.452 324.888 1170.54 321.217
43200000 145.042 1002.4 326.173 1147.44 321.329
43300000 100.791 1019.34 331.685 1120.13 320.797
43400000 98.7476 1002.71 326.273 1101.46 320.725
43500000 109.143 1007.4 327.799 1116.54 320.489
43600000 114.24 996.408 324.223 1110.65 320.061
43700000 122.918 1011.17 329.028 1134.09 321.053
43800000 118.433 1019.93 331.878 1138.37 322.305
43900000 51.3952 985.837 320.784 1037.23 323.629
44000000 32.2347 997.446 324.561 1029.68 323.259
44100000 51.2817 1010.99 328.969 1062.27 322.68
44200000 91.5558 1007.3 327.768 1098.86 321.983
44300000 100.282 993.364 323.233 1093.65 322.678
44400000 94.7542 1008.93 328.298 1103.68 323.025
44500000 115.999 994.978 323.758 1110.98 324.563
44600000 124.936 1002.62 326.244 1127.55 326.142
44700000 96.8573 1008.37 328.115 1105.23 326.455
44800000 155.676 992.883 323.076 1148.56 326.413
44900000 115.493 981.831 319.48 1097.32 327.658
45000000 93.4345 995.958 324.077 1089.39 327.654
45100000 59.2994 992.536 322.963 1051.84 327.746
45200000 106.408 995.97 324.081 1102.38 328.302
45300000 115.648 993.622 323.317 1109.27 328.344
45400000 122.734 1005.76 327.267 1128.5 328.099
45500000 71.1988 991.907 322.759 1063.11 328.125
45600000 66.4553 1001.78 325.973 1068.24 329.237
45700000 83.2958 999.514 325.234 1082.81 330.569
45800000 100.099 1008.57 328.18 1108.67 330.268
45900000 73.7454 1006.11 327.38 1079.86 329.428
46000000 119.62 1002.3 326.14 1121.92 328.481
46100000 140.597 999.403 325.198 1140 328.691
46200000 134.533 994.043 323.454 1128.58 328.132
46300000 123.117 993.234 323.19 1116.35 329.474
46400000 43.2369 1003.12 326.408 1046.36 330.415
46500000 56.8285 1013.91 329.918 1070.74 330.416
46600000 62.0259 999.507 325.232 1061.53 330.226
46700000 58.8384 994.102 323.473 1052.94 329.743
46800000 39.1893 989.152 321.862 1028.34 330.019
46900000 93.1514 1007.98 327.99 1101.14 329.873
47000000 102.521 1001.68 325.94 1104.2 330.43
47100000 117.123 1005.71 327.251 1122.84 330.117
47200000 120.922 992.513 322.956 1113.43 330.01
47300000 122.008 981.096 319.241 1103.1 329.952
47400000 123.041 994.187 323.501 1117.23 329.885
47500000 129.996 982.98 319.854 1112.98 330.403
47600000 117.298 996.778 324.344 1114.08 331.252
47700000 90.3986 989.622 322.015 1080.02 332.096
47800000 82.874 1005.86 327.299 1088.74 333.334
47900000 100.938 993.993 323.438 1094.93 334.862
48000000 126.892 1000.27 325.481 1127.17 334.604
48100000 141.217 1003.67 326.586 1144.89 333.05
48200000 84.5108 991.964 322.777 1076.47 331.952
48300000 101.65 1008.37 328.115 1110.02 331.588
48400000 93.8954 1007.46 327.82 1101.36 333.137
48500000 80.5809 991.294 322.559 1071.87 333.794
48600000 78.6484 1000.83 325.663 1079.48 333.613
48700000 87.7632 1002.09 326.073 1089.85 333.731
48800000 107.397 995.388 323.891 1102.78 334.013
48900000 116.247 988.994 321.811 1105.24 333.798
49000000 126.885 996.699 324.318 1123.58 333.613
49100000 149.796 988.328 321.594 1138.12 333.309
49200000 108.401 1000.42 325.529 1108.82 333.333
49300000 105.56 999.85 325.343 1105.41 333.532
49400000 128.998 1006.97 327.66 1135.97 334.388
49500000 84.2582 1001.66 325.932 1085.92 334.124
49600000 90.8033 991.897 322.755 1082.7 334.689
49700000 108.967 1006.75 327.59 1115.72 333.702
49800000 105.727 1004.6 326.89 1110.33 332.766
49900000 86.9114 1004.21 326.764 1091.13 333.173
50000000 70.2524 1001.7 325.944 1071.95 333.536
50100000 108.548 995.496 323.927 1104.04 334.327
50200000 64.9684 1002.08 326.069 1067.05 335.177
50300000 51.8061 1000.6 325.589 1052.41 333.727
50400000 110.826 1005.97 327.335 1116.8 333.823
50500000 108.867 988.132 321.53 1097 334.992
50600000 50.5398 976.626 317.786 1027.17 335.664
50700000 97.2336 992.914 323.086 1090.15 336.607
50800000 110.675 994.455 323.588 1105.13 337.068
50900000 143.191 1000.41 325.524 1143.6 338.156
51000000 119.602 1004.06 326.714 1123.66 338.473
51100000 109.868 1002.81 326.306 1112.68 338.828
51200000 83.7863 996.275 324.18 1080.06 338.428
51300000 72.3436 986.181 320.896 1058.52 338.983
51400000 96.6751 999.409 325.2 1096.08 339.134
51500000 128.843 997.335 324.525 1126.18 341.502
51600000 132.629 1002.9 326.335 1135.53 341.129
51700000 77.351 1012.19 329.357 1089.54 340.876
51800000 77.1497 993.071 323.137 1070.22 341.566
51900000 115.252 1005.03 327.029 1120.28 342.572
52000000 129.169 1007.76 327.916 1136.92 343.407
52100000 111.061 998.804 325.003 1109.87 344.086
52200000 123.934 1001.24 325.797 1125.18 344.284
52300000 113.705 994.818 323.706 1108.52 346.287
52400000 103.568 992.096 322.82 1095.66 347.988
52500000 69.6285 1003.67 326.586 1073.3 347.974
52600000 98.6553 1004.56 326.876 1103.21 348.097
52700000 99.7549 1007.37 327.789 1107.12 349.612
52800000 78.4063 997.952 324.726 1076.36 351.659
52900000 80.067 993.555 323.295 1073.62 352.502
53000000 128.67 1001.84 325.991 1130.51 352.536
53100000 129.109 1000.09 325.422 1129.2 353.04
53200000 124.942 1002.11 326.079 1127.05 353.505
53300000 100.623 986.13 320.879 1086.75 353.96
53400000 103.033 1001.95 326.028 1104.99 355.484
53500000 66.5826 991.193 322.526 1057.78 356.507
53600000 96.2411 1002.77 326.294 1099.01 357.754
53700000 86.0028 1008.39 328.122 1094.39 359.047
53800000 98.6048 1004.64 326.901 1103.24 360.039
53900000 87.6355 1001.7 325.946 1089.34 361.942
54000000 64.1711 991.934 322.767 1056.11 362.332
54100000 78.1837 1020.43 332.039 1098.61 364.287
54200000 70.1084 1014.03 329.959 1084.14 364.733
54300000 96.9465 1001.11 325.754 1098.06 365.64
54400000 107.494 999.111 325.103 1106.61 365.883
54500000 66.0789 995.512 323.932 1061.59 366.419
54600000 91.8716 1002.09 326.072 1093.96 368.218
54700000 131.032 997.186 324.477 1128.22 369.255
54800000 119.858 991.292 322.559 1111.15 370.175
54900000 117.673 993.406 323.246 1111.08 370.913
55000000 144.133 996.739 324.331 1140.87 371.696
55100000 102.703 1013.34 329.734 1116.05 371.924
55200000 113.84 988.935 321.792 1102.78 372.152
55300000 138.41 1001.47 325.87 1139.88 372.615
55400000 113.627 1003.99 326.692 1117.62 373.732
55500000 88.3071 1004.85 326.971 1093.16 374.464
55600000 90.3849 1004.05 326.709 1094.43 375.282
55700000 87.2866 998.861 325.022 1086.15 376.864
55800000 90.1039 990.105 322.172 1080.21 376.903
55900000 90.4468 1014.17 330.002 1104.61 378.476
56000000 84.4089 999.404 325.198 1083.81 378.82
56100000 86.3452 994.289 323.534 1080.63 378.51
56200000 74.2906 1000.91 325.69 1075.21 379.196
56300000 102.319 998.992 325.064 1101.31 378.907
56400000 102.731 1004.67 326.913 1107.41 378.021
56500000 102.388 1001.32 325.822 1103.71 378.914
56600000 112.539 996.167 324.145 1108.71 377.816
56700000 149.891 987.751 321.406 1137.64 377.805
56800000 118.47 987.222 321.234 1105.69 377.911
56900000 121.328 988.028 321.496 1109.36 377.516
57000000 115.238 993.778 323.367 1109.02 376.882
57100000 123.756 988.227 321.561 1111.98 376.253
57200000 141.188 1001.93 326.021 1143.12 377.944
57300000 154.186 1004.88 326.982 1159.07 377.67
57400000 166.978 1010.35 328.76 1177.33 378.22
57500000 97.3655 990.245 322.218 1087.61 379.534
57600000 77.3448 1000.11 325.426 1077.45 379.376
57700000 97.4298 1003.49 326.527 1100.92 380.008
57800000 98.8427 980.986 319.205 1079.83 380.135
57900000 87.4868 994.802 323.701 1082.29 380.236
58000000 71.5664 979.549 318.737 1051.12 380.521
58100000 99.587 990.33 322.246 1089.92 380.165
58200000 49.6224 1004.41 326.826 1054.03 380.321
58300000 103.853 993.057 323.133 1096.91 381.474
58400000 89.6285 987.537 321.337 1077.17 380.855
58500000 86.6802 984.465 320.337 1071.15 381.231
58600000 88.8021 994.049 323.456 1082.85 380.849
58700000 119.777 994.457 323.588 1114.23 380.677
58800000 104.373 1006.34 327.455 1110.71 383.017
58900000 89.4506 1016.47 330.752 1105.92 382.423
59000000 105.48 987.158 321.213 1092.64 382.104
59100000 94.0765 1006.6 327.541 1100.68 382.421
59200000 94.7716 992.988 323.11 1087.76 382.597
59300000 104.49 1003.48 326.526 1107.97 383.117
59400000 129.486 997.914 324.713 1127.4 384.205
59500000 114.313 992.866 323.071 1107.18 386.361
59600000 107.533 990.799 322.398 1098.33 386.12
59700000 97.4604 1010.08 328.671 1107.54 386.01
59800000 67.5206 1001.46 325.868 1068.98 386.41
59900000 94.7489 991.2 322.529 1085.95 387.091
60000000 95.7167 999.53 325.239 1095.25 388.082
60100000 125.633 987.445 321.307 1113.08 387.566
60200000 73.9551 989.99 322.135 1063.95 388.829
60300000 84.7333 999.509 325.232 1084.24 389.294
60400000 91.2454 1004.92 326.994 1096.17 390.375
60500000 114.433 1002.04 326.055 1116.47 391.754
60600000 137.36 996.433 324.232 1133.79 390.139
60700000 109.48 1001.15 325.765 1110.63 391.211
60800000 79.3989 1008.14 328.041 1087.54 393.217
60900000 95.3201 996.664 324.307 1091.98 392.635
61000000 109.523 990.962 322.451 1100.48 392.056
61100000 118.026 995.693 323.991 1113.72 391.513
61200000 78.808 1005.68 327.24 1084.49 392.776
61300000 109.414 990.921 322.438 1100.34 393.857
61400000 98.4106 1000.15 325.441 1098.56 394.492
61500000 115.367 987.586 321.353 1102.95 395.263
61600000 90.5462 993.485 323.272 1084.03 396.413
61700000 128.025 1003.94 326.674 1131.97 397.592
61800000 122.709 1005.98 327.339 1128.69 397.675
61900000 90.4463 994.271 323.528 1084.72 397.655
62000000 78.2916 994.343 323.551 1072.63 398.826
62100000 96.0732 1010.53 328.82 1106.61 399.485
62200000 106.398 981.195 319.273 1087.59 400.144
62300000 75.223 1016.68 330.82 1091.9 399.501
62400000 56.8406 998.739 324.982 1055.58 399.831
62500000 83.1317 999.448 325.212 1082.58 400.831
62600000 123.126 998.735 324.981 1121.86 401.583
62700000 108.679 997.378 324.539 1106.06 403.384
62800000 72.4769 1000.65 325.605 1073.13 402.157
62900000 92.7038 994.392 323.567 1087.1 401.685
63000000 81.8617 997.248 324.497 1079.11 401.589
63100000 45.9922 1012.13 329.338 1058.12 402.035
63200000 109.751 990.926 322.44 1100.68 402.281
63300000 134.153 994.204 323.506 1128.36 403.792
63400000 102.262 1007.17 327.724 1109.43 404.485
63500000 114.467 1005.01 327.023 1119.48 404.929
63600000 93.5046 996.308 324.191 1089.81 404.728
63700000 94.6898 992.285 322.882 1086.97 406.206
63800000 89.5754 994.642 323.649 1084.22 407.402
63900000 100.973 1013.52 329.79 1114.49 407.021
64000000 134.447 1000.3 325.491 1134.75 407.2
64100000 108.074 994.274 323.529 1102.35 406.832
64200000 123.524 996.583 324.28 1120.11 406.384
64300000 94.6302 993.231 323.189 1087.86 406.539
64400000 44.5088 1002.35 326.156 1046.86 407.377
64500000 65.2623 998.837 325.014 1064.1 407.913
64600000 76.5174 994.517 323.608 1071.03 408.522
64700000 69.4997 1001.68 325.938 1071.18 408.434
64800000 124.553 998.252 324.823 1122.8 408.842
64900000 135.588 1001.15 325.767 1136.74 409.484
65000000 134.09 1005.85 327.297 1139.94 409.97
65100000 134.792 992.981 323.108 1127.77 410.669
65200000 96.2276 1006.59 327.535 1102.81 411.02
65300000 119.132 988.644 321.697 1107.78 411.522
65400000 109.339 992.993 323.112 1102.33 411.63
65500000 57.592 996.253 324.173 1053.84 412.883
65600000 104.163 989.306 321.912 1093.47 413.998
65700000 144.631 1004.73 326.932 1149.36 414.356
65800000 85.8115 1004.56 326.875 1090.37 414.333
65900000 95.1709 997.198 324.48 1092.37 413.973
66000000 96.9615 998.814 325.006 1095.78 414.64
66100000 121.413 997.29 324.51 1118.7 414.72
66200000 99.2352 1004.36 326.809 1103.59 414.366
66300000 112.302 996.709 324.321 1109.01 414.269
66400000 94.6228 999.11 325.102 1093.73 413.219
66500000 117.224 991.823 322.731 1109.05 413.897
66600000 65.4739 997.052 324.433 1062.53 414.767
66700000 66.5952 994.362 323.557 1060.96 414.633
66800000 128.243 1005.84 327.292 1134.08 414.797
66900000 103.102 1008.54 328.172 1111.65 415.566
67000000 74.7119 992.579 322.977 1067.29 414.367
67100000 90.5147 992.226 322.863 1082.74 413.239
67200000 65.1642 998.907 325.037 1064.07 413.029
67300000 56.8865 997.988 324.737 1054.87 413.971
67400000 56.6018 993.288 323.208 1049.89 415.097
67500000 93.388 987.049 321.178 1080.44 416.011
67600000 126.684 1004.26 326.78 1130.95 415.392
67700000 139.131 1009.64 328.531 1148.78 415.985
67800000 149.02 994.199 323.504 1143.22 414.41
67900000 93.5452 1007.34 327.78 1100.88 414.938
68000000 98.6186 999.908 325.362 1098.53 415.672
68100000 107.297 1001.88 326.003 1109.18 415.803
68200000 130.347 990.374 322.26 1120.72 415.601
68300000 95.1405 1012.04 329.308 1107.18 416.618
68400000 69.6301 1005.53 327.191 1075.16 416.656
68500000 94.6583 1009.48 328.477 1104.14 416.586
68600000 106.653 1000.7 325.62 1107.36 418.851
68700000 111.233 999.258 325.151 1110.49 420.086
68800000 116.884 1000.89 325.681 1117.77 420.467
68900000 86.8934 991.982 322.783 1078.88 420.722
69000000 114.498 982.217 319.606 1096.71 420.6
69100000 133.825 997.63 324.621 1131.46 421.586
69200000 96.2197 992.268 322.876 1088.49 422.975
69300000 72.8676 984.331 320.294 1057.2 424.784
69400000 83.0473 980.07 318.907 1063.12 423.994
69500000 122.321 986.98 321.155 1109.3 424.065
69600000 138.789 990.388 322.265 1129.18 424.678
69700000 108.856 988.145 321.535 1097 424.423
69800000 87.1131 989.313 321.915 1076.43 423.268
69900000 39.9158 1001.77 325.967 1041.68 423.393
70000000 66.5312 1004.02 326.701 1070.55 423.032
70100000 77.2017 984.481 320.342 1061.68 422.326
70200000 111.411 986.393 320.965 1097.8 422.752
70300000 132.872 1002.45 326.19 1135.32 423.535
70400000 109.53 995.828 324.035 1105.36 423.629
70500000 61.5812 999.713 325.299 1061.29 423.245
70600000 38.8361 989.517 321.981 1028.35 423.449
70700000 53.2184 996.889 324.38 1050.11 424.259
70800000 92.1664 1020.11 331.935 1112.27 423.986
70900000 97.2226 999.185 325.127 1096.41 423.755
71000000 73.1547 997.561 324.599 1070.72 424.445
71100000 48.9262 981.542 319.386 1030.47 423.446
71200000 31.6519 1001.92 326.016 1033.57 423.496
71300000 62.2254 1002.89 326.331 1065.11 424.265
71400000 110.989 991.874 322.748 1102.86 424.305
71500000 104.602 1011.66 329.187 1116.26 424.672
71600000 110.784 993.492 323.274 1104.28 425.592
71700000 100.15 994.994 323.763 1095.14 427.278
71800000 85.0092 996.949 324.399 1081.96 429.106
71900000 95.5309 1000.99 325.714 1096.52 430.187
72000000 112.062 986.558 321.018 1098.62 429.786
72100000 109.299 1016.16 330.652 1125.46 428.297
72200000 93.1888 1003.82 326.636 1097.01 427.637
72300000 89.0102 1003.6 326.565 1092.61 427.739
72400000 115.728 998.523 324.912 1114.25 429.007
72500000 67.601 1005.86 327.299 1073.46 429.605
72600000 78.6068 992.71 323.02 1071.32 431.723
72700000 60.9473 993.126 323.155 1054.07 431.747
72800000 124.757 1009.93 328.623 1134.69 431.554
72900000 69.2452 995.799 324.025 1065.04 431.808
73000000 101.059 994.685 323.663 1095.74 432.766
73100000 134.833 1006.18 327.402 1141.01 433.195
73200000 134.933 996.564 324.274 1131.5 432.803
73300000 122.361 996.49 324.25 1118.85 433.347
73400000 103.789 1006.75 327.589 1110.54 434.23
73500000 97.8497 990.399 322.268 1088.25 434.815
73600000 66.5522 1001.17 325.772 1067.72 435.858
73700000 115.412 1000.21 325.462 1115.63 435.738
73800000 117.829 991.179 322.522 1109.01 435.726
73900000 130.227 1014.76 330.195 1144.99 436.568
74000000 134.522 995.067 323.787 1129.59 437.636
74100000 96.4659 1004.47 326.847 1100.94 438.644
74200000 157.299 1014.97 330.263 1172.27 439.649
74300000 150.765 1000.18 325.452 1150.95 440.482
74400000 80.1951 1004.06 326.713 1084.25 442.268
74500000 82.2184 1016.66 330.812 1098.88 441.672
74600000 104.832 1002.19 326.105 1107.02 443.626
74700000 55.7014 993.948 323.423 1049.65 442.408
74800000 112.224 1004.38 326.816 1116.6 442.673
74900000 81.9037 990.401 322.269 1072.3 444.308
75000000 87.2252 1005.41 327.152 1092.63 445.019
75100000 81.2119 1001.65 325.93 1082.87 445.373
75200000 99.533 995.801 324.026 1095.33 446.177
75300000 87.7051 1006.5 327.507 1094.2 446.669
75400000 111.243 1004.98 327.013 1116.22 448.049
75500000 101.078 1002.88 326.329 1103.96 448.404
75600000 75.3858 1000.28 325.484 1075.67 448.404
75700000 111.215 1002.47 326.196 1113.68 448.228
75800000 105.233 998.182 324.801 1103.42 450.002
75900000 151.617 988.494 321.648 1140.11 450.64
76000000 123.104 999.54 325.243 1122.64 450.168
76100000 97.9204 1013.63 329.828 1111.55 449.436
76200000 124.282 996.487 324.249 1120.77 449.07
76300000 93.8309 980.805 319.146 1074.64 449.684
76400000 141.446 999.63 325.272 1141.08 449.858
76500000 104.667 997.401 324.547 1102.07 449.276
76600000 104.516 1002.32 326.148 1106.84 449.327
76700000 118.142 1002.75 326.287 1120.89 449.152
76800000 115.231 986.096 320.868 1101.33 449.509
76900000 82.4522 994.08 323.466 1076.53 449.737
77000000 73.5709 1014.76 330.196 1088.33 449.14
77100000 75.1636 1002.99 326.364 1078.15 449.097
77200000 65.8343 1001.9 326.01 1067.73 448.397
77300000 96.6419 999.108 325.102 1095.75 449.968
77400000 110.819 991.884 322.751 1102.7 451.13
77500000 74.6884 993.631 323.32 1068.32 452.077
77600000 113.062 1002.86 326.322 1115.92 452.367
77700000 146.306 1009.76 328.567 1156.06 451.283
77800000 103.299 999.73 325.304 1103.03 451.987
77900000 88.6087 1005.23 327.094 1093.84 453.111
78000000 45.7055 1006.34 327.456 1052.05 453.178
78100000 83.5451 993.294 323.21 1076.84 451.513
78200000 85.8136 1005.91 327.314 1091.72 451.401
78300000 82.7632 991.24 322.542 1074 453.074
78400000 107.768 984.838 320.459 1092.61 453.879
78500000 161.703 997.199 324.481 1158.9 453.71
78600000 128.728 990.294 322.234 1119.02 453.453
78700000 136.422 1000.75 325.635 1137.17 453.834
78800000 110.918 998.796 325 1109.71 454.528
78900000 91.161 1000.88 325.678 1092.04 457.232
79000000 125.047 1001.44 325.862 1126.49 458.717
79100000 135.918 991.673 322.683 1127.59 457.862
79200000 137.353 998.556 324.922 1135.91 457.462
79300000 150.25 998.568 324.926 1148.82 456.688
79400000 115.32 994.354 323.555 1109.67 457.311
79500000 118.617 1005.77 327.269 1124.38 458.692
79600000 135.988 1010.52 328.815 1146.51 458.464
79700000 143.337 997.346 324.529 1140.68 458.305
79800000 126.428 998.737 324.981 1125.17 456.628
79900000 75.5981 996.904 324.385 1072.5 456.346
80000000 125.593 986.844 321.111 1112.44 458.223
80100000 120.954 985.242 320.59 1106.2 458.627
80200000 147.974 1001.45 325.865 1149.43 458.453
80300000 108.012 995.707 323.995 1103.72 458.179
80400000 95.1049 1014.61 330.145 1109.71 457.774
80500000 145.038 1003.83 326.64 1148.87 458.716
80600000 130.773 993.953 323.424 1124.73 458.782
80700000 140.886 1011.34 329.082 1152.23 459.608
80800000 113.873 982.03 319.545 1095.9 461.48
80900000 122.807 1007.6 327.866 1130.41 463.228
81000000 99.5121 1006.16 327.395 1105.67 463.417
81100000 84.544 993.405 323.246 1077.95 463.145
81200000 60.7921 983.61 320.059 1044.4 461.134
81300000 119.322 982.013 319.539 1101.33 459.652
81400000 117.001 995.247 323.846 1112.25 458.821
81500000 115.029 995.846 324.04 1110.88 459.384
81600000 119.575 993.412 323.248 1112.99 461.071
81700000 89.434 1009.65 328.532 1099.08 462.638
81800000 91.1984 1009.48 328.477 1100.68 464.416
81900000 109.401 983.304 319.959 1092.71 464.582
82000000 115.369 999.365 325.185 1114.73 463.919
82100000 94.8383 1003.5 326.532 1098.34 463.284
82200000 73.9687 992.805 323.051 1066.77 463.259
82300000 86.2571 999.588 325.258 1085.85 463.628
82400000 110.969 987.315 321.265 1098.28 464.352
82500000 143.678 1000.34 325.503 1144.02 463.631
82600000 138.955 992.699 323.016 1131.65 463.893
82700000 137.35 998.954 325.052 1136.3 465.186
82800000 171.609 1007.63 327.876 1179.24 465.962
82900000 128.672 1006.51 327.511 1135.18 467.101
83000000 125.072 970.552 315.81 1095.62 466.61
83100000 112.556 983.453 320.008 1096.01 466.306
83200000 150.403 996.348 324.204 1146.75 465.173
83300000 138.912 997.491 324.576 1136.4 464.843
83400000 131.616 996.286 324.184 1127.9 466.888
83500000 119.328 1010.89 328.934 1130.21 466.698
83600000 118.383 987.726 321.398 1106.11 467.509
83700000 104.42 996.371 324.211 1100.79 467.328
83800000 97.8566 1005.11 327.055 1102.97 467.347
83900000 100.4 996.203 324.156 1096.6 467.648
84000000 92.7307 1006.5 327.509 1099.23 467.228
84100000 77.8266 998.793 324.999 1076.62 467.756
84200000 37.3532 1010.62 328.849 1047.98 468.935
84300000 94.9506 999.309 325.167 1094.26 469.174
84400000 113.659 999.679 325.288 1113.34 469.342
84500000 83.8502 998.294 324.837 1082.14 470.043
84600000 101.708 987.747 321.405 1089.45 469.761
84700000 124.068 996.301 324.188 1120.37 469.504
84800000 76.3605 995.371 323.886 1071.73 470.024
84900000 99.4965 1008.79 328.254 1108.29 471.4
85000000 160.723 993.061 323.134 1153.78 471.666
85100000 115.582 990.414 322.273 1106 472.416
85200000 96.7622 998.267 324.828 1095.03 474.993
85300000 101.51 1003.29 326.464 1104.8 476.183
85400000 102.333 1001.39 325.845 1103.72 477.069
85500000 126.485 1002.92 326.341 1129.4 477.872
85600000 149.948 992.869 323.072 1142.82 477.544
85700000 100.606 992.008 322.791 1092.61 477.298
85800000 151.818 992.036 322.801 1143.85 477.692
85900000 123.501 1005.08 327.044 1128.58 478.418
86000000 100.215 998.128 324.783 1098.34 478.936
86100000 127.426 1003.87 326.651 1131.3 479.471
86200000 116.484 1006.43 327.485 1122.92 480.538
86300000 121.917 994.542 323.616 1116.46 481.716
86400000 157.452 1009.11 328.356 1166.56 482.227
86500000 124.423 1021.57 332.412 1146 481.874
86600000 77.9428 995.737 324.005 1073.68 481.674
86700000 95.5587 994.127 323.481 1089.69 480.73
86800000 114.946 1003.1 326.4 1118.04 479.323
86900000 72.0677 1004.03 326.702 1076.09 479.663
87000000 90.0041 998.433 324.882 1088.44 479.333
87100000 101.869 995.973 324.082 1097.84 480.308
87200000 138.423 992.631 322.994 1131.05 481.683
87300000 131.942 997.784 324.671 1129.73 482.013
87400000 122.292 993.841 323.388 1116.13 481.406
87500000 121.481 997.973 324.733 1119.45 480.945
87600000 72.8341 1013.7 329.849 1086.53 482.737
87700000 106.444 993.06 323.134 1099.5 483.884
87800000 102.567 986.605 321.033 1089.17 485.733
87900000 100.494 1007.82 327.935 1108.31 486.178
88000000 158.465 996.356 324.206 1154.82 486.257
88100000 176.761 989.557 321.994 1166.32 486.344
88200000 131.519 995.904 324.059 1127.42 488.035
88300000 109.387 982.699 319.763 1092.09 489.586
88400000 106.202 1001.05 325.733 1107.25 490.188
88500000 95.118 1001.91 326.015 1097.03 489.778
88600000 56.589 1011.98 329.289 1068.57 488.286
88700000 60.7365 980.005 318.886 1040.74 487.897
88800000 93.8501 997.066 324.437 1090.92 487.712
88900000 82.3042 997.252 324.498 1079.56 489.275
89000000 150.236 990.693 322.364 1140.93 489.647
89100000 116.789 996.025 324.099 1112.81 490.27
89200000 119.225 992.606 322.986 1111.83 490.286
89300000 93.6562 999.486 325.225 1093.14 490.287
89400000 144.856 997.546 324.594 1142.4 490.507
89500000 135.353 1006.54 327.521 1141.89 490.219
89600000 85.4217 1006.34 327.455 1091.76 489.151
89700000 90.6037 1002.58 326.233 1093.19 489.274
89800000 108.371 1002.19 326.105 1110.56 489.203
89900000 90.1253 985.7 320.739 1075.83 489.513
90000000 96.1626 1014.98 330.268 1111.15 489.179
90100000 64.7572 997.316 324.519 1062.07 489.248
90200000 61.7945 999.773 325.318 1061.57 489.176
90300000 70.0321 997.223 324.488 1067.25 490.015
90400000 62.8014 1001.18 325.777 1063.98 490.304
90500000 111.725 1007.19 327.73 1118.91 490.654
90600000 99.2902 987.967 321.477 1087.26 490.599
90700000 83.3749 1000.21 325.462 1083.59 490.377
90800000 132.575 1005.92 327.319 1138.5 490.174
90900000 101.322 998.768 324.991 1100.09 488.913
91000000 42.2997 1000.56 325.575 1042.86 490.141
91100000 70.8718 994.467 323.592 1065.34 490.946
91200000 99.6057 1000.29 325.485 1099.89 491.499
91300000 93.8795 993.909 323.41 1087.79 492.731
91400000 80.1857 989.488 321.972 1069.67 492.671
91500000 95.1712 982.631 319.74 1077.8 492.21
91600000 99.6203 1002.1 326.076 1101.72 491.206
91700000 113.748 998.021 324.748 1111.77 490.935
91800000 87.4734 1001.11 325.754 1088.59 491.88
91900000 101.869 995.467 323.917 1097.34 492.061
92000000 108.974 1011.2 329.035 1120.17 492.803
92100000 137.019 993.577 323.302 1130.6 494.037
92200000 120.267 1009.22 328.392 1129.49 494.343
92300000 153.135 1003.54 326.543 1156.67 494.098
92400000 122.1 999.861 325.347 1121.96 496.503
92500000 100.575 1002.98 326.362 1103.55 497.474
92600000 117.846 988.316 321.59 1106.16 497.597
92700000 120.279 1013.64 329.832 1133.92 497.993
92800000 104.83 996.707 324.321 1101.54 498.948
92900000 97.128 1002.15 326.091 1099.27 499.7
93000000 121.256 998.878 325.027 1120.13 500.293
93100000 138.338 1000.28 325.483 1138.62 500.798
93200000 136.953 999.79 325.324 1136.74 499.637
93300000 112.241 1001.71 325.948 1113.95 499.36
93400000 83.5342 997.413 324.55 1080.95 500.763
93500000 105.325 986.9 321.13 1092.22 501.276
93600000 108.096 990.2 322.203 1098.3 500.777
93700000 70.5783 999.635 325.273 1070.21 500.701
93800000 105.202 997.503 324.58 1102.71 501.334
93900000 84.7419 1001.5 325.88 1086.24 502.127
94000000 96.3419 1004.59 326.885 1100.93 500.764
94100000 100.375 981.635 319.416 1082.01 501.249
94200000 84.9346 1003.65 326.58 1088.59 501.65
94300000 71.6678 1003.96 326.68 1075.62 502.186
94400000 99.3894 1007.15 327.719 1106.54 502.245
94500000 88.5162 1001.34 325.827 1089.85 501.936
94600000 76.1173 986.069 320.859 1062.19 504.297
94700000 88.5696 1003.44 326.511 1092.01 505.672
94800000 87.7171 1001.87 326.002 1089.59 504.617
94900000 93.506 1010.27 328.733 1103.77 504.38
95000000 74.5428 987.457 321.311 1062 506.233
95100000 86.2779 1002.05 326.059 1088.33 507.674
95200000 89.5626 1007.42 327.806 1096.98 508.084
95300000 153.689 987.778 321.415 1141.47 507.807
95400000 107.337 990.584 322.328 1097.92 508.631
95500000 112.952 1008.68 328.216 1121.63 508.311
95600000 75.6146 987.739 321.402 1063.35 509.249
95700000 87.0583 1001.98 326.038 1089.04 509.743
95800000 95.6014 1006.13 327.387 1101.73 508.973
95900000 165.885 998.026 324.75 1163.91 509.271
96000000 152.719 996.505 324.255 1149.22 510.08
96100000 155.288 1001.49 325.878 1156.78 510.646
96200000 143.514 1000.34 325.503 1143.85 512.345
96300000 134.846 1007 327.669 1141.84 512.295
96400000 125.757 995.32 323.869 1121.08 511.964
96500000 87.3985 986.569 321.022 1073.97 512.128
96600000 105.081 1011.27 329.061 1116.35 511.806
96700000 112.574 990.993 322.461 1103.57 512.235
96800000 140.837 997.916 324.714 1138.75 513.039
96900000 165.999 1003.72 326.604 1169.72 513.366
97000000 147.561 992.817 323.055 1140.38 513.28
97100000 103.556 996.341 324.202 1099.9 513.716
97200000 97.5671 998.312 324.843 1095.88 512.898
97300000 147.284 1008.92 328.295 1156.21 513.146
97400000 123.201 987.12 321.201 1110.32 513.473
97500000 99.065 999.072 325.09 1098.14 514.315
97600000 81.3628 991.952 322.773 1073.32 514.421
97700000 87.2653 995.327 323.871 1082.59 515.693
97800000 71.8282 990.751 322.383 1062.58 516.807
97900000 91.1819 992.61 322.988 1083.79 518.333
98000000 74.6854 1007.92 327.969 1082.6 518.009
98100000 89.4846 991.569 322.649 1081.05 517.438
98200000 95.9682 995.95 324.074 1091.92 518.842
98300000 105.064 995.417 323.901 1100.48 519.408
98400000 81.1517 1001.11 325.754 1082.26 519.757
98500000 141.273 1004.24 326.771 1145.51 518.955
98600000 114.179 1000.49 325.551 1114.67 518.593
98700000 111.054 997.265 324.502 1108.32 519.699
98800000 121.253 1002.33 326.149 1123.58 520.06
98900000 131.639 988.764 321.736 1120.4 520.596
99000000 158.149 997.47 324.569 1155.62 519.806
99100000 124.515 988.134 321.531 1112.65 518.651
99200000 131.903 998.961 325.054 1130.86 518.328
99300000 118.428 1010.31 328.746 1128.74 518.502
99400000 133.979 1009.24 328.398 1143.22 518.65
99500000 117.963 1001.42 325.855 1119.39 519.8
99600000 105.725 1003.88 326.655 1109.61 520.222
99700000 93.3899 997.634 324.622 1091.02 521.802
99800000 111.436 1001.47 325.87 1112.9 522.57
99900000 137.317 993.474 323.269 1130.79 522.676
100000000 151.805 1002.46 326.191 1154.26 523.391
100100000 167.501 997.406 324.548 1164.91 524.503
100200000 142.75 995.846 324.04 1138.6 524.956
100300000 124.096 1005.52 327.187 1129.61 525.468
100400000 96.992 1019.08 331.599 1116.07 525.545
100500000 50.8361 995.476 323.92 1046.31 525.321
100600000 88.2154 1008.03 328.005 1096.25 524.871
100700000 89.0273 996.92 324.39 1085.95 524.143
100800000 63.3796 991.427 322.603 1054.81 523.888
100900000 140.773 989.516 321.981 1130.29 523.466
101000000 131.616 1006.63 327.551 1138.25 522.671
101100000 118.223 1015.12 330.311 1133.34 522.612
101200000 76.3626 1005.94 327.325 1082.3 522.557
101300000 89.5367 1001.31 325.819 1090.85 523.302
101400000 117.519 1003.1 326.401 1120.62 523.432
101500000 120.619 990.711 322.37 1111.33 523.925
101600000 118.647 999.771 325.318 1118.42 524.792
101700000 126.837 989.015 321.818 1115.85 526.237
101800000 126.955 982.819 319.802 1109.77 527.386
101900000 110.588 976.439 317.725 1087.03 528.373
102000000 98.7126 984.939 320.491 1083.65 529.021
102100000 81.072 1008.77 328.245 1089.84 527.498
102200000 113.062 991.433 322.605 1104.5 526.76
102300000 112.857 985.023 320.519 1097.88 526.296
102400000 119.107 1005.75 327.263 1124.86 525.734
102500000 112.954 1003.14 326.415 1116.1 526.841
102600000 157.276 998.245 324.821 1155.52 527.544
102700000 177.709 1004.25 326.775 1181.96 527.769
102800000 130.207 999.331 325.175 1129.54 527.98
102900000 153.545 994.337 323.549 1147.88 527.804
103000000 141.678 999.593 325.26 1141.27 527.214
103100000 111.038 1006.06 327.363 1117.1 528.09
103200000 131.596 1008.39 328.121 1139.98 528.674
103300000 135.123 982.648 319.746 1117.77 528.62
103400000 125.275 997.122 324.456 1122.4 528.167
103500000 103.858 978.426 318.372 1082.28 528.262
103600000 118.843 990.993 322.461 1109.84 528.96
103700000 126.509 994.516 323.608 1121.02 530.466
103800000 165.92 1011.21 329.038 1177.13 530.939
103900000 148.398 1006.53 327.515 1154.92 532.702
104000000 118.049 996.344 324.202 1114.39 533.856
104100000 111.03 998.99 325.063 1110.02 534.03
104200000 101.118 997.26 324.501 1098.38 534.978
104300000 134.166 992.245 322.869 1126.41 534.766
104400000 87.9009 993.756 323.36 1081.66 533.481
104500000 89.5508 1005.4 327.15 1094.95 532.932
104600000 59.7077 1000.12 325.43 1059.82 533.698
104700000 60.126 1017.19 330.985 1077.31 533.505
104800000 85.7299 1005.7 327.248 1091.43 532.816
104900000 68.5536 997.665 324.632 1066.22 532.507
105000000 10.7894 1010.1 328.678 1020.89 532.574
