# Time-averaged data for fix favg
# TimeStep v_vpe v_vke v_vT v_vE v_vRg
5100000 -58.6206 1805.96 298.307 1747.34 152.308
5200000 -114.153 1807.16 298.506 1693.01 153.035
5300000 -123.844 1812.98 299.467 1689.14 154.235
5400000 -34.6788 1825.97 301.613 1791.29 155.094
5500000 -73.5283 1821.41 300.86 1747.88 155.989
5600000 -102.797 1822.19 300.989 1719.4 157.034
5700000 -83.6425 1821.53 300.88 1737.89 157.501
5800000 -137.832 1823.52 301.207 1685.68 157.515
5900000 -83.5653 1810.75 299.098 1727.18 158.419
6000000 -108.255 1801.65 297.595 1693.39 159.255
6100000 -85.9086 1827.36 301.842 1741.45 159.119
6200000 -96.2585 1823.18 301.152 1726.92 160.546
6300000 -129.798 1821.48 300.871 1691.68 161.191
6400000 -143.002 1831.63 302.548 1688.63 162.234
6500000 -161.804 1807.63 298.584 1645.83 163.833
6600000 -126.33 1817.38 300.193 1691.05 165.006
6700000 -142.996 1836.21 303.304 1693.21 165.363
6800000 -146.883 1810.19 299.006 1663.31 165.603
6900000 -156.582 1819.1 300.478 1662.52 165.813
7000000 -124.102 1805.49 298.229 1681.38 165.741
7100000 -98.3101 1805.96 298.307 1707.65 166.329
7200000 -67.2343 1802.18 297.683 1734.95 166.902
7300000 -59.1029 1816.63 300.07 1757.53 168.801
7400000 -101.73 1812.01 299.306 1710.28 169.718
7500000 -79.4128 1837.41 303.502 1758 169.901
7600000 -9.41048 1821.3 300.842 1811.89 170.473
7700000 -45.2934 1816.86 300.108 1771.57 171.343
7800000 -57.0279 1816.6 300.064 1759.57 172.535
7900000 -67.5741 1811.11 299.159 1743.54 173.135
8000000 -58.7841 1813.51 299.554 1754.73 173.512
8100000 -79.5395 1820.12 300.647 1740.58 174.221
8200000 -97.4349 1815.16 299.827 1717.72 174.877
8300000 -104.61 1812.27 299.349 1707.66 175.79
8400000 -73.592 1782.89 294.496 1709.29 176.756
8500000 -102.377 1794.48 296.411 1692.1 176.732
8600000 -149.009 1807.98 298.64 1658.97 177.122
8700000 -139.454 1818.73 300.417 1679.28 177.3
8800000 -142.032 1808.56 298.737 1666.53 177.111
8900000 -96.4621 1807.94 298.634 1711.48 176.873
9000000 -136.145 1829.06 302.123 1692.92 177.247
9100000 -83.8291 1814.48 299.714 1730.65 177.832
9200000 -89.6248 1818.49 300.377 1728.87 178.713
9300000 -108.932 1810.67 299.086 1701.74 178.833
9400000 -113.614 1819.2 300.494 1705.58 178.992
9500000 -134.573 1824.7 301.404 1690.13 179.538
9600000 -135.34 1822.51 301.041 1687.17 179.611
9700000 -173.219 1815.91 299.95 1642.69 179.866
9800000 -123.863 1822 300.958 1698.14 180.956
9900000 -101.914 1827.34 301.839 1725.43 180.933
10000000 -107.733 1824.43 301.359 1716.7 181.618
10100000 -98.4312 1795.3 296.547 1696.87 182.794
10200000 -76.5666 1815.36 299.861 1738.8 183.698
10300000 -138.864 1811.97 299.301 1673.11 184.237
10400000 -111.034 1801.73 297.608 1690.69 185.317
10500000 -137.833 1818.26 300.339 1680.43 185.028
10600000 -63.244 1831.12 302.464 1767.88 185.528
10700000 -88.1457 1805.57 298.243 1717.42 185.781
10800000 -106.305 1814.8 299.767 1708.49 186.717
10900000 -145.355 1829.44 302.186 1684.09 187.687
11000000 -146.753 1813.05 299.478 1666.3 187.521
11100000 -163.55 1820.08 300.639 1656.53 187.897
11200000 -121.096 1812.5 299.388 1691.41 188.886
11300000 -133.86 1801.88 297.634 1668.02 189.316
11400000 -188.287 1819.17 300.489 1630.88 190.817
11500000 -200.893 1812.87 299.448 1611.97 191.816
11600000 -230.245 1818.35 300.353 1588.1 193.09
11700000 -201.239 1823.45 301.196 1622.21 193.101
11800000 -223.42 1809.17 298.837 1585.75 194.329
11900000 -155.798 1815.84 299.939 1660.04 194.741
12000000 -120.989 1835.72 303.224 1714.73 195.338
12100000 -112.619 1807.48 298.558 1694.86 195.323
12200000 -114.674 1810.94 299.13 1696.27 195.211
12300000 -140.059 1800.72 297.441 1660.66 195.985
12400000 -135.124 1831.71 302.561 1696.59 196.989
12500000 -121.355 1824.38 301.35 1703.03 197.2
12600000 -107.078 1816.07 299.977 1708.99 196.565
12700000 -119.08 1817.93 300.284 1698.85 196.991
12800000 -74.6027 1839.13 303.786 1764.52 198.09
12900000 -92.0185 1822.45 301.031 1730.43 198.676
13000000 -124.61 1817.92 300.283 1693.31 199.021
13100000 -149.608 1805.05 298.157 1655.44 200.113
13200000 -123.438 1805.53 298.237 1682.1 201.367
13300000 -127.897 1807.47 298.556 1679.57 202.272
13400000 -85.3335 1821.03 300.797 1735.7 203.578
13500000 -96.1782 1817.02 300.134 1720.84 203.94
13600000 -98.5247 1828.54 302.037 1730.02 204.559
13700000 -103.492 1792.37 296.063 1688.88 205.288
13800000 -94.0368 1801.32 297.541 1707.28 205.587
13900000 -120.569 1815.32 299.853 1694.75 206.1
14000000 -100.496 1798.21 297.027 1697.71 206.555
14100000 -119.317 1817.97 300.291 1698.65 207.767
14200000 -136.297 1814.8 299.768 1678.5 208.551
14300000 -142.464 1804.75 298.107 1662.29 208.919
14400000 -121.634 1805.28 298.195 1683.65 208.503
14500000 -45.7271 1803.06 297.828 1757.33 209.039
14600000 -43.9659 1808.02 298.648 1764.05 208.909
14700000 -46.8022 1808.62 298.747 1761.82 209.874
14800000 -16.3526 1824.08 301.301 1807.73 209.835
14900000 -79.0455 1834.76 303.064 1755.71 210.361
15000000 -124.16 1805.73 298.269 1681.57 210.932
15100000 -76.3845 1826.95 301.775 1750.57 211.994
15200000 -102.443 1830.75 302.402 1728.31 212.109
15300000 -121.686 1818.58 300.393 1696.9 212.701
15400000 -105.751 1828.21 301.983 1722.46 213.54
15500000 -61.3493 1823.24 301.162 1761.89 214.806
15600000 -114.934 1817.67 300.241 1702.73 214.778
15700000 -103.936 1798.75 297.117 1694.82 214.964
15800000 -108.022 1811.85 299.281 1703.83 215.175
15900000 -172.873 1825.05 301.46 1652.17 215.422
16000000 -191.235 1814.61 299.737 1623.38 215.536
16100000 -111.212 1828.58 302.043 1717.36 216.203
16200000 -126.226 1808.36 298.704 1682.14 216.85
16300000 -103.971 1818.73 300.417 1714.76 217.495
16400000 -94.2568 1816.97 300.127 1722.72 217.885
16500000 -68.2257 1807.63 298.584 1739.41 218.838
16600000 -44.5241 1804.53 298.072 1760.01 218.939
16700000 -103.788 1811.86 299.282 1708.07 219.861
16800000 -127.002 1820.1 300.644 1693.1 221.413
16900000 -108.446 1826.19 301.649 1717.74 221.614
17000000 -118.914 1830.02 302.282 1711.11 222.192
17100000 -182.712 1814.02 299.639 1631.31 222.728
17200000 -132.546 1843.07 304.437 1710.52 223.209
17300000 -79.3271 1814.53 299.722 1735.2 223.122
17400000 -40.7291 1816.19 299.997 1775.46 224.138
17500000 -79.5966 1825.91 301.602 1746.31 224.642
17600000 -128 1810.68 299.086 1682.68 224.617
17700000 -117.112 1809.83 298.947 1692.72 224.457
17800000 -100.852 1822.72 301.076 1721.87 223.985
17900000 -79.7452 1807.84 298.618 1728.1 224.204
18000000 -117.32 1809.18 298.839 1691.86 225.045
18100000 -119.803 1800.01 297.325 1680.21 226.058
18200000 -110.277 1831.67 302.555 1721.4 226.282
18300000 -114.133 1819.79 300.592 1705.66 226.154
18400000 -79.5473 1819.54 300.55 1739.99 226.911
18500000 -61.1941 1811.54 299.229 1750.35 227.461
18600000 -162.657 1815.7 299.916 1653.04 227.76
18700000 -143.405 1831.87 302.587 1688.46 227.805
18800000 -169.545 1808.68 298.757 1639.14 227.885
18900000 -105.474 1832.1 302.626 1726.63 228.773
19000000 -113.632 1811.95 299.297 1698.32 229.139
19100000 -112.23 1827.83 301.92 1715.6 228.858
19200000 -74.0923 1822.44 301.029 1748.35 228.887
19300000 -42.0567 1833.94 302.928 1791.88 228.292
19400000 -44.3954 1817.59 300.229 1773.2 228.188
19500000 -63.0147 1813.06 299.48 1750.04 228.538
19600000 -93.0027 1825.16 301.479 1732.16 228.606
19700000 -47.9576 1801.63 297.593 1753.68 228.011
19800000 -85.7357 1824.93 301.441 1739.2 228.516
19900000 -109.121 1841.93 304.249 1732.81 229.176
20000000 -134.819 1809.89 298.956 1675.07 229.702
20100000 -118.497 1825.26 301.494 1706.76 230.524
20200000 -111.202 1819.77 300.589 1708.57 231.22
20300000 -140.378 1819.77 300.588 1679.39 231.163
20400000 -131.129 1829.66 302.222 1698.53 230.939
20500000 -105.444 1822.75 301.081 1717.31 231.462
20600000 -58.5424 1822.41 301.024 1763.86 231.75
20700000 -115.311 1811.58 299.236 1696.27 232.038
20800000 -109.632 1828.29 301.996 1718.66 232.49
20900000 -123.098 1817.51 300.215 1694.41 232.754
21000000 -90.6072 1827.87 301.926 1737.26 233.236
21100000 -127.267 1824.77 301.414 1697.5 234.124
21200000 -137.049 1808.99 298.807 1671.94 234.022
21300000 -135.823 1815.7 299.916 1679.88 234.674
21400000 -135.892 1810.88 299.12 1674.99 235.04
21500000 -156.951 1820.2 300.66 1663.25 234.934
21600000 -138.476 1814.43 299.707 1675.96 234.532
21700000 -132.426 1822.21 300.992 1689.79 234.639
21800000 -82.9976 1819.04 300.468 1736.04 234.74
21900000 -110.088 1819.77 300.588 1709.68 234.475
22000000 -78.0974 1816.68 300.079 1738.59 235.489
22100000 -107.688 1820.9 300.775 1713.21 236.664
22200000 -98.4074 1827.98 301.945 1729.58 237.741
22300000 -80.0328 1817.74 300.254 1737.71 238.526
22400000 -130.107 1800.38 297.385 1670.27 238.775
22500000 -148.133 1824.57 301.381 1676.43 238.429
22600000 -144.676 1813.75 299.593 1669.07 239.329
22700000 -91.3846 1824.08 301.3 1732.69 239.243
22800000 -111.333 1814.8 299.768 1703.47 239.34
22900000 -148.179 1827.09 301.798 1678.91 240.398
23000000 -159.283 1814.75 299.759 1655.46 241.606
23100000 -153.712 1804.6 298.083 1650.89 243.471
23200000 -166.216 1823.19 301.153 1656.97 244.214
23300000 -149.736 1806.34 298.371 1656.61 244.83
23400000 -103.01 1801.58 297.584 1698.57 245.561
23500000 -80.0964 1821.71 300.908 1741.61 245.564
23600000 -115.012 1808.82 298.78 1693.81 245.78
23700000 -145.226 1808.09 298.66 1662.87 246.201
23800000 -142.077 1815.92 299.952 1673.84 245.305
23900000 -82.3645 1823.13 301.144 1740.77 244.961
24000000 -121.058 1818.07 300.307 1697.01 245.994
24100000 -76.4248 1802.87 297.797 1726.44 245.752
24200000 -72.0399 1816.24 300.005 1744.2 246.066
24300000 -84.4432 1802.94 297.808 1718.5 246.969
24400000 -41.1386 1816.1 299.982 1774.96 247.986
24500000 -71.6435 1832.47 302.686 1760.82 248.374
24600000 -107.271 1818.64 300.401 1711.37 249.401
24700000 -139.91 1832.86 302.75 1692.95 249.203
24800000 -91.8331 1824.94 301.443 1733.11 248.886
24900000 -114.948 1831.86 302.586 1716.92 249.168
25000000 -94.547 1816.82 300.102 1722.28 250.142
25100000 -50.4883 1829.1 302.13 1778.61 250.479
25200000 -80.6409 1809.82 298.944 1729.18 250.177
25300000 -120.096 1820.6 300.726 1700.5 250.222
25400000 -83.086 1811.91 299.29 1728.82 250.425
25500000 -66.6942 1823.44 301.195 1756.75 250.382
25600000 -83.061 1812.59 299.403 1729.53 251.452
25700000 -88.4893 1822.61 301.058 1734.13 251.741
25800000 -105.311 1814.1 299.652 1708.79 252.101
25900000 -94.9691 1804.96 298.142 1709.99 252.599
26000000 -138.436 1816.46 300.041 1678.02 253.747
26100000 -120.374 1809.97 298.97 1689.6 254.815
26200000 -80.886 1833.12 302.793 1752.23 254.228
26300000 -68.0293 1800.7 297.439 1732.67 253.954
26400000 -113.55 1821.56 300.885 1708.01 253.83
26500000 -120.11 1791.4 295.903 1671.29 254.09
26600000 -69.2761 1827.63 301.886 1758.35 252.923
26700000 -151.062 1814.42 299.705 1663.36 252.416
26800000 -184.958 1799.64 297.263 1614.68 252.369
26900000 -138.447 1803.82 297.954 1665.37 252.806
27000000 -133.499 1813.33 299.525 1679.83 253.253
27100000 -160.876 1821.89 300.938 1661.01 254.046
27200000 -150.592 1817.07 300.143 1666.48 254.025
27300000 -142.417 1807.8 298.611 1665.38 255.043
27400000 -173.077 1817.59 300.228 1644.51 255.768
27500000 -189.777 1817.44 300.203 1627.66 256.079
27600000 -164.12 1809.48 298.889 1645.36 256.319
27700000 -149.9 1821.83 300.929 1671.93 256.452
27800000 -101.013 1828.1 301.964 1727.09 256.52
27900000 -88.7653 1840.24 303.97 1751.48 256.907
28000000 -133.688 1811.56 299.233 1677.88 257.291
28100000 -106.542 1837.91 303.585 1731.37 257.439
28200000 -170.635 1821.77 300.919 1651.14 258.791
28300000 -118.096 1814.22 299.672 1696.13 259.64
28400000 -152.981 1799.2 297.191 1646.22 260.438
28500000 -132.869 1798.66 297.102 1665.79 260.729
28600000 -155.219 1812.63 299.41 1657.41 261.688
28700000 -148.44 1819.8 300.594 1671.36 262.966
28800000 -133.921 1804.98 298.146 1671.06 262.678
28900000 -186.418 1809.05 298.817 1622.63 263.404
29000000 -110.744 1806 298.313 1695.25 263.91
29100000 -50.1908 1817.99 300.295 1767.8 264.079
29200000 -94.7324 1819.45 300.536 1724.72 264.06
29300000 -87.6653 1817.41 300.199 1729.75 264.51
29400000 -168.615 1820.67 300.737 1652.06 264.789
29500000 -201.074 1788.85 295.481 1587.78 265.208
29600000 -80.4964 1827.9 301.931 1747.4 265.074
29700000 -95.5546 1809.14 298.832 1713.58 264.992
29800000 -91.6973 1829.55 302.204 1737.85 265.827
29900000 -24.1924 1817.61 300.232 1793.42 266.894
30000000 -96.001 1802.03 297.658 1706.03 267.399
30100000 -106.321 1822 300.957 1715.68 267.581
30200000 -115.339 1815.86 299.943 1700.52 267.668
30300000 -154.484 1827.21 301.817 1672.72 266.614
30400000 -151.532 1832.28 302.654 1680.74 266.883
30500000 -186.512 1815.69 299.915 1629.18 268.18
30600000 -177.987 1823.21 301.156 1645.22 268.74
30700000 -159.743 1808.1 298.661 1648.36 268.471
30800000 -101.293 1802.3 297.703 1701.01 267.241
30900000 -160.572 1809.82 298.945 1649.25 267.15
31000000 -144.529 1823.67 301.232 1679.14 267.706
31100000 -97.6114 1816.35 300.024 1718.74 268.753
31200000 -82.3547 1806.54 298.403 1724.18 269.451
31300000 -108.067 1809.31 298.861 1701.25 269.616
31400000 -115.328 1805.57 298.243 1690.24 269.822
31500000 -96.1064 1832.88 302.754 1736.77 270.448
31600000 -128.682 1816.26 300.008 1687.58 271.391
31700000 -138.886 1823.38 301.185 1684.5 271.918
31800000 -169.205 1820.14 300.65 1650.94 272.561
31900000 -149.75 1822.87 301.1 1673.12 273.623
32000000 -151.917 1820.23 300.665 1668.31 274.294
32100000 -111.49 1801.32 297.541 1689.83 274.695
32200000 -119.648 1803.34 297.875 1683.69 275.527
32300000 -55.6732 1835.37 303.165 1779.69 276.841
32400000 -85.8058 1811.73 299.261 1725.93 277.169
32500000 -140.699 1804.13 298.005 1663.43 277.583
32600000 -131.195 1830.47 302.357 1699.28 278.214
32700000 -60.0322 1819.56 300.554 1759.53 278.382
32800000 -92.2844 1809.81 298.944 1717.53 278.645
32900000 -100.822 1813.08 299.484 1712.26 278.99
33000000 -54.4415 1814.19 299.666 1759.74 279.096
33100000 -97.4511 1815.94 299.956 1718.49 279.126
33200000 -118.966 1818.45 300.371 1699.49 279.039
33300000 -95.4123 1792.88 296.147 1697.47 279.198
33400000 -113.309 1819.73 300.582 1706.43 279.861
33500000 -110.677 1826.98 301.78 1716.31 280.898
33600000 -136.054 1816.67 300.076 1680.61 281.04
33700000 -121.958 1813.92 299.623 1691.96 281.656
33800000 -134.62 1825.15 301.477 1690.53 282.67
33900000 -93.6786 1810.73 299.096 1717.06 283.595
34000000 -71.821 1812.16 299.331 1740.34 284.754
34100000 -72.9682 1835 303.103 1762.03 285.406
34200000 -87.0097 1834.61 303.039 1747.6 285.739
34300000 -127.496 1824.38 301.35 1696.89 286.573
34400000 -121.078 1840.59 304.027 1719.51 286.78
34500000 -50.1063 1824 301.288 1773.9 286.773
34600000 -117.827 1824.78 301.416 1706.95 286.7
34700000 -119.491 1816.43 300.037 1696.94 286.809
34800000 -151.171 1811.02 299.142 1659.84 286.545
34900000 -175.676 1817.4 300.196 1641.72 286.501
35000000 -175.331 1815.56 299.892 1640.23 287.146
35100000 -123.709 1798.55 297.083 1674.84 286.82
35200000 -118.463 1818.11 300.314 1699.64 286.545
35300000 -106.79 1820.66 300.736 1713.87 287.873
35400000 -75.7179 1811.08 299.154 1735.37 289.109
35500000 -0.495418 1819.77 300.589 1819.28 288.721
35600000 -29.7546 1820.19 300.658 1790.44 288.644
35700000 -94.8637 1809.56 298.902 1714.7 289.442
35800000 -96.3145 1811.69 299.254 1715.38 290.757
35900000 -87.6474 1802.65 297.76 1715 290.675
36000000 -82.7045 1813.39 299.535 1730.69 290.625
36100000 -127.903 1823.14 301.145 1695.24 290.548
36200000 -138.153 1818.93 300.45 1680.78 291.673
36300000 -114.002 1819.85 300.602 1705.85 291.896
36400000 -171.494 1818.61 300.397 1647.12 293.004
36500000 -123.819 1789.65 295.614 1665.83 293.014
36600000 -74.2022 1826.66 301.727 1752.46 292.561
36700000 -120.113 1828.48 302.027 1708.37 293.093
36800000 -109.565 1838.76 303.725 1729.19 293.731
36900000 -131.761 1809.11 298.827 1677.35 294.284
37000000 -124.441 1807.18 298.509 1682.74 294.701
37100000 -116.586 1810.56 299.068 1693.98 294.99
37200000 -126.202 1817.43 300.201 1691.22 295.655
37300000 -136.4 1830.62 302.381 1694.22 296.1
37400000 -136.396 1830.17 302.307 1693.78 297.568
37500000 -146.448 1833.02 302.778 1686.58 298.835
37600000 -109.826 1835.52 303.191 1725.7 299.05
37700000 -151.155 1817.04 300.137 1665.88 299.431
37800000 -164.691 1823.22 301.158 1658.53 299.933
37900000 -214.037 1819.77 300.589 1605.74 301.083
38000000 -186.704 1818.9 300.444 1632.19 301.963
38100000 -167.111 1811.2 299.173 1644.09 302.252
38200000 -81.7438 1814.6 299.735 1732.86 302.218
38300000 -137.166 1805.31 298.2 1668.14 302.368
38400000 -144.49 1819.76 300.587 1675.27 301.338
38500000 -151.256 1807.25 298.521 1656 300.881
38600000 -129.527 1815.95 299.958 1686.42 301.678
38700000 -159.185 1829.41 302.181 1670.22 302.01
38800000 -117.055 1815.67 299.911 1698.61 302.643
38900000 -105.652 1801.99 297.652 1696.34 303.147
39000000 -44.8959 1798.58 297.088 1753.68 304.136
39100000 -39.4361 1847.47 305.163 1808.03 304.2
39200000 -114.291 1822.49 301.037 1708.2 304.984
39300000 -107.514 1806.99 298.477 1699.47 305.711
39400000 -114.274 1821.25 300.833 1706.98 306.344
39500000 -120.844 1806.86 298.456 1686.02 307.058
39600000 -132.643 1801.73 297.609 1669.09 307.065
39700000 -154.071 1821.18 300.821 1667.11 307.227
39800000 -156.017 1826.81 301.751 1670.79 307.515
39900000 -126.325 1805.38 298.211 1679.05 307.239
40000000 -162.877 1830.14 302.301 1667.26 307.251
40100000 -130.665 1812.33 299.36 1681.67 307.985
40200000 -91.0899 1843.22 304.462 1752.13 308.158
40300000 -75.3542 1817.75 300.255 1742.4 309.149
40400000 -77.8402 1814.59 299.732 1736.75 309.709
40500000 -75.1099 1813.2 299.503 1738.09 309.976
40600000 -91.7526 1820.8 300.759 1729.05 310.417
40700000 -116.224 1816.72 300.085 1700.5 311.671
40800000 -145.013 1806.76 298.439 1661.74 311.834
40900000 -193.298 1818.46 300.372 1625.16 312.562
41000000 -150.222 1816.15 299.991 1665.93 313.833
41100000 -115.231 1830.33 302.333 1715.1 314.179
41200000 -140.325 1818.42 300.366 1678.1 313.803
41300000 -142.551 1826.79 301.749 1684.24 313.838
41400000 -186.332 1811.99 299.303 1625.65 314.711
41500000 -131.963 1810.7 299.09 1678.73 314.61
41600000 -108.574 1820.25 300.668 1711.68 314.871
41700000 -108.02 1814.65 299.743 1706.63 315.099
41800000 -110.033 1807.35 298.537 1697.32 315.797
41900000 -116.179 1820.1 300.643 1703.92 316.665
42000000 -152.49 1822.12 300.976 1669.63 316.457
42100000 -132.917 1805.94 298.304 1673.03 315.645
42200000 -123.959 1812.49 299.386 1688.53 316.075
42300000 -110.851 1814.81 299.77 1703.96 317.129
42400000 -118.156 1814.55 299.726 1696.4 317.929
42500000 -105.787 1791.57 295.93 1685.78 318.399
42600000 -102.631 1821.74 300.913 1719.11 317.836
42700000 -53.7071 1807.18 298.509 1753.48 317.995
42800000 -146.255 1824.46 301.363 1678.2 318.022
42900000 -160.98 1788.85 295.48 1627.87 317.571
43000000 -180.421 1826.09 301.632 1645.67 317.749
43100000 -183.441 1808.45 298.719 1625.01 316.496
43200000 -155.993 1820.78 300.755 1664.79 316.732
43300000 -191.103 1819.31 300.512 1628.21 317.7
43400000 -140.948 1810.29 299.022 1669.34 318.823
43500000 -146.322 1811.82 299.275 1665.5 319.265
43600000 -167.618 1838.15 303.624 1670.53 319.982
43700000 -109.502 1815.54 299.89 1706.04 320.837
43800000 -99.5744 1813.57 299.565 1714 321.266
43900000 -98.6103 1810.17 299.002 1711.56 321.024
44000000 -90.8743 1815.09 299.815 1724.21 320.849
44100000 -83.4982 1821.73 300.912 1738.23 321.189
44200000 -98.9231 1807.76 298.605 1708.84 321.544
44300000 -92.9633 1830.78 302.407 1737.82 321.913
44400000 -61.4778 1807.79 298.609 1746.31 322.229
44500000 -102.917 1818 300.295 1715.08 322.636
44600000 -92.4404 1804.82 298.119 1712.38 322.041
44700000 -85.8112 1808.32 298.697 1722.51 321.742
44800000 -68.2032 1816.3 300.015 1748.09 322.056
44900000 -103.43 1821.19 300.824 1717.76 322.638
45000000 -104.323 1840.53 304.018 1736.21 323.514
45100000 -89.168 1823.93 301.275 1734.76 324.353
45200000 -174.847 1825.93 301.606 1651.08 324.064
45300000 -189.293 1812.85 299.446 1623.56 324.133
45400000 -182.988 1814.55 299.727 1631.57 324.119
45500000 -202.281 1831.68 302.556 1629.4 324.057
45600000 -141.861 1828.61 302.049 1686.75 324.454
45700000 -135.722 1827.96 301.941 1692.24 324.452
45800000 -112.873 1822.51 301.041 1709.64 324.395
45900000 -74.7617 1810.9 299.124 1736.14 324.976
46000000 -108.29 1832.94 302.763 1724.65 325.695
46100000 -104.681 1826.14 301.64 1721.46 326.341
46200000 -102.456 1810.88 299.12 1708.42 327.616
46300000 -136.009 1820.07 300.638 1684.06 327.884
46400000 -112.252 1846.81 305.055 1734.56 328.446
46500000 -81.1093 1821.39 300.856 1740.28 328.472
46600000 -56.0392 1817.46 300.207 1761.42 328.3
46700000 -112.746 1818.14 300.319 1705.39 328.369
46800000 -122.074 1817.92 300.284 1695.85 328.871
46900000 -132.087 1820.44 300.7 1688.36 329.482
47000000 -136.437 1806.7 298.429 1670.26 329.347
47100000 -158.035 1839.75 303.889 1681.72 329.303
47200000 -115.141 1818.51 300.38 1703.37 328.823
47300000 -140.148 1806.68 298.425 1666.53 328.791
47400000 -135.95 1832.64 302.714 1696.69 329.126
47500000 -181.54 1796.78 296.791 1615.24 329.486
47600000 -153.146 1827.63 301.887 1674.48 329.686
47700000 -105.693 1812.99 299.469 1707.3 330.136
47800000 -87.8664 1824.94 301.443 1737.07 330.863
47900000 -87.3457 1818.08 300.309 1730.73 331.256
48000000 -147.478 1797.44 296.9 1649.96 331.74
48100000 -95.2371 1820.02 300.63 1724.79 332.681
48200000 -67.4893 1829.11 302.131 1761.62 333.529
48300000 -61.3252 1821.35 300.849 1760.02 333.246
48400000 -85.0051 1821.45 300.866 1736.44 333.706
48500000 -65.399 1816.34 300.021 1750.94 334.147
48600000 -43.0192 1799.51 297.241 1756.49 334.224
48700000 -60.5387 1799.92 297.31 1739.38 334.281
48800000 -133.974 1803.34 297.875 1669.37 334.423
48900000 -151.689 1800.81 297.457 1649.13 334.949
49000000 -131.671 1815.81 299.934 1684.14 335.268
49100000 -66.7445 1848.45 305.326 1781.71 336.245
49200000 -116.952 1816.77 300.093 1699.82 337.143
49300000 -100.314 1811.73 299.26 1711.41 337.229
49400000 -100.244 1830.36 302.337 1730.11 338.058
49500000 -110.566 1808.25 298.685 1697.68 338.93
49600000 -85.9029 1803.03 297.823 1717.13 339.658
49700000 -47.59 1823.25 301.164 1775.66 339.862
49800000 -83.5991 1808.4 298.71 1724.8 340.243
49900000 -167.752 1819.52 300.547 1651.77 341.089
50000000 -105.945 1811.43 299.211 1705.48 341.025
50100000 -137.206 1805.98 298.311 1668.78 340.797
50200000 -70.3034 1826.18 301.648 1755.88 341.487
50300000 -110.057 1811.08 299.152 1701.02 342.217
50400000 -93.6891 1818.9 300.445 1725.21 341.764
50500000 -80.0506 1828.07 301.96 1748.02 342.154
50600000 -113.561 1804.04 297.991 1690.48 342.993
50700000 -63.7645 1830.74 302.4 1766.97 342.245
50800000 -74.3844 1828.7 302.064 1754.32 343.144
50900000 -87.7363 1817.24 300.17 1729.5 343.633
51000000 -144.932 1818.32 300.349 1673.39 343.854
51100000 -127.853 1808.84 298.783 1680.99 343.815
51200000 -157.472 1820.95 300.783 1663.48 344.066
51300000 -153.626 1834.3 302.989 1680.68 345.455
51400000 -106.242 1818.94 300.452 1712.7 345.575
51500000 -66.3583 1811.85 299.281 1745.5 345.446
51600000 -110.852 1815.33 299.855 1704.48 345.15
51700000 -56.1279 1821.6 300.891 1765.47 345.172
51800000 -69.3003 1832.31 302.659 1763 345.758
51900000 -93.8996 1801.64 297.594 1707.74 345.795
52000000 -131.782 1814.94 299.79 1683.16 346.538
52100000 -163.236 1802.62 297.755 1639.38 347.098
52200000 -160.733 1831.89 302.591 1671.16 346.869
52300000 -142.371 1806.51 298.399 1664.14 346.871
52400000 -114.061 1833.79 302.905 1719.73 347.015
52500000 -82.9529 1809.85 298.95 1726.9 346.969
52600000 -119.468 1818.22 300.333 1698.76 346.582
52700000 -79.9316 1831.39 302.508 1751.46 347.342
52800000 -95.526 1805.83 298.286 1710.3 348.427
52900000 -87.2007 1815.19 299.831 1727.98 348.745
53000000 -106.294 1810.36 299.034 1704.07 349.127
53100000 -182.43 1814.28 299.681 1631.85 349.699
53200000 -178.615 1816.75 300.089 1638.13 350.88
53300000 -165.275 1799.21 297.192 1633.93 350.823
53400000 -175.093 1818.25 300.338 1643.16 351.921
53500000 -155.975 1811 299.139 1655.02 352.43
53600000 -138.966 1818.62 300.399 1679.66 352.946
53700000 -108.834 1815.26 299.844 1706.43 353.335
53800000 -124.378 1808.51 298.728 1684.13 354.441
53900000 -131.543 1820.91 300.776 1689.36 355.305
54000000 -160.414 1816.9 300.115 1656.49 356.168
54100000 -164.327 1827.84 301.922 1663.52 356.325
54200000 -165.203 1818.96 300.455 1653.76 355.908
54300000 -170.72 1812.03 299.31 1641.31 357.157
54400000 -142.3 1822.6 301.056 1680.3 358.321
54500000 -141.112 1814.74 299.758 1673.63 359.134
54600000 -143.413 1808.33 298.698 1664.91 359.191
54700000 -111.526 1829.09 302.128 1717.56 358.771
54800000 -116.234 1824.01 301.288 1707.77 358.001
54900000 -145.175 1804.32 298.036 1659.14 358.345
55000000 -98.4106 1831.18 302.473 1732.77 358.56
55100000 -102.303 1807.36 298.539 1705.06 358.719
55200000 -44.7889 1828.12 301.967 1783.33 359.204
55300000 -75.1939 1815.19 299.832 1739.99 359.097
55400000 -115.012 1802.34 297.71 1687.33 360.327
55500000 -125.936 1812.47 299.383 1686.54 359.881
55600000 -128.434 1797.69 296.942 1669.26 360.078
55700000 -143.867 1834.2 302.971 1690.33 359.164
55800000 -98.4461 1815.04 299.807 1716.59 358.686
55900000 -105.911 1814.49 299.716 1708.58 359.553
56000000 -77.3571 1817.18 300.161 1739.82 359.883
56100000 -51.4434 1822.19 300.988 1770.75 358.945
56200000 -61.0438 1807.5 298.561 1746.45 358.949
56300000 -87.6948 1815.28 299.846 1727.58 359.283
56400000 -69.8132 1801.15 297.514 1731.34 359.574
56500000 -78.6656 1814.48 299.714 1735.81 359.944
56600000 -125.203 1819.68 300.574 1694.48 359.871
56700000 -121.608 1821.69 300.906 1700.08 359.643
56800000 -136.413 1815.96 299.958 1679.54 359.694
56900000 -118.55 1805.52 298.235 1686.97 359.918
57000000 -68.0475 1821.81 300.925 1753.76 360.411
57100000 -77.8844 1810.03 298.98 1732.15 360.794
57200000 -95.1471 1822.41 301.025 1727.27 361.749
57300000 -99.9076 1820.48 300.705 1720.57 361.513
57400000 -130.027 1819.58 300.557 1689.56 362.027
57500000 -122.676 1823.04 301.128 1700.36 362.337
57600000 -71.1744 1800.97 297.484 1729.8 362.937
57700000 -93.4233 1821.93 300.945 1728.51 362.381
57800000 -93.8429 1825.44 301.526 1731.6 362.297
57900000 -83.6962 1808.92 298.797 1725.23 363.023
58000000 -94.2314 1822.99 301.121 1728.76 363.137
58100000 -108.55 1823.68 301.235 1715.13 362.698
58200000 -121.036 1820.87 300.77 1699.83 362.843
58300000 -100.151 1815.06 299.81 1714.91 363.809
58400000 -56.4616 1824.78 301.416 1768.32 364.538
58500000 -99.6973 1814.06 299.645 1714.36 365.294
58600000 -135.905 1833.16 302.8 1697.25 365.165
58700000 -149.553 1828.69 302.061 1679.13 366.153
58800000 -143.821 1816.67 300.077 1672.85 366.469
58900000 -134.708 1843.29 304.474 1708.58 366.994
59000000 -123.362 1814.87 299.779 1691.51 367.394
59100000 -100.932 1808.92 298.795 1707.98 368.191
59200000 -126.56 1833.75 302.898 1707.19 367.824
59300000 -101.22 1819.06 300.472 1717.84 367.562
59400000 -133.648 1816.9 300.114 1683.25 367.916
59500000 -115.619 1804.55 298.075 1688.94 367.391
59600000 -53.2295 1811.55 299.231 1758.32 366.678
59700000 -40.4007 1810.1 298.992 1769.7 367.104
59800000 -83.8954 1826.98 301.779 1743.08 367.152
59900000 -64.8089 1802.56 297.746 1737.75 367.312
60000000 -121.012 1834.43 303.01 1713.42 367.383
60100000 -136.895 1818.86 300.438 1681.97 367.057
60200000 -107.487 1808.38 298.707 1700.89 368.066
60300000 -182.553 1834 302.939 1651.45 368.451
60400000 -169.431 1824.56 301.379 1655.12 368.85
60500000 -138.271 1811.93 299.294 1673.66 369.401
60600000 -174.344 1823.96 301.281 1649.62 369.338
60700000 -119.497 1799.98 297.32 1680.48 369.185
60800000 -129.019 1813.55 299.56 1684.53 370.335
60900000 -75.8832 1805 298.149 1729.12 370.54
61000000 -71.9769 1838.22 303.637 1766.25 370.412
61100000 -105.927 1801.51 297.572 1695.58 370.147
61200000 -58.4867 1819.5 300.543 1761.01 369.828
61300000 -95.5226 1812.78 299.434 1717.26 371.267
61400000 -49.3579 1814.76 299.761 1765.4 372.171
61500000 -85.5389 1826.77 301.744 1741.23 372.571
61600000 -82.5058 1818.45 300.37 1735.94 373.305
61700000 -125.207 1817.62 300.234 1692.42 373.594
61800000 -123.72 1817.67 300.242 1693.95 372.816
61900000 -87.1929 1807.69 298.593 1720.5 372.685
62000000 -83.9064 1815.54 299.89 1731.63 373.322
62100000 -104.897 1823.48 301.201 1718.58 375.28
62200000 -79.0268 1819.89 300.608 1740.86 377.279
62300000 -96.0678 1788.93 295.494 1692.86 377.621
62400000 -121.3 1808.7 298.76 1687.4 376.919
62500000 -104.928 1822.4 301.023 1717.47 377.354
62600000 -89.6492 1810.4 299.041 1720.75 377.75
62700000 -66.4365 1797.9 296.976 1731.46 378.385
62800000 -63.9665 1814.21 299.67 1750.24 377.969
62900000 -87.0414 1813.74 299.592 1726.69 378.759
63000000 -111.949 1813.74 299.592 1701.79 379.236
63100000 -117.394 1809.26 298.853 1691.87 379.595
63200000 -156.789 1818.81 300.43 1662.02 380.971
63300000 -166.925 1817.32 300.184 1650.4 381.47
63400000 -113.803 1825.13 301.474 1711.33 381.83
63500000 -143.945 1811.66 299.249 1667.72 382.894
63600000 -178.616 1802.83 297.79 1624.21 384.491
63700000 -198.723 1822.76 301.083 1624.04 384.092
63800000 -146.049 1803.62 297.921 1657.57 383.981
63900000 -108.494 1811.83 299.277 1703.34 384.193
64000000 -109.144 1831.51 302.527 1722.36 384.667
64100000 -121.328 1813.7 299.586 1692.37 384.954
64200000 -95.8033 1823.82 301.258 1728.02 384.764
64300000 -27.1286 1803.96 297.978 1776.83 384.818
64400000 -68.5563 1821.83 300.929 1753.27 384.044
64500000 -79.0136 1829.18 302.143 1750.17 384.127
64600000 -118.297 1816.25 300.008 1697.96 384.178
64700000 -169.719 1833.57 302.868 1663.85 384.838
64800000 -123.69 1805.05 298.158 1681.36 385.847
64900000 -98.8797 1822.2 300.99 1723.32 386.545
65000000 -106.251 1824.8 301.42 1718.55 387.188
65100000 -140.808 1824.82 301.423 1684.02 387.288
65200000 -153.568 1807.57 298.573 1654 387.303
65300000 -196.019 1820.41 300.694 1624.39 387.778
65400000 -169.169 1824.28 301.333 1655.11 388.428
65500000 -169.248 1823.53 301.209 1654.28 389.494
65600000 -121.531 1817.28 300.177 1695.75 389.435
65700000 -74.8639 1827.57 301.877 1752.71 389.651
65800000 -75.792 1818.35 300.353 1742.55 390.513
65900000 -109.392 1827 301.782 1717.6 390.8
66000000 -153.691 1827.77 301.909 1674.08 390.786
66100000 -188.321 1810.22 299.011 1621.9 391.179
66200000 -175.823 1815.04 299.807 1639.21 392.417
66300000 -186.417 1820.66 300.735 1634.24 392.639
66400000 -173.125 1816.95 300.122 1643.82 393.173
66500000 -157.846 1830.25 302.32 1672.41 393.64
66600000 -167.104 1805.77 298.275 1638.66 393.432
66700000 -119.266 1817.39 300.196 1698.13 392.546
66800000 -160.137 1803.74 297.94 1643.6 392.205
66900000 -145.4 1820.43 300.697 1675.03 392.657
67000000 -81.2194 1834.44 303.011 1753.22 392.966
67100000 -128.649 1814.25 299.676 1685.6 392.83
67200000 -111.408 1814.08 299.648 1702.67 392.583
67300000 -114.066 1833.99 302.937 1719.92 393.13
67400000 -173.924 1803.77 297.945 1629.84 393.423
67500000 -107.028 1814.65 299.743 1707.63 394.035
67600000 -140.951 1820.25 300.669 1679.3 394.794
67700000 -164.554 1814.64 299.741 1650.09 395.592
67800000 -137.297 1798.42 297.061 1661.12 395.583
67900000 -131.19 1798.14 297.016 1666.95 395.177
68000000 -150.329 1801.74 297.611 1651.42 395.188
68100000 -167.391 1806.67 298.425 1639.28 394.415
68200000 -157.377 1816.46 300.042 1659.08 394.772
68300000 -106.722 1816.62 300.068 1709.9 394.258
68400000 -95.0212 1828.96 302.106 1733.94 394.002
68500000 -91.7055 1815.33 299.856 1723.63 394.059
68600000 -111.875 1823.44 301.194 1711.56 393.975
68700000 -122.696 1805.59 298.246 1682.89 395.343
68800000 -89.0233 1816.09 299.981 1727.07 396.218
68900000 -133.252 1810 298.975 1676.75 397.701
69000000 -145.554 1806.99 298.478 1661.44 397.984
69100000 -71.8762 1838.13 303.62 1766.25 398.266
69200000 -47.7006 1819.89 300.608 1772.19 398.373
69300000 -98.1018 1796.4 296.728 1698.3 399.699
69400000 -135.357 1795.01 296.499 1659.65 400.413
69500000 -147.454 1836.29 303.317 1688.83 400.793
69600000 -182.126 1837.76 303.56 1655.63 401.581
69700000 -166.226 1813.72 299.59 1647.5 402.259
69800000 -116.573 1813.99 299.634 1697.42 403.554
69900000 -103.646 1808.82 298.779 1705.17 404.309
70000000 -127.14 1811.22 299.177 1684.08 405.338
70100000 -101.232 1825.23 301.49 1723.99 406.255
70200000 -100.752 1808.04 298.651 1707.29 406.417
70300000 -124.429 1816.03 299.971 1691.6 406.594
70400000 -176.12 1818.94 300.451 1642.82 407.442
70500000 -123.81 1827.4 301.849 1703.59 407.744
70600000 -70.2114 1822.62 301.059 1752.41 408.296
70700000 -96.2096 1809.99 298.973 1713.78 410.059
70800000 -80.3114 1801.42 297.558 1721.11 410.453
70900000 -17.612 1815.66 299.91 1798.05 410.299
71000000 -70.6567 1819.47 300.54 1748.82 410.413
71100000 -108.55 1817.21 300.166 1708.66 411.229
71200000 -159.429 1813 299.47 1653.57 412.273
71300000 -115.101 1814.31 299.686 1699.21 411.945
71400000 -164.046 1832.98 302.771 1668.94 411.395
71500000 -179.953 1815.13 299.823 1635.18 410.789
71600000 -196.11 1803.84 297.957 1607.73 411.422
71700000 -144.474 1803.82 297.955 1659.35 411.75
71800000 -94.1938 1829.31 302.164 1735.11 411.42
71900000 -66.1378 1822.1 300.974 1755.97 411.068
72000000 -55.2789 1837.58 303.531 1782.31 410.901
72100000 -93.541 1819 300.461 1725.46 410.952
72200000 -142.488 1808.28 298.691 1665.79 411.216
72300000 -123.615 1804.44 298.057 1680.83 410.788
72400000 -107.437 1811.72 299.259 1704.28 410.592
72500000 -149.143 1820.82 300.762 1671.68 410.069
72600000 -127.405 1835.45 303.179 1708.05 410.664
72700000 -81.1708 1826.9 301.765 1745.72 411.24
72800000 -66.6914 1799.25 297.199 1732.56 411.065
72900000 -83.1034 1820.7 300.741 1737.59 411.98
73000000 -121.939 1823.14 301.145 1701.2 412.755
73100000 -84.0676 1810.49 299.055 1726.42 413.453
73200000 -16.7097 1818.75 300.42 1802.04 413.319
73300000 -49.2508 1818.55 300.388 1769.3 412.587
73400000 -90.2596 1819.82 300.596 1729.56 413.633
73500000 -84.8324 1830.96 302.436 1746.12 414.875
73600000 -119.76 1825.86 301.595 1706.1 415.963
73700000 -68.6067 1815.4 299.866 1746.79 416.422
73800000 -68.5704 1826.62 301.719 1758.05 415.968
73900000 -99.5437 1828.29 301.996 1728.75 415.883
74000000 -86.6955 1822.41 301.025 1735.72 415.713
74100000 -31.3873 1812.76 299.43 1781.37 416.071
74200000 -97.967 1808.65 298.752 1710.69 416.824
74300000 -124.62 1815.97 299.96 1691.35 417.568
74400000 -140.807 1815.37 299.861 1674.56 417.994
74500000 -113.727 1815.38 299.864 1701.66 417.974
74600000 -130.086 1793.83 296.304 1663.74 418.383
74700000 -123.511 1805.89 298.296 1682.38 419.3
74800000 -167.534 1824.6 301.387 1657.07 420.454
74900000 -131.24 1816.21 300.001 1684.97 420.791
75000000 -102.559 1831.21 302.478 1728.65 421.231
75100000 -61.7535 1811.16 299.167 1749.41 421.447
75200000 -104.636 1805.04 298.155 1700.4 421.914
75300000 -136.071 1821.92 300.943 1685.85 422.321
75400000 -148.607 1820.5 300.709 1671.89 423.883
75500000 -149.433 1837.45 303.509 1688.02 424.035
75600000 -136.453 1800.45 297.398 1664 423.866
75700000 -92.3723 1833.54 302.863 1741.17 424.595
75800000 -133.69 1805.39 298.213 1671.7 425.205
75900000 -133.644 1816.19 299.997 1682.55 425.297
76000000 -112.382 1803.53 297.906 1691.15 425.37
76100000 -96.6653 1812.31 299.355 1715.64 425.505
76200000 -107.7 1816.3 300.015 1708.6 425.895
76300000 -148.491 1802.63 297.758 1654.14 426.556
76400000 -157.231 1826.31 301.669 1669.08 427.039
76500000 -116.597 1815.16 299.826 1698.56 427.365
76600000 -91.6874 1811.43 299.21 1719.74 427.615
76700000 -145.33 1810.47 299.053 1665.14 427.074
76800000 -172.366 1807.12 298.499 1634.76 426.839
76900000 -188.153 1823.3 301.171 1635.14 426.913
77000000 -190.286 1810.02 298.979 1619.74 427.093
77100000 -179.852 1814.25 299.676 1634.4 427.143
77200000 -132.761 1818.86 300.438 1686.1 428.489
77300000 -158.648 1810.28 299.021 1651.63 428.123
77400000 -92.2714 1810.92 299.127 1718.65 427.385
77500000 -120.132 1802.66 297.763 1682.53 427.081
77600000 -111.701 1818.1 300.313 1706.4 427.443
77700000 -110.311 1809.11 298.828 1698.8 428.527
77800000 -75.0844 1819.44 300.534 1744.36 429.205
77900000 -72.873 1808.58 298.739 1735.7 428.957
78000000 -95.6269 1833.21 302.809 1737.59 429.565
78100000 -155.187 1809.18 298.84 1654 430.666
78200000 -207.669 1815.1 299.817 1607.43 430.658
78300000 -180.889 1814.29 299.683 1633.4 430.271
78400000 -204.788 1821.8 300.924 1617.01 430.304
78500000 -148.555 1829.82 302.248 1681.26 430.502
78600000 -143.552 1816.36 300.025 1672.81 431.114
78700000 -136.29 1818.15 300.322 1681.86 431.646
78800000 -121.354 1799.71 297.274 1678.35 432.173
78900000 -106.29 1813.89 299.617 1707.6 433.162
79000000 -41.2872 1824.61 301.387 1783.32 432.766
79100000 -89.1192 1833.09 302.789 1743.97 432.381
79200000 -131.155 1806.88 298.458 1675.72 432.165
79300000 -163.331 1820.69 300.74 1657.36 432.912
79400000 -125.151 1815.53 299.887 1690.37 432.113
79500000 -136.919 1807.59 298.577 1670.67 431.747
79600000 -147.823 1834.69 303.054 1686.87 431.131
79700000 -116.916 1811.12 299.159 1694.2 430.141
79800000 -127.126 1807.04 298.485 1679.91 430.554
79900000 -123.902 1830.36 302.338 1706.46 430.638
80000000 -63.2777 1816.42 300.035 1753.14 430.851
80100000 -67.7404 1805.62 298.251 1737.88 430.915
80200000 -70.0184 1840.19 303.962 1770.17 430.666
80300000 -112.385 1801.85 297.628 1689.47 430.887
80400000 -96.7985 1807.5 298.562 1710.7 431.159
80500000 -144.621 1801.43 297.56 1656.81 431.579
80600000 -132.095 1803.46 297.894 1671.36 431.044
80700000 -88.653 1810.24 299.015 1721.59 431.273
80800000 -110.32 1831.08 302.457 1720.77 432.564
80900000 -65.9726 1818.89 300.443 1752.91 432.948
81000000 -88.1303 1808.74 298.767 1720.61 432.607
81100000 -76.1791 1808.29 298.692 1732.11 432.242
81200000 -115.919 1822.32 301.01 1706.4 432.505
81300000 -148.215 1821.16 300.819 1672.95 433.333
81400000 -137.468 1804.65 298.091 1667.18 434.063
81500000 -80.7099 1816.16 299.991 1735.45 434.027
81600000 -158.286 1820.59 300.724 1662.3 434.306
81700000 -110.512 1811.98 299.302 1701.47 434.697
81800000 -115.884 1800.32 297.376 1684.43 435.443
81900000 -81.9877 1823.69 301.237 1741.71 436.421
82000000 -43.2506 1793.06 296.177 1749.81 436.704
82100000 -20.5009 1811.07 299.152 1790.57 437.364
82200000 -51.8926 1816.7 300.081 1764.81 437.814
82300000 -72.5256 1829.62 302.215 1757.09 438.712
82400000 -131.582 1806.02 298.318 1674.44 439.299
82500000 -155.959 1821.99 300.955 1666.03 439.979
82600000 -129.323 1827.83 301.92 1698.51 440.091
82700000 -92.9003 1818.46 300.373 1725.56 440.021
82800000 -91.9119 1810.88 299.12 1718.97 440.884
82900000 -114.266 1820.32 300.679 1706.05 440.211
83000000 -99.2103 1809.43 298.88 1710.22 440.169
83100000 -141.379 1819.86 300.603 1678.48 440.703
83200000 -148.018 1832.57 302.703 1684.55 439.87
83300000 -129.341 1824.92 301.439 1695.58 441.184
83400000 -106.725 1828.77 302.075 1722.05 441.186
83500000 -89.9002 1829.48 302.192 1739.58 441.743
83600000 -125.347 1819.72 300.579 1694.37 442.25
83700000 -114.392 1823.81 301.256 1709.42 441.605
83800000 -75.4718 1794.64 296.438 1719.17 441.913
83900000 -46.334 1802.62 297.756 1756.29 442.227
84000000 -48.6348 1832.07 302.621 1783.44 442.691
84100000 -34.9069 1808.43 298.715 1773.52 443.692
84200000 -41.76 1831.04 302.45 1789.28 444.59
84300000 -42.849 1815.27 299.846 1772.42 445.371
84400000 -76.0731 1820.39 300.691 1744.32 445.132
84500000 -117.221 1812.75 299.429 1695.53 445.778
84600000 -171.902 1789.67 295.616 1617.77 446.816
84700000 -151.916 1824.08 301.301 1672.17 446.673
84800000 -131.775 1806.45 298.388 1674.67 446.283
84900000 -156.457 1811.14 299.164 1654.69 446.182
85000000 -155.054 1819.46 300.537 1664.4 445.983
85100000 -163.909 1820.67 300.738 1656.76 446.126
85200000 -78.2566 1818.15 300.32 1739.89 445.097
85300000 -38.449 1811.76 299.265 1773.31 444.618
85400000 -53.4173 1821.16 300.818 1767.74 444.208
85500000 -88.8694 1823 301.123 1734.13 444.882
85600000 -98.4494 1815.06 299.811 1716.61 445.325
85700000 -114.688 1806.58 298.41 1691.89 445.409
85800000 -155.846 1809.61 298.91 1653.76 445.364
85900000 -123.608 1826.08 301.63 1702.47 445.292
86000000 -160.296 1815.2 299.834 1654.9 446.002
86100000 -167.571 1814.52 299.72 1646.94 446.092
86200000 -147.101 1801.9 297.637 1654.8 446.092
86300000 -132.535 1823.93 301.276 1691.4 446.775
86400000 -154.77 1815.84 299.939 1661.07 447.64
86500000 -121.846 1832.03 302.614 1710.19 447.929
86600000 -98.1363 1826.88 301.763 1728.74 447.849
86700000 -87.3844 1825.04 301.459 1737.66 447.47
86800000 -104.787 1798.95 297.149 1694.16 446.654
86900000 -92.9775 1813.09 299.485 1720.11 446.601
87000000 -122.393 1826.18 301.647 1703.78 446.215
87100000 -144.498 1822.38 301.02 1677.89 446.092
87200000 -138.008 1812.15 299.329 1674.14 446.167
87300000 -124.425 1813.18 299.5 1688.76 446.135
87400000 -186.081 1827.99 301.947 1641.91 445.856
87500000 -171.821 1808.35 298.702 1636.53 446.726
87600000 -156.024 1799.25 297.199 1643.22 447.106
87700000 -144.578 1823.62 301.224 1679.04 446.37
87800000 -207.535 1822.96 301.115 1615.42 445.378
87900000 -176.313 1836.7 303.386 1660.39 445.863
88000000 -132.025 1823.5 301.204 1691.47 446.12
88100000 -117.762 1813.43 299.542 1695.67 446.188
88200000 -161.379 1821.16 300.818 1659.78 445.947
88300000 -187.916 1811.55 299.231 1623.64 446.797
88400000 -108.492 1820.86 300.768 1712.37 445.85
88500000 -118.338 1821.68 300.904 1703.34 445.858
88600000 -159.997 1825.54 301.541 1665.54 445.761
88700000 -149.461 1808.25 298.686 1658.79 446.345
88800000 -195.015 1815.77 299.927 1620.75 447.099
88900000 -229.41 1802.05 297.662 1572.64 447.645
89000000 -154.304 1804.77 298.111 1650.47 448.395
89100000 -153.365 1817.67 300.241 1664.3 448.722
89200000 -117.33 1822.02 300.96 1704.69 449.109
89300000 -101.261 1819 300.461 1717.74 449.166
89400000 -136.682 1830.49 302.359 1693.81 449.126
89500000 -142.082 1832.47 302.686 1690.39 449.328
89600000 -172.584 1830.88 302.423 1658.29 449.903
89700000 -178.051 1816.86 300.108 1638.81 449.817
89800000 -195.982 1807.86 298.621 1611.88 449.991
89900000 -155.198 1817.24 300.171 1662.04 449.728
90000000 -189.916 1831.67 302.554 1641.75 449.54
90100000 -185.074 1801.19 297.519 1616.12 449.184
90200000 -167.45 1805.55 298.239 1638.1 449.312
90300000 -151.821 1819.1 300.478 1667.28 449.003
90400000 -160.728 1804.96 298.142 1644.23 448.994
90500000 -170.389 1804.11 298.002 1633.72 448.877
90600000 -166.29 1831.5 302.526 1665.21 449.996
90700000 -168.68 1821.07 300.803 1652.39 450.882
90800000 -147.367 1825.15 301.477 1677.78 451.91
90900000 -122.7 1824.61 301.388 1701.91 452.777
91000000 -157.634 1836.9 303.419 1679.27 452.854
91100000 -155.783 1824.07 301.3 1668.29 453.833
91200000 -145.793 1817.43 300.202 1671.64 455.196
91300000 -113.885 1819.15 300.486 1705.26 456.467
91400000 -100.759 1813.83 299.607 1713.07 456.506
91500000 -98.4762 1820.24 300.667 1721.77 455.792
91600000 -112.152 1813.13 299.492 1700.98 455.44
91700000 -148.879 1826.78 301.746 1677.9 456.057
91800000 -102.103 1810.99 299.139 1708.89 455.195
91900000 -135.42 1829.96 302.272 1694.54 454.731
92000000 -126.097 1833.85 302.914 1707.75 456.165
92100000 -161.866 1800.94 297.478 1639.07 456.176
92200000 -155.977 1825.09 301.467 1669.11 455.997
92300000 -110.277 1822.27 301.001 1711.99 455.507
92400000 -89.0249 1806.4 298.38 1717.37 455.184
92500000 -102.29 1811.27 299.185 1708.98 454.197
92600000 -59.8757 1817.19 300.163 1757.32 453.493
92700000 -76.363 1812.85 299.446 1736.49 452.675
92800000 -96.6427 1807.62 298.582 1710.98 452.678
92900000 -124.352 1828.71 302.064 1704.35 453.146
93000000 -98.2377 1808.93 298.798 1710.69 454.104
93100000 -85.9421 1808.85 298.785 1722.91 455.199
93200000 -130.882 1815.65 299.909 1684.77 455.765
93300000 -138.126 1819.91 300.611 1681.78 456.07
93400000 -137.082 1819.17 300.489 1682.08 455.653
93500000 -146.861 1808.77 298.772 1661.91 456.143
93600000 -147.414 1814.46 299.712 1667.05 456.2
93700000 -140.477 1819.7 300.577 1679.23 456.461
93800000 -133 1805.26 298.192 1672.26 456.148
93900000 -131.441 1801.22 297.524 1669.78 455.865
94000000 -101.803 1800.1 297.34 1698.3 456.093
94100000 -133.632 1821.15 300.816 1687.51 456.565
94200000 -136.271 1826.77 301.745 1690.5 455.758
94300000 -174.571 1805.49 298.229 1630.92 455.54
94400000 -103.789 1814.33 299.691 1710.55 456.029
94500000 -166.396 1826.15 301.643 1659.76 455.879
94600000 -110.336 1825.03 301.457 1714.69 456.106
94700000 -81.5816 1812.45 299.379 1730.86 456.435
94800000 -60.9627 1819.47 300.538 1758.5 457.642
94900000 -118.426 1794.22 296.368 1675.79 457.349
95000000 -103.15 1807.19 298.51 1704.04 458.447
95100000 -65.3364 1845.16 304.782 1779.82 458.548
95200000 -48.8487 1818.27 300.34 1769.42 458.703
95300000 -111.283 1790.78 295.8 1679.5 459.031
95400000 -156.336 1835.62 303.207 1679.29 459.237
95500000 -192.105 1817.24 300.17 1625.13 458.604
95600000 -151.349 1827.06 301.793 1675.71 458.031
95700000 -162.673 1834.39 303.003 1671.71 457.903
95800000 -199.99 1820.94 300.782 1620.95 458.056
95900000 -186.633 1817.82 300.267 1631.19 459.016
96000000 -134.245 1806.57 298.408 1672.33 458.827
96100000 -166.927 1814.35 299.692 1647.42 458.806
96200000 -144.935 1818.85 300.436 1673.91 459.655
96300000 -129.172 1812.97 299.465 1683.8 460.2
96400000 -143.77 1817.93 300.284 1674.16 460.746
96500000 -128.661 1833.78 302.902 1705.12 461.693
96600000 -111.053 1809.87 298.953 1698.82 463.128
96700000 -83.9424 1824.06 301.297 1740.12 463.256
96800000 -140.867 1813.14 299.494 1672.28 462.626
96900000 -101.592 1817.29 300.178 1715.69 462.377
97000000 -94.2173 1810.74 299.096 1716.52 461.8
97100000 -113.422 1816.43 300.037 1703.01 461.683
97200000 -168.987 1817.45 300.205 1648.46 462.228
97300000 -161.673 1815.84 299.939 1654.16 463.188
97400000 -139.771 1805.87 298.292 1666.1 463.149
97500000 -175.286 1820.16 300.653 1644.87 463.54
97600000 -121.393 1835.88 303.25 1714.49 463.893
97700000 -122.912 1798.4 297.058 1675.48 464.537
97800000 -174.419 1823.1 301.139 1648.69 465.149
97900000 -132.541 1816.71 300.084 1684.17 465.072
98000000 -139.441 1812.01 299.307 1672.57 465.225
98100000 -106.476 1816.82 300.102 1710.35 466.021
98200000 -57.0547 1816.32 300.018 1759.26 465.982
98300000 -57.0511 1809.33 298.864 1752.28 465.941
98400000 -49.9679 1823.29 301.171 1773.33 466.406
98500000 -95.7418 1822.13 300.978 1726.39 467.313
98600000 -115.711 1815.38 299.863 1699.67 466.759
98700000 -113.913 1808.91 298.794 1695 467.029
98800000 -120.24 1808.31 298.695 1688.07 467.648
98900000 -108.639 1815.8 299.932 1707.16 468.211
99000000 -62.58 1836.64 303.375 1774.06 468.769
99100000 -100.849 1833 302.774 1732.15 468.701
99200000 -81.7677 1802.88 297.798 1721.11 469.658
99300000 -107.582 1802.57 297.748 1694.99 469.836
99400000 -106.352 1809.24 298.85 1702.89 468.881
99500000 -133.471 1831.78 302.572 1698.31 468.997
99600000 -146.592 1809.87 298.954 1663.28 468.099
99700000 -151.647 1833.37 302.835 1681.72 468.559
99800000 -134.878 1818.26 300.339 1683.38 468.799
99900000 -173.42 1810.34 299.03 1636.92 469.814
100000000 -93.1375 1815.43 299.871 1722.29 470.557
100100000 -118.881 1803.51 297.902 1684.63 471.085
100200000 -152.074 1825.75 301.577 1673.68 472.046
100300000 -111.619 1813.11 299.489 1701.5 471.7
100400000 -188.57 1808.03 298.649 1619.46 471.033
100500000 -184.424 1825.62 301.554 1641.19 470.927
100600000 -200.815 1815.72 299.919 1614.9 471.386
100700000 -208.622 1812.8 299.438 1604.18 472.736
100800000 -218.509 1823.76 301.248 1605.26 473.22
100900000 -175.435 1818.73 300.416 1643.29 473.858
101000000 -187.646 1823.35 301.179 1635.7 473.924
101100000 -174.377 1819.7 300.576 1645.32 473.934
101200000 -140.131 1800.43 297.393 1660.29 474.192
101300000 -145.337 1815.91 299.95 1670.57 474.245
101400000 -167.887 1818.26 300.339 1650.37 473.852
101500000 -189.819 1812.99 299.469 1623.17 473.912
101600000 -134.661 1820.6 300.725 1685.94 473.414
101700000 -153.349 1804.56 298.076 1651.21 473.088
101800000 -143.922 1821.04 300.799 1677.12 473.349
101900000 -167.939 1834.07 302.951 1666.13 473.436
102000000 -143.875 1823.54 301.211 1679.67 473.767
102100000 -126.371 1816.44 300.039 1690.07 473.877
102200000 -81.0192 1814.76 299.76 1733.74 474.519
102300000 -90.5524 1818.82 300.431 1728.27 474.733
102400000 -69.9332 1833.04 302.781 1763.11 475.303
102500000 -128.463 1826.88 301.763 1698.42 475.327
102600000 -115.421 1827 301.783 1711.58 475.848
102700000 -136.539 1802.21 297.688 1665.67 476.771
102800000 -129.023 1807.68 298.592 1678.66 476.431
102900000 -105.712 1810.25 299.015 1704.53 477.635
103000000 -117.094 1804.98 298.145 1687.89 477.869
103100000 -136.539 1805.35 298.206 1668.81 477.585
103200000 -169.058 1822.29 301.004 1653.23 478.437
103300000 -126.049 1795.55 296.588 1669.5 478.871
103400000 -80.8607 1814.38 299.698 1733.52 479.244
103500000 -86.4788 1825.87 301.597 1739.4 479.049
103600000 -106.26 1841.99 304.259 1735.73 479.634
103700000 -101.569 1817.35 300.188 1715.78 480.382
103800000 -133.146 1816.35 300.023 1683.2 481.019
103900000 -152.444 1797.76 296.954 1645.32 481.348
104000000 -152.127 1809.81 298.944 1657.69 481.349
104100000 -182.644 1832.98 302.771 1650.34 482.173
104200000 -148.363 1815.15 299.825 1666.78 482.995
104300000 -93.3359 1808.31 298.696 1714.98 482.984
104400000 -114.407 1797.71 296.945 1683.3 483.013
104500000 -149.178 1825.84 301.592 1676.66 484.032
104600000 -124.412 1835.96 303.263 1711.55 485.718
104700000 -166.038 1834.95 303.097 1668.92 484.923
104800000 -166.748 1816.63 300.07 1649.88 485.468
104900000 -93.8082 1807.36 298.539 1713.55 486.2
105000000 -67.2898 1807.29 298.527 1740 486.257
