# Time-averaged data for fix favg
# TimeStep v_vpe v_vke v_vT v_vE v_vRg
5100000 -636.456 766.74 249.491 130.284 113.136
5200000 -613.535 767.737 249.816 154.202 113.682
5300000 -632.459 766.328 249.357 133.869 113.708
5400000 -632.248 777.164 252.883 144.915 114.096
5500000 -637.754 779.682 253.702 141.928 113.761
5600000 -657.723 769.665 250.443 111.942 113.533
5700000 -633.494 763.279 248.365 129.785 113.424
5800000 -635.995 759.232 247.048 123.236 112.855
5900000 -642.974 771.181 250.936 128.207 112.856
6000000 -649.753 775.91 252.475 126.156 113.84
6100000 -646.739 766.358 249.367 119.619 113.385
6200000 -622.301 770.302 250.65 148.001 112.983
6300000 -617.314 762.709 248.18 145.396 113.502
6400000 -621.899 768.968 250.216 147.069 114.808
6500000 -626.897 774.569 252.038 147.671 115.901
6600000 -628.425 777.429 252.969 149.004 116.572
6700000 -628.397 777.673 253.049 149.276 116.329
6800000 -639.601 772.038 251.215 132.437 116.357
6900000 -632.539 768.999 250.226 136.461 116.569
7000000 -634.609 763.545 248.452 128.936 116.428
7100000 -633.859 759.444 247.117 125.584 116.229
7200000 -641.925 761.431 247.764 119.506 117.134
7300000 -613.964 767.633 249.782 153.669 117.701
7400000 -615.36 767.9 249.869 152.54 118.843
7500000 -623.541 773.494 251.689 149.953 119.431
7600000 -620.668 769.042 250.24 148.374 119.787
7700000 -611.684 754.787 245.602 143.103 120.975
7800000 -617.235 767.408 249.709 150.173 120.334
7900000 -626.823 774.208 251.921 147.385 120.497
8000000 -649.297 761.699 247.851 112.401 120.877
8100000 -649.771 774.266 251.94 124.495 120.931
8200000 -640.878 767.812 249.84 126.934 121.602
8300000 -638.315 775.828 252.448 137.513 121.787
8400000 -633.135 774.7 252.081 141.566 122.386
8500000 -644.975 763.297 248.371 118.322 122.326
8600000 -623.197 784.601 255.303 161.404 122.013
8700000 -601.415 755.017 245.677 153.602 121.713
8800000 -620.394 775.213 252.248 154.819 122.702
8900000 -616.125 769.944 250.534 153.819 123.461
9000000 -626.528 769.158 250.278 142.63 124.041
9100000 -594.678 766.378 249.373 171.7 124.029
9200000 -617.324 760.295 247.394 142.971 124.244
9300000 -636.268 763.815 248.539 127.547 123.144
9400000 -619.726 764.77 248.85 145.044 123.178
9500000 -621.786 770.5 250.715 148.714 123.051
9600000 -644.678 762.64 248.157 117.961 123.978
9700000 -629.954 765.303 249.023 135.348 123.137
9800000 -661.769 768.214 249.971 106.444 123.491
9900000 -647.193 761.264 247.709 114.07 123.733
10000000 -650.154 761.001 247.624 110.847 124.588
10100000 -645.064 772.098 251.235 127.035 124.788
10200000 -644.647 774.065 251.875 129.419 125.225
10300000 -627.689 764.424 248.737 136.735 125.778
10400000 -669.345 763.88 248.561 94.5354 125.288
10500000 -678.697 754.907 245.641 76.21 125.73
10600000 -669.221 770.053 250.569 100.832 125.819
10700000 -631.991 764.669 248.817 132.678 126.836
10800000 -610.788 764.129 248.642 153.341 127.923
10900000 -631.216 771.122 250.917 139.906 128.429
11000000 -620.991 761.608 247.821 140.616 128.579
11100000 -621.877 758.806 246.91 136.929 128.34
11200000 -606.36 763.184 248.334 156.824 128.851
11300000 -627.673 770.589 250.743 142.915 129.58
11400000 -619.96 761.155 247.674 141.195 131.223
11500000 -636.632 772.869 251.485 136.237 132.363
11600000 -639.415 768.29 249.995 128.875 132.59
11700000 -622.125 770.631 250.757 148.505 133.392
11800000 -616.025 764.552 248.779 148.527 134.623
11900000 -620.896 774.151 251.903 153.255 135.079
12000000 -606.182 760.419 247.434 154.236 135.969
12100000 -569.63 761.149 247.672 191.518 135.827
12200000 -567.734 773.791 251.785 206.056 135.365
12300000 -567.485 763.282 248.366 195.797 135.129
12400000 -571.249 770.523 250.722 199.275 135.602
12500000 -561.573 766.163 249.303 204.589 135.703
12600000 -574.851 764.935 248.904 190.084 136.261
12700000 -588.634 774.275 251.943 185.641 136.603
12800000 -593.84 761.564 247.807 167.724 137.695
12900000 -554.698 764.417 248.735 209.719 137.604
13000000 -580.737 764.369 248.72 183.632 137.026
13100000 -588.962 765.85 249.201 176.888 137.208
13200000 -575.197 773.492 251.688 198.295 137.938
13300000 -594.889 772.194 251.266 177.306 138.959
13400000 -607.54 771.896 251.169 164.356 142.024
13500000 -593.846 766.135 249.294 172.289 143.079
13600000 -580.882 761.842 247.897 180.96 143.388
13700000 -597.728 777.426 252.968 179.698 144.185
13800000 -640.638 764.479 248.756 123.841 143.903
13900000 -625.995 774.24 251.932 148.245 144.457
14000000 -648.579 762.398 248.078 113.819 145.748
14100000 -630.299 774.162 251.906 143.863 145.657
14200000 -637.36 768.681 250.123 131.321 145.35
14300000 -631.881 773.429 251.668 141.548 146.026
14400000 -638.472 776.206 252.571 137.734 146.116
14500000 -624.818 764.638 248.807 139.82 145.42
14600000 -599.515 765.518 249.094 166.003 145.642
14700000 -590.092 776.71 252.735 186.618 145.648
14800000 -595.987 765.707 249.155 169.719 146.783
14900000 -578.106 771.866 251.159 193.759 147.937
15000000 -600.982 772.515 251.37 171.533 148.726
15100000 -581.274 770.677 250.772 189.403 149.204
15200000 -577.854 759.951 247.282 182.098 149.039
15300000 -562.942 770.054 250.57 207.112 149.492
15400000 -580.086 784.145 255.154 204.059 149.701
15500000 -586.081 767.458 249.725 181.377 149.346
15600000 -577.943 763.494 248.435 185.551 149.099
15700000 -602.88 766.869 249.533 163.988 149.324
15800000 -592.866 769.735 250.466 176.869 149.046
15900000 -591.912 771.343 250.989 179.431 148.506
16000000 -622.053 758.211 246.716 136.159 148.428
16100000 -636.925 771.984 251.198 135.059 149.047
16200000 -632.717 769.569 250.412 136.853 148.991
16300000 -645.513 774.478 252.009 128.965 148.577
16400000 -644.633 760.963 247.612 116.331 148.309
16500000 -644.098 773.096 251.559 128.997 148.598
16600000 -641.54 769.341 250.337 127.801 148.569
16700000 -629.335 772.24 251.281 142.906 148.718
16800000 -618.77 757.476 246.477 138.706 148.585
16900000 -620.185 773.297 251.625 153.113 149.083
17000000 -582.208 765.778 249.178 183.57 148.237
17100000 -602.739 782.322 254.561 179.582 147.841
17200000 -623.514 763.507 248.439 139.994 147.888
17300000 -621.179 770.707 250.782 149.529 149.439
17400000 -634.336 770.989 250.874 136.654 151.054
17500000 -614.153 764.365 248.718 150.213 151.584
17600000 -638.802 771.659 251.092 132.857 151.959
17700000 -625.793 773.247 251.608 147.454 152.86
17800000 -641.878 774.449 252 132.571 154.089
17900000 -639.614 765.857 249.204 126.242 154.801
18000000 -607.207 759.536 247.147 152.329 154.368
18100000 -635.37 763.048 248.29 127.678 154.087
18200000 -646.467 764.588 248.791 118.122 153.343
18300000 -638.515 770.07 250.575 131.555 153.989
18400000 -634.252 771.864 251.158 137.611 154.655
18500000 -639.779 755.886 245.959 116.107 154.874
18600000 -662.756 767.125 249.617 104.369 155.285
18700000 -639.882 749.844 243.993 109.962 155.63
18800000 -637.005 758.119 246.686 121.114 156.017
18900000 -654.669 775.351 252.293 120.683 156.823
19000000 -630.429 763.672 248.493 133.243 157.041
19100000 -653.135 775.162 252.232 122.027 157.169
19200000 -662.84 762.721 248.183 99.8805 158.017
19300000 -644.455 760.676 247.518 116.221 159.25
19400000 -640.47 765.069 248.947 124.599 159.648
19500000 -649.144 757.946 246.63 108.802 160.145
19600000 -638.789 759.761 247.22 120.972 161.356
19700000 -648.415 777.095 252.861 128.68 161.847
19800000 -655.712 769.186 250.287 113.474 162.788
19900000 -677.878 771.513 251.044 93.6352 163.502
20000000 -659.848 756.109 246.032 96.2615 162.815
20100000 -635.083 769.051 250.243 133.968 162.446
20200000 -654.332 774.344 251.966 120.012 163.304
20300000 -654.156 772.22 251.274 118.064 163.347
20400000 -693.344 762.989 248.271 69.6455 163.543
20500000 -678.467 770.599 250.747 92.1321 163.691
20600000 -674.576 763.231 248.349 88.6548 163.774
20700000 -643.626 764.889 248.889 121.264 164.141
20800000 -638.134 767.936 249.88 129.802 164.446
20900000 -644.32 771.131 250.92 126.811 164.754
21000000 -624.421 774.155 251.904 149.733 165.22
21100000 -620.092 774.976 252.171 154.884 166.346
21200000 -632.623 766.739 249.491 134.115 166.23
21300000 -641.872 760.792 247.556 118.92 166.377
21400000 -640.148 768.366 250.02 128.218 165.887
21500000 -652.973 767.032 249.586 114.059 166.661
21600000 -662.772 757.701 246.55 94.9296 168.022
21700000 -657.38 778.16 253.207 120.78 168.803
21800000 -623.768 770.33 250.659 146.562 169.415
21900000 -637.27 763.788 248.531 126.518 169.701
22000000 -657.21 764.764 248.848 107.554 169.677
22100000 -631.696 769.165 250.28 137.468 170.404
22200000 -646.219 765.149 248.974 118.93 170.605
22300000 -648.897 768.635 250.108 119.738 171.146
22400000 -658.496 774.918 252.152 116.421 171.238
22500000 -671.603 768.428 250.04 96.8255 171.314
22600000 -655.882 769.373 250.348 113.49 171.683
22700000 -631.733 769.294 250.322 137.561 172.681
22800000 -649.161 760.446 247.443 111.285 172.885
22900000 -675.464 773.768 251.778 98.3046 173.793
23000000 -647.451 764.398 248.729 116.947 173.997
23100000 -644.558 757.191 246.384 112.633 173.652
23200000 -656.303 765.548 249.103 109.245 172.615
23300000 -660.447 768.625 250.104 108.177 173.271
23400000 -639.834 763.812 248.538 123.978 173.963
23500000 -674.694 774.404 251.985 99.7096 173.313
23600000 -643.482 771.048 250.893 127.566 172.779
23700000 -646.314 770.344 250.664 124.03 172.427
23800000 -653.263 764.08 248.626 110.818 173.318
23900000 -635.906 772.816 251.468 136.91 173.739
24000000 -654.855 778.749 253.399 123.893 174.851
24100000 -674.584 761.722 247.858 87.138 174.316
24200000 -661.764 768.286 249.994 106.522 174.29
24300000 -659.409 770.438 250.694 111.03 174.531
24400000 -670.227 769.551 250.406 99.3242 174.297
24500000 -683.133 768.218 249.972 85.0849 173.949
24600000 -690.196 767.481 249.732 77.2848 174.709
24700000 -693.096 769.635 250.433 76.5387 175.883
24800000 -671.824 764.934 248.903 93.1094 175.905
24900000 -693.752 757.674 246.541 63.9222 176.104
25000000 -668.986 767.133 249.619 98.1467 176.351
25100000 -650.655 766.287 249.344 115.631 177.531
25200000 -634.044 762.292 248.044 128.248 177.053
25300000 -662.088 770.493 250.712 108.406 176.895
25400000 -665.278 777.94 253.135 112.662 177.498
25500000 -672.995 772.733 251.441 99.7376 177.506
25600000 -710.581 769.394 250.355 58.8134 177.415
25700000 -650.825 769.911 250.523 119.086 178.229
25800000 -654.159 763.158 248.326 109 178.477
25900000 -665.025 759.133 247.016 94.1077 178.586
26000000 -667.705 762.803 248.21 95.0979 179.496
26100000 -647.307 763.137 248.319 115.83 179.957
26200000 -642.612 764.732 248.838 122.12 181.555
26300000 -642.446 764.107 248.634 121.662 181.981
26400000 -646.485 779.875 253.765 133.39 182.372
26500000 -660.529 754.839 245.619 94.3098 182.665
26600000 -649.716 756.166 246.05 106.449 183.326
26700000 -647.197 767.799 249.836 120.602 183.486
26800000 -660.013 763.485 248.432 103.472 183.082
26900000 -672.819 768.599 250.096 95.7796 182.315
27000000 -664.965 772.967 251.517 108.002 182.904
27100000 -665.621 764.811 248.863 99.1897 183.489
27200000 -644.08 771.973 251.194 127.893 183.032
27300000 -636.955 775.688 252.403 138.733 182.984
27400000 -611.264 759.302 247.071 148.038 184.592
27500000 -637.113 768.891 250.191 131.778 184.882
27600000 -652.702 765.653 249.137 112.95 184.571
27700000 -645.492 768.787 250.157 123.295 184.229
27800000 -666.145 770.209 250.62 104.065 184.609
27900000 -672.433 765.077 248.95 92.644 184.891
28000000 -672.84 762.712 248.18 89.872 185.692
28100000 -659.297 762.841 248.223 103.545 186.13
28200000 -680.022 783.375 254.904 103.353 185.261
28300000 -680.514 763.961 248.587 83.4468 184.6
28400000 -705.033 768.09 249.93 63.0567 184.745
28500000 -661.418 760.602 247.494 99.1841 184.529
28600000 -676.094 763.197 248.338 87.1034 184.554
28700000 -676.619 764.217 248.67 87.5982 185.162
28800000 -682.73 769.549 250.405 86.8184 184.734
28900000 -671.12 768.857 250.18 97.7369 185.473
29000000 -679.037 763.753 248.519 84.7159 186.131
29100000 -698.596 765.679 249.146 67.0835 186.678
29200000 -688.583 758.928 246.949 70.3453 186.696
29300000 -670.592 771.119 250.916 100.526 187.62
29400000 -684.122 772.826 251.471 88.7037 187.081
29500000 -702.276 753.588 245.212 51.3119 187.779
29600000 -700.058 775.649 252.39 75.5911 188.603
29700000 -678.102 766.334 249.359 88.2315 189.143
29800000 -693.15 761.119 247.662 67.9682 188.878
29900000 -680.416 763.238 248.352 82.8221 188.952
30000000 -683.893 767.001 249.576 83.108 188.918
30100000 -660.577 767.058 249.595 106.481 188.897
30200000 -683.788 767.968 249.891 84.1804 189.935
30300000 -701.173 761.982 247.943 60.8091 190.592
30400000 -697.584 765.817 249.191 68.2334 190.876
30500000 -705.17 761.507 247.789 56.3379 192.604
30600000 -688.11 764.403 248.731 76.2929 192.782
30700000 -685.822 774.083 251.881 88.2611 193.47
30800000 -675.534 772.586 251.393 97.0516 193.385
30900000 -684.185 766.119 249.289 81.9342 193.339
31000000 -683.322 768.876 250.186 85.5541 193.646
31100000 -677.523 766.785 249.506 89.2616 194.381
31200000 -702.886 776.398 252.634 73.5125 195.71
31300000 -710.855 764.409 248.733 53.5539 195.5
31400000 -688.13 775.276 252.269 87.1459 195.916
31500000 -668.406 774.813 252.118 106.407 195.904
31600000 -673.53 764.768 248.85 91.2382 196.324
31700000 -677.599 764.26 248.684 86.6611 196.97
31800000 -667.444 769.287 250.32 101.842 198.454
31900000 -673.298 763.911 248.571 90.6127 198.071
32000000 -673.904 772.248 251.283 98.3441 197.236
32100000 -694.526 770.64 250.76 76.1136 197.445
32200000 -680.551 754.959 245.658 74.4078 197.974
32300000 -680.987 770.524 250.723 89.5372 198.322
32400000 -673.788 767.424 249.714 93.6359 199.631
32500000 -680.856 767.122 249.616 86.2665 200.193
32600000 -686.555 765.245 249.005 78.69 200.019
32700000 -698.023 764.011 248.603 65.988 200.051
32800000 -702.446 754.608 245.544 52.1617 200.345
32900000 -695.599 760.861 247.578 65.2627 199.539
33000000 -692.964 755.11 245.707 62.1455 199.192
33100000 -688.618 774.554 252.034 85.9355 199.449
33200000 -701.874 762.384 248.074 60.5106 199.987
33300000 -697.891 773.449 251.674 75.558 199.63
33400000 -704.27 756.669 246.214 52.3987 199.752
33500000 -704.792 767.245 249.655 62.453 200.819
33600000 -689.044 773.376 251.65 84.3314 200.582
33700000 -666.498 767.71 249.807 101.212 201.036
33800000 -662.486 765.649 249.136 103.163 201.1
33900000 -678.595 765.173 248.981 86.5772 201.194
34000000 -664.121 764.818 248.866 100.697 200.836
34100000 -659.336 759.833 247.244 100.497 200.384
34200000 -674.483 762.405 248.081 87.9218 201.171
34300000 -676.039 773.92 251.827 97.881 201.615
34400000 -665.351 771.046 250.892 105.695 201.128
34500000 -636.664 771.924 251.178 135.26 201.294
34600000 -650.428 773.572 251.714 123.144 201.957
34700000 -681.966 771.208 250.945 89.2412 202.317
34800000 -680.013 767.033 249.587 87.0203 202.891
34900000 -691.607 783.163 254.835 91.5566 203.318
35000000 -700.199 775.699 252.406 75.5001 203.405
35100000 -696.17 772.119 251.241 75.9493 203.743
35200000 -691.619 783.914 255.079 92.2946 204.185
35300000 -706.921 770.729 250.789 63.808 203.472
35400000 -707.117 769.459 250.376 62.3417 203.425
35500000 -697.12 760.716 247.531 63.5958 203.487
35600000 -668.669 768.319 250.005 99.6499 203.653
35700000 -664.308 775.17 252.234 110.862 204.115
35800000 -674.81 769.33 250.334 94.5201 204.922
35900000 -689.24 761.092 247.653 71.8521 204.802
36000000 -691.365 767.454 249.723 76.0886 205.514
36100000 -708.991 770.972 250.868 61.981 204.547
36200000 -672.782 764.864 248.881 92.0822 205.272
36300000 -690.846 770.357 250.668 79.511 205.934
36400000 -664.203 756.531 246.169 92.3282 206.46
36500000 -652.545 782.181 254.516 129.636 207.168
36600000 -672.517 762.341 248.06 89.8241 207.393
36700000 -678.546 765.718 249.159 87.1719 207.675
36800000 -659.679 766.024 249.258 106.345 208.645
36900000 -682.395 780.463 253.957 98.0684 208.893
37000000 -692.057 765.951 249.234 73.8936 208.518
37100000 -703.951 768.018 249.907 64.0669 208.438
37200000 -715.845 773.878 251.814 58.0324 208.566
37300000 -694.672 776.471 252.658 81.7988 207.805
37400000 -658.089 763.602 248.47 105.513 207.766
37500000 -662.738 760.696 247.524 97.9571 208.169
37600000 -655.128 766.546 249.428 111.418 207.296
37700000 -633.729 768.425 250.039 134.697 207.138
37800000 -636.716 766.914 249.548 130.197 208.373
37900000 -626.859 760.488 247.457 133.629 209.503
38000000 -608.182 777.34 252.94 169.158 209.313
38100000 -615.248 766.182 249.309 150.933 209.572
38200000 -635.22 766.372 249.372 131.152 208.779
38300000 -658.653 762.479 248.105 103.825 208.443
38400000 -684.196 777.227 252.904 93.0312 209.151
38500000 -637.606 771.606 251.075 134.001 209.008
38600000 -652.364 773.268 251.615 120.904 209.258
38700000 -664.167 765.096 248.956 100.929 209.214
38800000 -677.569 767.406 249.708 89.8375 208.589
38900000 -655.174 775.576 252.366 120.402 208.683
39000000 -659.85 776.017 252.51 116.167 209.46
39100000 -669.391 758.562 246.83 89.1705 210.582
39200000 -679.569 770.165 250.606 90.5958 210.535
39300000 -634.302 775.402 252.31 141.1 210.145
39400000 -641.511 772.191 251.265 130.68 210.739
39500000 -653.325 761.71 247.854 108.384 211.163
39600000 -638.73 780.517 253.974 141.787 211.742
39700000 -657.6 773.097 251.56 115.497 212.364
39800000 -649.248 776.216 252.574 126.967 212.496
39900000 -662.553 767.861 249.856 105.308 211.501
40000000 -624.872 766.685 249.473 141.814 211.727
40100000 -650.017 768.163 249.954 118.146 211.807
40200000 -640.832 765.686 249.148 124.854 211.425
40300000 -625.844 762.208 248.016 136.363 211.175
40400000 -637.933 765.628 249.129 127.694 210.875
40500000 -618.814 780.592 253.998 161.778 211.555
40600000 -620.884 762.717 248.182 141.832 212.319
40700000 -590.37 757.661 246.537 167.291 212.703
40800000 -612.837 768.68 250.122 155.843 213.205
40900000 -587.645 772.054 251.22 184.409 213.321
41000000 -606.431 775.219 252.25 168.788 214.128
41100000 -591.276 773.379 251.651 182.103 214.703
41200000 -585.131 773.076 251.553 187.946 215.151
41300000 -648.628 765.372 249.046 116.744 215.239
41400000 -649.077 767.357 249.692 118.28 215.161
41500000 -639.852 760.421 247.435 120.569 214.895
41600000 -671.937 772.625 251.406 100.689 214.743
41700000 -675.682 762.141 247.995 86.4583 214.086
41800000 -639.399 770.133 250.595 130.734 214.36
41900000 -618.494 765.562 249.108 147.069 214.175
42000000 -622.15 766.311 249.352 144.161 214.385
42100000 -666.568 766.219 249.322 99.6503 214.095
42200000 -653.657 770.37 250.672 116.713 214.356
42300000 -668.668 771.536 251.052 102.867 214.103
42400000 -680.387 768.948 250.21 88.5613 214.585
42500000 -660.562 768.057 249.92 107.495 215.418
42600000 -648.858 759.715 247.205 110.857 215.673
42700000 -610.294 765.279 249.016 154.985 215.47
42800000 -630.461 771.344 250.989 140.882 216.507
42900000 -658.981 757.966 246.636 98.9851 216.139
43000000 -638.956 760.14 247.344 121.183 216.286
43100000 -647.299 764.881 248.886 117.582 216.566
43200000 -640.976 774.928 252.155 133.952 217.356
43300000 -635.37 761.439 247.766 126.068 217.322
43400000 -649.594 774.709 252.084 125.114 218.406
43500000 -612.065 755.701 245.899 143.636 218.556
43600000 -647.998 764.145 248.647 116.147 219.554
43700000 -623.134 767.444 249.72 144.31 219.786
43800000 -630.422 770.817 250.818 140.396 219.494
43900000 -671.592 766.21 249.319 94.618 219.633
44000000 -683.248 766.725 249.486 83.4771 219.108
44100000 -655.357 767.392 249.703 112.035 219.384
44200000 -635.282 769.268 250.314 133.986 219.683
44300000 -626.72 769.239 250.304 142.519 220.148
44400000 -640.724 772.152 251.252 131.428 220.498
44500000 -620.718 769.558 250.408 148.84 219.939
44600000 -627.05 771.669 251.095 144.619 219.913
44700000 -630.467 769.239 250.304 138.773 220.813
44800000 -650.115 767.775 249.828 117.66 221.533
44900000 -691.238 767.06 249.595 75.8213 222.312
45000000 -684.473 768.498 250.063 84.0252 223.09
45100000 -670.175 765.772 249.176 95.5965 223.545
45200000 -688.982 764.633 248.806 75.6511 224.352
45300000 -675.86 769.994 250.55 94.1341 224.879
45400000 -695.089 760.179 247.356 65.0901 225.247
45500000 -651.613 772.18 251.261 120.567 225.869
45600000 -646.676 760.019 247.304 113.343 226.931
45700000 -635.345 767.759 249.823 132.414 226.754
45800000 -671.39 764.857 248.878 93.4665 227.433
45900000 -652.695 765.245 249.005 112.55 227.974
46000000 -668.232 775.426 252.317 107.194 227.616
46100000 -704.399 768.195 249.965 63.7955 227.918
46200000 -678.987 767.554 249.756 88.5667 227.402
46300000 -685.45 768.171 249.957 82.7207 226.824
46400000 -690.041 770.329 250.659 80.2876 226.987
46500000 -701.304 769.598 250.421 68.2941 227.483
46600000 -672.182 763.563 248.457 91.3808 228.111
46700000 -626.346 774.977 252.171 148.631 227.732
46800000 -636.621 771.144 250.924 134.523 227.425
46900000 -671.618 775.536 252.353 103.918 227.655
47000000 -682.484 763.924 248.575 81.4392 227.39
47100000 -676.214 765.31 249.026 89.0964 227.358
47200000 -683.262 765.404 249.056 82.1418 226.753
47300000 -640.543 764.712 248.831 124.168 226.271
47400000 -626.682 766.893 249.541 140.211 226.193
47500000 -644.255 768.495 250.062 124.24 227.087
47600000 -631.871 767.786 249.832 135.916 227.661
47700000 -623.08 774.296 251.95 151.216 228.458
47800000 -651.885 762.228 248.023 110.343 228.4
47900000 -644.817 761.334 247.732 116.517 229.056
48000000 -628.967 769.61 250.425 140.643 229.808
48100000 -664.828 772.045 251.217 107.217 229.704
48200000 -618.452 773.314 251.63 154.863 230.031
48300000 -652.751 772.017 251.208 119.266 230.569
48400000 -666.201 757.155 246.372 90.9537 230.139
48500000 -641.708 769.488 250.385 127.779 230.276
48600000 -632.739 763.442 248.418 130.703 230.019
48700000 -627.103 770.469 250.705 143.366 230.724
48800000 -600.672 772.431 251.343 171.759 230.416
48900000 -653.329 760.598 247.493 107.269 230.935
49000000 -644.29 779.548 253.659 135.258 231.164
49100000 -631.633 766.01 249.254 134.377 231.332
49200000 -632.068 771.397 251.006 139.329 232.082
49300000 -644.408 768.676 250.121 124.268 231.373
49400000 -633.803 776.82 252.771 143.017 231.832
49500000 -617.482 770.952 250.862 153.471 232.329
49600000 -656.564 762.141 247.995 105.577 233.768
49700000 -651.187 772.452 251.35 121.265 234.148
49800000 -657.841 776.204 252.571 118.364 233.538
49900000 -662.305 771.446 251.022 109.141 233.33
50000000 -673.284 757.067 246.344 83.783 233.095
50100000 -683.693 757.619 246.523 73.9259 232.29
50200000 -663.365 772.337 251.312 108.972 231.916
50300000 -673.085 780.874 254.09 107.788 231.732
50400000 -666.363 770.996 250.876 104.633 231.877
50500000 -678.667 768.613 250.101 89.946 232.05
50600000 -676.822 762.404 248.08 85.5823 232.005
50700000 -641.939 779.475 253.635 137.536 231.811
50800000 -645.211 773.905 251.822 128.694 231.327
50900000 -649.058 773.307 251.628 124.249 232.784
51000000 -687.637 771.48 251.033 83.8429 233.087
51100000 -679.476 773.865 251.81 94.3894 232.075
51200000 -680.595 761.743 247.865 81.1471 232.16
51300000 -684.963 770.416 250.687 85.4529 233.151
51400000 -689.698 765.177 248.983 75.4795 233.657
51500000 -695.851 769.115 250.264 73.2648 234.727
51600000 -667.751 774.753 252.098 107.002 235.429
51700000 -649.697 768.268 249.988 118.571 235.369
51800000 -668.745 760.333 247.406 91.5886 236.664
51900000 -679.288 770.755 250.797 91.4661 236.763
52000000 -664.32 770.134 250.596 105.815 237.589
52100000 -692.872 755.061 245.691 62.1893 237.897
52200000 -661.445 768.159 249.953 106.714 238.61
52300000 -682.481 767.714 249.808 85.2321 239.258
52400000 -677.894 765.84 249.198 87.9468 239.286
52500000 -685.313 765.462 249.075 80.1492 239.469
52600000 -684.103 775.77 252.429 91.6665 239.743
52700000 -655.727 759.064 246.994 103.337 239.857
52800000 -666.864 776.989 252.826 110.126 240.114
52900000 -658.014 763.511 248.441 105.498 240.134
53000000 -683.143 765.575 249.112 82.4326 239.776
53100000 -663.972 765.359 249.042 101.387 239.101
53200000 -638.101 769.597 250.421 131.496 238.359
53300000 -639.919 773.586 251.719 133.667 238.351
53400000 -665.431 757.625 246.525 92.1932 238.129
53500000 -671.351 774.304 251.952 102.954 238.598
53600000 -623.446 772.29 251.297 148.844 238.169
53700000 -637.936 772.795 251.461 134.859 238.707
53800000 -651.433 770.279 250.643 118.846 238.908
53900000 -649.3 776.133 252.548 126.833 238.618
54000000 -651.07 775.538 252.354 124.468 238.609
54100000 -653.286 777.055 252.848 123.769 238.758
54200000 -645.836 777.825 253.098 131.989 238.591
54300000 -656.564 778.598 253.35 122.034 238.258
54400000 -626.409 765.766 249.174 139.356 238.523
54500000 -646.828 770.312 250.654 123.484 238.633
54600000 -662.668 776.971 252.82 114.303 237.925
54700000 -688.734 761.405 247.755 72.6711 238.204
54800000 -649.491 771.266 250.964 121.775 237.984
54900000 -670.133 759.421 247.11 89.2879 237.75
55000000 -678.957 772.407 251.335 93.4497 237.667
55100000 -678.886 773.264 251.614 94.3783 237.902
55200000 -661.439 766.334 249.359 104.895 238.089
55300000 -660.841 771.177 250.935 110.337 238.484
55400000 -666.89 764.893 248.89 98.0026 238.946
55500000 -645.258 764.132 248.643 118.874 239.353
55600000 -632.864 774.487 252.012 141.623 239.813
55700000 -643.487 773.406 251.66 129.919 240.003
55800000 -631.447 781.633 254.337 150.187 240.508
55900000 -644.053 765.732 249.163 121.679 240.062
56000000 -630.92 765.614 249.125 134.694 240.384
56100000 -676.277 756.142 246.043 79.8652 240.456
56200000 -663.509 767.26 249.66 103.751 241.236
56300000 -644.848 773.662 251.744 128.814 241.038
56400000 -630.53 770.559 250.734 140.029 241.88
56500000 -648.824 761.336 247.733 112.512 241.348
56600000 -647.941 773.583 251.718 125.641 241.611
56700000 -654.161 767.622 249.778 113.462 241.548
56800000 -668.109 758.119 246.686 90.0107 242.818
56900000 -640.21 750.4 244.174 110.19 243.069
57000000 -654.796 776.07 252.527 121.274 243.299
57100000 -637.52 769.576 250.414 132.057 242.178
57200000 -676.414 758.559 246.829 82.145 241.944
57300000 -651.677 766.953 249.561 115.277 241.757
57400000 -646.833 763.123 248.314 116.291 241.727
57500000 -635.326 763.808 248.537 128.482 241.475
57600000 -666.316 775.187 252.24 108.871 241.434
57700000 -694.163 764.243 248.679 70.0798 241.146
57800000 -626.222 759.576 247.16 133.354 241.46
57900000 -653.272 772.516 251.371 119.244 242.657
58000000 -668.406 762.762 248.197 94.3562 242.706
58100000 -671.169 762.315 248.051 91.1464 243.476
58200000 -658.898 771.603 251.074 112.705 243.793
58300000 -662.377 757.447 246.467 95.0699 243.743
58400000 -673.165 775.504 252.343 102.338 243.616
58500000 -649.209 761.7 247.851 112.491 243.38
58600000 -670.366 775.417 252.315 105.052 244.145
58700000 -691.743 762.864 248.23 71.121 243.891
58800000 -659.18 762.1 247.981 102.92 245.073
58900000 -657.092 764.73 248.837 107.638 245.627
59000000 -651.833 773.262 251.613 121.429 246.31
59100000 -669.057 774.527 252.025 105.47 246.344
59200000 -632.322 766.731 249.488 134.409 246.366
59300000 -653.035 763.451 248.421 110.416 247.08
59400000 -648.536 760.098 247.33 111.562 247.142
59500000 -619.287 765.882 249.212 146.594 247.501
59600000 -640.305 768.501 250.064 128.196 247.142
59700000 -665.644 754.657 245.559 89.0126 247.185
59800000 -653.715 773.325 251.634 119.609 248.136
59900000 -654.736 769.551 250.406 114.815 248.086
60000000 -643.714 766.981 249.57 123.267 248.23
60100000 -641.103 777.073 252.853 135.97 248.611
60200000 -615.741 767.822 249.843 152.081 249.574
60300000 -618.557 763.018 248.28 144.461 250.567
60400000 -650.029 768.869 250.184 118.841 250.533
60500000 -636.895 770.803 250.813 133.908 249.626
60600000 -609.701 769.715 250.459 160.014 250.345
60700000 -605.937 764.571 248.785 158.634 250.2
60800000 -602.927 772.93 251.505 170.003 250.548
60900000 -608.163 762.584 248.139 154.421 250.495
61000000 -619.271 761.668 247.841 142.397 250.303
61100000 -641.898 773.563 251.711 131.665 249.524
61200000 -613.322 765.593 249.118 152.271 249.32
61300000 -650.219 766.206 249.317 115.987 249.355
61400000 -651.89 761.403 247.754 109.513 249.709
61500000 -633.739 760.995 247.622 127.255 251.007
61600000 -635.829 772.801 251.463 136.972 251.086
61700000 -605.673 769.737 250.466 164.063 250.573
61800000 -628.808 764.547 248.778 135.739 249.906
61900000 -636.048 771.038 250.89 134.99 249.212
62000000 -651.64 767.414 249.711 115.774 249.171
62100000 -670.282 763.994 248.598 93.7115 248.368
62200000 -671.005 764.911 248.896 93.9055 248.857
62300000 -644.591 763.684 248.497 119.093 248.036
62400000 -638.096 767.787 249.832 129.69 248.074
62500000 -629.632 779.312 253.582 149.68 248.042
62600000 -613.2 762.529 248.121 149.329 247.632
62700000 -590.558 754.642 245.555 164.084 247.337
62800000 -649.064 776.468 252.657 127.404 247.817
62900000 -660.371 766.316 249.353 105.945 249.054
63000000 -651.588 765.989 249.247 114.401 249.449
63100000 -666.65 772.258 251.287 105.608 250.721
63200000 -644.212 773.69 251.753 129.478 252.596
63300000 -644.937 757.346 246.434 112.409 252.836
63400000 -626.258 773.897 251.82 147.639 252.19
63500000 -659.488 777.083 252.857 117.595 252.297
63600000 -651.956 771.02 250.884 119.064 252.53
63700000 -650.487 771.343 250.989 120.856 253.519
63800000 -641.112 763.676 248.494 122.564 253.762
63900000 -641.062 763.978 248.593 122.916 254.4
64000000 -633.155 763.858 248.553 130.703 255.35
64100000 -641.72 769.02 250.233 127.299 256.428
64200000 -632.524 772.222 251.275 139.698 256.142
64300000 -690.121 769.074 250.251 78.9529 256.086
64400000 -672.756 774.229 251.928 101.473 256.741
64500000 -671.285 768.642 250.11 97.3574 257.719
64600000 -689.069 771.348 250.991 82.2795 258.436
64700000 -705.241 776.869 252.787 71.6278 258.695
64800000 -648.979 770.663 250.768 121.684 259.265
64900000 -661.02 768.371 250.022 107.352 259.234
65000000 -659.043 769.355 250.342 110.312 259.941
65100000 -660.431 773.31 251.629 112.879 259.044
65200000 -651.233 758.671 246.866 107.438 259.359
65300000 -627.79 765.954 249.235 138.165 259.823
65400000 -642.293 782.101 254.489 139.808 259.649
65500000 -628.143 770.039 250.565 141.896 259.839
65600000 -630.188 768.222 249.973 138.033 259.723
65700000 -621.602 764.862 248.88 143.26 259.275
65800000 -620.318 761.85 247.9 141.532 260.356
65900000 -621.835 770.288 250.646 148.454 261.042
66000000 -630.367 761.203 247.689 130.835 261.542
66100000 -623.918 758.583 246.837 134.665 261.41
66200000 -631.72 776.663 252.72 144.943 261.983
66300000 -637.317 768.936 250.206 131.619 262.201
66400000 -622.028 771.157 250.928 149.129 262.021
66500000 -633.588 775.946 252.487 142.358 261.697
66600000 -672.057 768.831 250.172 96.7736 263.292
66700000 -675.092 761.159 247.675 86.0667 263.356
66800000 -651.519 771.067 250.899 119.548 263.246
66900000 -624.612 771.772 251.129 147.16 263.607
67000000 -631.742 769.269 250.314 137.527 264.215
67100000 -678.615 763.102 248.307 84.4867 263.556
67200000 -663.182 774.415 251.988 111.233 263.081
67300000 -641.528 757.134 246.365 115.606 263.495
67400000 -659.272 766.769 249.501 107.497 264.471
67500000 -669.639 782.548 254.635 112.909 265.84
67600000 -650.942 763.624 248.477 112.682 266.615
67700000 -622.038 773.939 251.834 151.901 266.906
67800000 -641.648 756.764 246.245 115.116 266.538
67900000 -641.171 764.233 248.675 123.061 266.324
68000000 -659.643 762.114 247.986 102.471 267.968
68100000 -661.35 770.433 250.693 109.083 268.126
68200000 -648.127 772.611 251.402 124.484 268.128
68300000 -646.726 774.812 252.118 128.086 268.246
68400000 -668.954 758.858 246.927 89.9048 268.961
68500000 -686.147 772.356 251.319 86.209 269.141
68600000 -676.008 773.962 251.841 97.9538 270.166
68700000 -675.916 776.802 252.765 100.886 269.802
68800000 -678.651 769.153 250.276 90.5022 269.811
68900000 -687.811 767.894 249.867 80.083 270.463
69000000 -706.301 761.189 247.685 54.8872 270.519
69100000 -661.576 754.724 245.581 93.1483 270.966
69200000 -676.643 765.837 249.197 89.1932 271.136
69300000 -664.043 779.604 253.677 115.561 270.986
69400000 -664.619 771.011 250.881 106.392 271.637
69500000 -691.015 751.133 244.413 60.1176 271.591
69600000 -667.573 769.152 250.276 101.579 271.313
69700000 -685.871 761.65 247.835 75.7791 270.928
69800000 -657.827 783.65 254.994 125.823 270.683
69900000 -648.685 763.752 248.519 115.067 271.53
70000000 -688.398 769.778 250.48 81.3806 272.193
70100000 -670.993 778.931 253.458 107.938 272.281
70200000 -631.449 766.916 249.549 135.468 272.658
70300000 -634.45 770.624 250.755 136.175 273.199
70400000 -657.719 768.07 249.924 110.351 273.933
70500000 -674.606 768.88 250.187 94.2737 274.574
70600000 -695.112 776.306 252.604 81.194 274.127
70700000 -664.734 775.522 252.349 110.788 274.172
70800000 -697.216 760.377 247.421 63.161 273.68
70900000 -688.841 753.462 245.171 64.6209 274.392
71000000 -691.515 765.371 249.046 73.8563 273.411
71100000 -687.988 773.979 251.847 85.991 273.313
71200000 -698.904 774.604 252.05 75.7001 274.174
71300000 -694.974 758.909 246.943 63.9345 275.617
71400000 -645.381 772.341 251.314 126.96 276.348
71500000 -636.308 763.79 248.531 127.482 277.83
71600000 -651.683 765.779 249.178 114.096 278.925
71700000 -664.037 769.787 250.483 105.751 279.172
71800000 -646.502 759.454 247.12 112.952 279.824
71900000 -630.858 761.387 247.749 130.529 279.845
72000000 -651.441 772.637 251.41 121.196 280.211
72100000 -635.488 758.866 246.929 123.378 281.282
72200000 -659.322 760.73 247.535 101.407 282.244
72300000 -673.998 770.781 250.806 96.783 282.884
72400000 -672.776 761.534 247.797 88.7584 283.817
72500000 -659.853 767.195 249.639 107.342 283.969
72600000 -622.386 764.911 248.896 142.524 283.931
72700000 -654.586 772.213 251.272 117.627 283.439
72800000 -637.447 766.631 249.456 129.184 284.224
72900000 -628.31 782.872 254.74 154.562 284.792
73000000 -621.763 778.372 253.276 156.609 285.219
73100000 -609.5 767.729 249.813 158.229 285.754
73200000 -602.923 765.712 249.157 162.789 287.071
73300000 -618.632 763.949 248.583 145.317 287.506
73400000 -622.498 765.395 249.053 142.897 287.468
73500000 -623.727 765.906 249.22 142.179 287.758
73600000 -615.275 778.198 253.219 162.923 289.109
73700000 -610.688 768.697 250.128 158.009 289.609
73800000 -637.814 764.839 248.873 127.025 289.133
73900000 -641.183 765.008 248.928 123.825 288.348
74000000 -668.218 757.41 246.455 89.1921 288.643
74100000 -643.599 767.889 249.865 124.29 288.5
74200000 -633.053 772.575 251.39 139.522 287.214
74300000 -644.869 778.342 253.266 133.473 287.253
74400000 -641.671 764.727 248.836 123.056 288.146
74500000 -637.631 764.201 248.665 126.57 288.164
74600000 -625.955 761.535 247.797 135.58 289.006
74700000 -659.087 769.062 250.247 109.975 289.34
74800000 -661.355 778.608 253.353 117.253 290.181
74900000 -655.255 778.252 253.237 122.998 290.79
75000000 -612.613 776.6 252.7 163.987 290.531
75100000 -669.796 762.566 248.133 92.7707 291.716
75200000 -641.774 764.707 248.83 122.933 291.625
75300000 -608.544 777.481 252.986 168.937 290.887
75400000 -596.54 777.407 252.962 180.866 291.21
75500000 -597.951 760.413 247.432 162.462 291.009
75600000 -604.999 769.382 250.351 164.382 290.444
75700000 -648.431 768.329 250.008 119.898 290.509
75800000 -678.197 767.012 249.58 88.8141 290.495
75900000 -667.915 772.178 251.26 104.262 290.853
76000000 -684.034 772.987 251.524 88.9523 292.327
76100000 -650.637 777.968 253.145 127.332 292.528
76200000 -629.511 767.338 249.686 137.828 292.643
76300000 -621.889 774.766 252.103 152.876 293.242
76400000 -658.335 769.802 250.487 111.467 292.928
76500000 -647.54 762.326 248.055 114.786 292.452
76600000 -648.798 780.796 254.065 131.999 292.589
76700000 -648.667 773.945 251.835 125.278 292.655
76800000 -691.72 757.798 246.582 66.0786 293.847
76900000 -676.788 759.356 247.088 82.5676 294.701
77000000 -668.706 768.95 250.21 100.244 294.858
77100000 -659.344 774.515 252.021 115.171 294.903
77200000 -686.294 759.214 247.042 72.9197 294.839
77300000 -674.636 776.655 252.717 102.019 294.669
77400000 -673.384 776.448 252.65 103.064 293.918
77500000 -650.844 766.026 249.259 115.182 294.772
77600000 -666.683 767.592 249.769 100.91 295.572
77700000 -676.169 771.004 250.879 94.8351 296.434
77800000 -654.559 771.105 250.912 116.546 297.242
77900000 -646.067 769.898 250.519 123.831 297.038
78000000 -652.505 762.522 248.119 110.017 296.494
78100000 -636.899 769.077 250.252 132.178 296.078
78200000 -635.096 761.631 247.829 126.536 296.926
78300000 -630.055 772.753 251.448 142.698 296.761
78400000 -638.574 772.111 251.239 133.537 296.08
78500000 -670.424 757.269 246.409 86.8446 295.483
78600000 -697.059 765.113 248.962 68.0542 294.58
78700000 -693.163 770.717 250.785 77.5541 294.64
78800000 -683.293 776.568 252.689 93.2752 295.318
78900000 -629.338 768.633 250.107 139.295 295.577
79000000 -658.68 771.936 251.182 113.256 294.288
79100000 -652.78 758.57 246.833 105.79 294.381
79200000 -668.644 765.004 248.926 96.3593 294.649
79300000 -639.427 768.821 250.168 129.394 294.791
79400000 -625.525 768.681 250.123 143.156 295.308
79500000 -609.01 771.391 251.005 162.381 296.383
79600000 -654.028 760.758 247.545 106.73 296.571
79700000 -650.935 771.775 251.129 120.839 296.407
79800000 -635.717 766.318 249.354 130.602 296.267
79900000 -633.85 763.877 248.56 130.027 296.34
80000000 -622.282 771.446 251.023 149.164 297.09
80100000 -611.767 769.33 250.334 157.562 298.235
80200000 -609.219 765.9 249.218 156.682 299.011
80300000 -604.579 769.275 250.316 164.696 299.4
80400000 -626.464 774.386 251.979 147.922 299.647
80500000 -635.922 770.182 250.611 134.261 300.369
80600000 -644.131 760.619 247.499 116.487 300.595
80700000 -631.063 761.06 247.643 129.997 301.062
80800000 -644.65 764.411 248.733 119.761 300.967
80900000 -665.839 766.722 249.485 100.883 300.813
81000000 -649.028 774.815 252.119 125.787 300.627
81100000 -675.355 767.96 249.888 92.6046 300.533
81200000 -673.065 759.707 247.203 86.6427 300.716
81300000 -672.081 771.888 251.166 99.8066 300.838
81400000 -666.432 767.788 249.832 101.356 301.476
81500000 -656.278 781.122 254.171 124.844 301.55
81600000 -677.784 754.203 245.412 76.4187 301.623
81700000 -660.305 760.792 247.556 100.486 301.118
81800000 -669.301 765.926 249.226 96.6252 300.494
81900000 -680.078 777.668 253.047 97.5902 300.303
82000000 -670.21 764.645 248.81 94.4354 299.606
82100000 -694.306 783.904 255.076 89.5975 300.869
82200000 -671.905 776.678 252.725 104.773 301.303
82300000 -677.717 784.045 255.122 106.328 300.863
82400000 -673.683 765.864 249.206 92.181 301.008
82500000 -659.619 761.429 247.763 101.81 301.568
82600000 -681.765 768.562 250.084 86.7964 301.816
82700000 -702.9 767.631 249.781 64.7309 301.263
82800000 -694.519 771.921 251.177 77.4019 302.012
82900000 -676.52 770.904 250.846 94.384 302.61
83000000 -678.055 758.692 246.873 80.6376 302.468
83100000 -624.793 765.692 249.15 140.899 302.604
83200000 -650.445 773.027 251.537 122.581 302.195
83300000 -633.35 762.938 248.254 129.588 302.246
83400000 -612.845 777.37 252.95 164.525 301.976
83500000 -656.279 774.427 251.992 118.148 302.628
83600000 -659.691 756.426 246.135 96.7348 302.613
83700000 -640.788 763.781 248.528 122.993 302.195
83800000 -628.669 765.759 249.172 137.09 302.947
83900000 -626.421 774.434 251.995 148.013 302.02
84000000 -612.792 775.622 252.381 162.831 301.381
84100000 -620.362 769.577 250.414 149.215 301.722
84200000 -629.15 774.41 251.987 145.26 301.598
84300000 -611.57 781.058 254.15 169.488 301.678
84400000 -602.137 765.478 249.081 163.341 301.452
84500000 -621.108 773.871 251.812 152.763 300.937
84600000 -591.065 765.523 249.095 174.458 301.1
84700000 -615.755 762.96 248.261 147.205 301.362
