# Time-averaged data for fix favg
# TimeStep v_vpe v_vke v_vT v_vE v_vRg
5100000 -33.2491 490.085 309.63 456.836 129.55
5200000 -15.6735 483.005 305.157 467.332 128.98
5300000 -7.58914 470.726 297.399 463.137 128.659
5400000 -13.9197 471.173 297.681 457.254 131.601
5500000 -56.135 468.932 296.265 412.797 132.147
5600000 -46.9929 481.93 304.477 434.937 132.837
5700000 -9.27109 466.582 294.781 457.311 135.026
5800000 -22.4051 471.643 297.978 449.238 136.573
5900000 -18.947 470.054 296.974 451.107 135.953
6000000 20.0971 477.525 301.695 497.622 135.256
6100000 -1.75696 475.388 300.344 473.631 135.987
6200000 -32.3629 481.434 304.164 449.071 135.642
6300000 -34.5709 482.58 304.888 448.01 134.933
6400000 -27.0213 467.12 295.121 440.099 134.851
6500000 -41.3918 489.886 309.504 448.494 135.258
6600000 -56.388 478.154 302.092 421.766 135.099
6700000 -54.6265 491.115 310.28 436.488 135.719
6800000 -47.3391 475.614 300.487 428.275 134.797
6900000 -48.3401 470.589 297.313 422.249 135.021
7000000 -21.9953 470.159 297.041 448.164 136.56
7100000 -42.5378 471.014 297.581 428.476 139.442
7200000 -55.5094 474.798 299.971 419.289 140.939
7300000 -58.408 475.803 300.606 417.395 140.573
7400000 -49.3861 476.023 300.746 426.637 141.933
7500000 -44.2144 485.372 306.652 441.158 145.407
7600000 -46.0458 486.536 307.388 440.491 147.52
7700000 -45.2002 478.719 302.449 433.518 148.35
7800000 -34.6853 476.894 301.295 442.208 148.983
7900000 -16.8319 470.483 297.245 453.651 149.399
8000000 7.93258 464.017 293.16 471.95 148.373
8100000 -9.95131 483.101 305.217 473.15 149.218
8200000 -23.3065 477.055 301.397 453.748 150.096
8300000 -23.6021 471.053 297.606 447.451 150.696
8400000 -18.9778 476.611 301.117 457.633 153.371
8500000 -35.9057 472.985 298.826 437.08 155.701
8600000 -17.2508 471.866 298.119 454.616 158.298
8700000 -25.3454 471.474 297.871 446.128 159.614
8800000 -12.3286 471.462 297.864 459.133 161.64
8900000 -4.95423 477.005 301.366 472.05 164.791
9000000 -25.1428 478.827 302.517 453.684 166.11
9100000 -7.35494 480.995 303.887 473.64 167.703
9200000 -5.62693 486.126 307.128 480.499 169.136
9300000 -6.42866 467.928 295.631 461.499 170.337
9400000 -13.6605 473.874 299.388 460.213 170.136
9500000 -1.48442 481.59 304.263 480.106 171.019
9600000 -7.50645 477.407 301.62 469.9 171.892
9700000 -18.5519 476.625 301.126 458.073 171.174
9800000 -23.3696 476.441 301.01 453.071 172.285
9900000 -15.3254 473.504 299.154 458.179 172.496
10000000 -44.0982 472.198 298.329 428.099 173.751
10100000 -58.5192 479.404 302.882 420.885 172.468
10200000 -45.6488 478.932 302.583 433.283 173.638
10300000 -23.7602 473.357 299.061 449.597 175.078
10400000 -33.4192 478.466 302.289 445.047 175.175
10500000 -27.9987 479.593 303.001 451.594 176.637
10600000 -28.9767 478.582 302.362 449.605 177.266
10700000 -13.8367 476.197 300.856 462.361 178.582
10800000 20.9144 469.397 296.559 490.312 179.153
10900000 5.83664 467.836 295.573 473.672 179.569
11000000 -7.35009 468.362 295.905 461.011 180.262
11100000 -9.15477 468.532 296.013 459.377 179.374
11200000 1.01974 476.954 301.334 477.974 180.357
11300000 1.50643 472.973 298.819 474.48 180.328
11400000 10.3566 472.271 298.375 482.627 180.296
11500000 14.2746 466.576 294.777 480.85 180.453
11600000 -11.7701 473.316 299.035 461.546 179.51
11700000 -11.3641 476.239 300.882 464.875 180.479
11800000 -19.1765 469.505 296.627 450.328 181.234
11900000 -1.57127 471.162 297.674 469.591 184.08
12000000 -7.28988 476.249 300.888 468.959 185.161
12100000 -25.4742 474.368 299.7 448.893 185.926
12200000 4.68035 476.356 300.956 481.036 185.889
12300000 11.0161 471.897 298.139 482.913 186.882
12400000 -13.2569 476.852 301.269 463.595 190.238
12500000 -18.7807 466.473 294.712 447.692 191.217
12600000 -15.4332 463.838 293.047 448.404 191.744
12700000 -35.6843 475.628 300.496 439.944 192.823
12800000 -24.0607 479.495 302.939 455.434 195.995
12900000 -15.3231 482.966 305.132 467.642 197.734
13000000 1.11497 474.476 299.768 475.591 197.995
13100000 -5.36984 476.473 301.029 471.103 200.163
13200000 -1.36353 465.928 294.367 464.564 203.032
13300000 -1.43305 479.891 303.189 478.457 204.382
13400000 -26.5881 471.994 298.2 445.406 204.113
13500000 2.59907 470.19 297.061 472.789 205.784
13600000 -22.2576 482.242 304.675 459.985 209.609
13700000 -40.812 477.908 301.936 437.096 208.843
13800000 -15.9205 481.686 304.323 465.765 206.978
13900000 -47.6102 475.189 300.218 427.578 207.257
14000000 -23.3901 473.151 298.931 449.761 208.82
14100000 -7.91594 480.328 303.465 472.412 208.551
14200000 -4.76961 478.48 302.298 473.71 210.067
14300000 -18.3068 474.36 299.695 456.053 210.53
14400000 -10.8614 475.002 300.1 464.14 210.952
14500000 -38.4272 475.241 300.251 436.814 211.212
14600000 -12.0177 473.913 299.412 461.895 211.145
14700000 -45.6825 472.206 298.334 426.523 209.052
14800000 -38.3494 472.394 298.453 434.044 209.385
14900000 -23.2997 481.012 303.897 457.712 209.843
15000000 -28.1343 472.989 298.829 444.855 210.175
15100000 -45.1445 477.335 301.574 432.19 210.903
15200000 -37.9049 471.334 297.783 433.429 212.212
15300000 -42.1202 463.551 292.866 421.431 212.462
15400000 2.1219 477.213 301.497 479.335 213.516
15500000 -17.6755 475.152 300.195 457.476 214.422
15600000 -55.7366 477.485 301.669 421.749 214.931
15700000 -77.7322 471.541 297.914 393.809 214.914
15800000 -52.8886 472.471 298.501 419.582 217.004
15900000 -41.7071 476.89 301.293 435.183 218.959
16000000 -33.0788 473.713 299.286 440.634 221.181
16100000 -25.7245 483.987 305.777 458.262 221.898
16200000 -0.293131 469.774 296.797 469.481 223.018
16300000 3.80566 469.363 296.538 473.168 224.017
16400000 -22.7096 478.89 302.557 456.18 224.883
16500000 -24.1173 477.294 301.549 453.177 224.274
16600000 -6.10009 472.576 298.567 466.475 224.556
16700000 -7.2941 482.355 304.746 475.061 224.317
16800000 -11.6418 481.922 304.473 470.281 224.41
16900000 -42.7732 477.6 301.742 434.827 223.186
17000000 -31.6772 467.679 295.474 436.002 223.011
17100000 -13.1676 485.343 306.634 472.175 224.766
17200000 -14.1062 474.869 300.016 460.763 225.291
17300000 -2.78624 478.098 302.057 475.312 224.744
17400000 -5.29139 477.464 301.656 472.173 225.552
17500000 17.915 475.358 300.325 493.273 226.021
17600000 0.780176 472.412 298.464 473.192 226.15
17700000 -32.1622 474.638 299.87 442.476 226.208
17800000 -18.8035 480.254 303.419 461.451 228.264
17900000 -34.8814 482.387 304.766 447.505 229.956
18000000 -19.7893 485.65 306.828 465.861 231.351
18100000 -44.7661 474.657 299.882 429.891 232.114
18200000 -34.9813 472.35 298.425 437.369 230.965
18300000 -41.0628 473.37 299.069 432.307 232.013
18400000 -35.0481 478.195 302.118 443.147 233.994
18500000 -43.1257 479.234 302.774 436.108 234.239
18600000 -46.9532 470.706 297.387 423.753 234.12
18700000 -43.3732 470.256 297.102 426.883 234.177
18800000 -33.1118 480.756 303.736 447.645 234.585
18900000 -38.377 480.709 303.706 442.332 234.181
19000000 -28.4704 477.016 301.373 448.546 234.11
19100000 -14.7091 472.333 298.414 457.624 233.381
19200000 -25.0414 476.87 301.281 451.829 232.029
19300000 -15.3477 475.223 300.24 459.875 234.025
19400000 -18.2085 475.21 300.232 457.001 236.245
19500000 -24.2951 475.579 300.465 451.284 237.403
19600000 16.0511 479.777 303.117 495.828 238.841
19700000 22.2499 473.197 298.96 495.447 238.066
19800000 17.312 466.116 294.487 483.428 239.461
19900000 6.29816 478.55 302.342 484.848 240.427
20000000 26.3233 468.997 296.307 495.32 239.657
20100000 21.4558 467.891 295.608 489.347 241.334
20200000 9.74985 473.97 299.448 483.72 241.963
20300000 -3.75425 479.264 302.793 475.509 242.81
20400000 7.53258 481.666 304.311 489.199 243.659
20500000 12.9912 471.603 297.953 484.594 244.812
20600000 13.2427 464.087 293.204 477.33 245.2
20700000 14.1427 476.792 301.231 490.934 245.091
20800000 35.6294 470.358 297.166 505.987 244.712
20900000 -1.03633 472.738 298.67 471.702 243.012
21000000 -30.5036 483.718 305.607 453.215 240.811
21100000 -47.1516 478.037 302.018 430.886 241.125
21200000 -32.7396 468.617 296.067 435.878 239.933
21300000 -21.8454 476.927 301.317 455.082 238.425
21400000 -6.15127 473.734 299.3 467.583 237.999
21500000 -23.5391 483.822 305.673 460.283 239.23
21600000 -30.0058 473.819 299.353 443.813 241.731
21700000 -4.57188 476.673 301.156 472.101 242.266
21800000 2.69928 472.346 298.422 475.045 243.589
21900000 -8.45057 476.802 301.238 468.352 244.691
22000000 -10.982 479.718 303.08 468.736 246.421
22100000 3.72756 471.93 298.16 475.658 247.087
22200000 -12.2121 478.715 302.446 466.503 247.452
22300000 2.32822 476.021 300.744 478.349 246.017
22400000 -24.3675 478.397 302.246 454.03 245.701
22500000 -17.4162 477.204 301.492 459.788 246.131
22600000 -6.56027 474.979 300.086 468.419 245.644
22700000 -5.41801 471.419 297.836 466.001 245.94
22800000 35.7832 480.867 303.806 516.65 245.614
22900000 4.99876 469.478 296.61 474.477 244.39
23000000 5.59183 473.127 298.916 478.718 246.692
23100000 10.0632 479.181 302.741 489.245 247.954
23200000 -8.83687 460.589 290.994 451.752 249.027
23300000 -3.99292 469.229 296.453 465.236 251.117
23400000 10.3236 473.54 299.177 483.864 251.699
23500000 26.6441 470.913 297.517 497.557 251.772
23600000 14.2522 479.042 302.653 493.294 252.274
23700000 5.95757 470.254 297.101 476.211 253.924
23800000 -3.03382 472.261 298.368 469.227 254.382
23900000 12.0897 469.429 296.58 481.519 254.775
24000000 3.67051 487.508 308.002 491.179 255.023
24100000 0.0109868 460.909 291.197 460.92 257.355
24200000 5.24033 473.296 299.022 478.536 258.114
24300000 -19.526 473.367 299.067 453.841 257.05
24400000 3.81454 489.047 308.974 492.862 256.681
24500000 17.9913 473.801 299.341 491.792 255.749
24600000 20.8571 475.797 300.603 496.654 257.963
24700000 58.7556 476.605 301.113 535.361 259.063
24800000 45.9881 481.742 304.359 527.73 260.913
24900000 24.4246 471.335 297.784 495.76 261.138
25000000 7.12064 473.195 298.959 480.316 260.036
25100000 6.06851 471.973 298.187 478.041 259.623
25200000 -3.1021 472.302 298.395 469.2 260.294
25300000 14.2858 469.819 296.826 484.104 262.389
25400000 25.2212 484.054 305.819 509.275 263.531
25500000 19.236 480.551 303.606 499.787 262.95
25600000 19.3403 465.547 294.127 484.887 262.465
25700000 -30.3384 465.717 294.234 435.378 263.518
25800000 -22.4072 473.467 299.131 451.06 264.973
25900000 -1.7449 473.801 299.341 472.056 263.604
26000000 -23.4523 477.881 301.919 454.429 263.262
26100000 -1.74442 475.811 300.612 474.067 263.195
26200000 -10.4573 485.562 306.772 475.105 265.384
26300000 5.86651 475.45 300.384 481.317 267.374
26400000 5.23022 476.414 300.993 481.644 268.734
26500000 21.2035 478.067 302.037 499.271 267.412
26600000 22.2944 474.708 299.915 497.003 267.099
26700000 13.0656 480.343 303.475 493.409 268.044
26800000 5.07286 469.171 296.417 474.244 269.512
26900000 -9.93539 472.296 298.391 462.361 270.931
27000000 5.64447 473.132 298.919 478.776 273.471
27100000 -9.13437 481.179 304.003 472.045 272.446
27200000 -22.3844 479.245 302.781 456.86 272.67
27300000 -30.3234 459.502 290.308 429.179 273.785
27400000 -22.314 477.615 301.751 455.301 274.031
27500000 -20.0374 469.776 296.798 449.738 274.533
27600000 -26.9225 478.316 302.194 451.393 274.884
27700000 -5.69998 481.449 304.174 475.749 275.828
27800000 8.15828 481.132 303.973 489.291 275.928
27900000 -27.286 478.549 302.341 451.263 276.81
28000000 -27.6344 471.213 297.707 443.579 277.804
28100000 -39.6083 473.667 299.257 434.058 278.269
28200000 -13.9954 476.109 300.8 462.114 279.947
28300000 -4.39839 468.872 296.228 464.474 282.2
28400000 -24.975 469.291 296.492 444.316 283.507
28500000 -15.2718 473.221 298.975 457.949 283.41
28600000 -14.4165 474.76 299.947 460.343 285.307
28700000 -32.5623 474.891 300.03 442.329 286.15
28800000 -21.9419 483.271 305.325 461.329 286.897
28900000 -34.4872 470.897 297.507 436.41 287.246
29000000 -34.7166 479.79 303.125 445.073 288.235
29100000 -34.3676 474.095 299.528 439.728 288.216
29200000 -44.4167 479.826 303.148 435.41 289.482
29300000 -22.2619 477.479 301.665 455.217 289.9
29400000 -61.9283 475.508 300.42 413.58 291.494
29500000 -83.96 478.563 302.35 394.603 292.239
29600000 -88.3437 480.629 303.655 392.285 291.019
29700000 -63.8979 476.402 300.985 412.504 288.675
29800000 -58.4864 471.191 297.693 412.705 289.221
29900000 -21.0729 480.201 303.385 459.128 290.936
30000000 -0.979236 478.422 302.261 477.442 293.421
30100000 18.2634 471.662 297.99 489.926 296.974
30200000 -1.0915 473.151 298.931 472.06 298.177
30300000 6.30673 485.81 306.929 492.117 296.248
30400000 -13.0657 471.751 298.047 458.686 297.692
30500000 -22.4836 483.197 305.278 460.713 297.724
30600000 -29.0961 471.597 297.949 442.501 298.607
30700000 -28.5227 473.549 299.183 445.027 298.218
30800000 -29.8981 481.992 304.517 452.094 298.749
30900000 -50.9757 480.347 303.477 429.371 300.518
31000000 -25.2324 474.651 299.878 449.418 301.398
31100000 -27.2671 479.561 302.981 452.294 299.38
31200000 -36.6987 475.028 300.117 438.329 300.135
31300000 -1.72346 460.247 290.778 458.523 300.28
31400000 -12.3372 470.683 297.372 458.346 300.684
31500000 -15.3973 476.78 301.224 461.383 299.947
31600000 -10.2932 473.473 299.135 463.18 299.498
31700000 -2.80812 476.04 300.756 473.232 299.288
31800000 2.33153 482.969 305.134 485.3 299.176
31900000 25.2842 477.46 301.653 502.744 300.295
32000000 -10.5464 478.856 302.535 468.31 299.966
32100000 5.24611 467.32 295.247 472.566 298.259
32200000 -9.0508 476.255 300.892 467.205 297.406
32300000 -29.1856 483.762 305.635 454.576 297.023
32400000 -7.54381 464.346 293.368 456.802 296.55
32500000 -20.3501 462.197 292.01 441.847 297.483
32600000 -31.2835 480.129 303.34 448.845 299.533
32700000 -25.6373 464.519 293.477 438.882 300.462
32800000 -39.2822 467.921 295.627 428.639 303.075
32900000 -31.437 475.299 300.288 443.862 304.106
33000000 -29.4603 478.2 302.121 448.739 305.347
33100000 -2.97802 474.934 300.058 471.956 304.744
33200000 -4.76033 472.344 298.421 467.584 306.626
33300000 6.55137 471.125 297.651 477.676 306.817
33400000 -14.6151 475.709 300.547 461.094 306.654
33500000 -2.63953 474.317 299.668 471.677 306.453
33600000 -6.44636 477.942 301.958 471.496 306.738
33700000 2.29079 477.718 301.816 480.009 306.68
33800000 -5.01265 469.246 296.464 464.233 305.858
33900000 -23.1998 466.29 294.597 443.091 305.881
34000000 -32.1341 474.527 299.8 442.393 307.639
34100000 -28.7397 469.999 296.94 441.259 309.235
34200000 -28.2028 469.434 296.583 441.232 308.671
34300000 -20.7062 479.619 303.017 458.912 307.327
34400000 -20.1576 472.171 298.312 452.013 307.283
34500000 2.47065 475.342 300.315 477.813 308.623
34600000 3.67951 471.841 298.103 475.52 307.501
34700000 -23.3248 470.014 296.949 446.689 308.683
34800000 -29.6127 476.875 301.284 447.262 310.833
34900000 -7.98672 473.199 298.961 465.212 308.522
35000000 -3.35593 475.328 300.306 471.972 309.63
35100000 -7.15334 478.124 302.073 470.971 310.751
35200000 22.0266 485.21 306.55 507.237 312.235
35300000 -22.64 483.404 305.408 460.764 313.283
35400000 -31.1077 472.036 298.227 440.929 313.185
35500000 -44.4286 479.215 302.762 434.786 312.414
35600000 -27.4452 470.205 297.07 442.76 312.353
35700000 -35.2559 479.449 302.91 444.193 313.469
35800000 -24.5877 465.061 293.82 440.473 313.118
35900000 -14.8716 470.337 297.153 455.465 312.596
36000000 -16.1361 477.84 301.894 461.704 312.197
36100000 -36.4123 467.803 295.552 431.39 311.732
36200000 -40.354 470.632 297.34 430.278 311.972
36300000 -31.5877 470.243 297.094 438.655 310.688
36400000 0.345337 466.67 294.836 467.015 309.272
36500000 13.2718 479.478 302.929 492.75 309.638
36600000 11.485 474.027 299.484 485.512 310.212
36700000 5.83807 475.983 300.72 481.821 310.178
36800000 -39.0684 481.795 304.392 442.727 310.773
36900000 -59.3146 475.352 300.322 416.037 310.455
37000000 -48.9235 475.667 300.52 426.743 309.698
37100000 -42.9398 474.614 299.855 431.674 310.148
37200000 -36.9208 475.525 300.431 438.604 310.241
37300000 -5.14554 478.458 302.284 473.313 310.778
37400000 -14.9595 474.036 299.49 459.076 310.788
37500000 18.3065 469.406 296.565 487.713 309.344
37600000 7.5932 483.856 305.694 491.449 308.951
37700000 -7.11172 470.833 297.466 463.721 309.707
37800000 -8.29515 467.235 295.193 458.939 309.124
37900000 3.266 476.709 301.179 479.975 310.634
38000000 6.35724 478.236 302.144 484.594 310.968
38100000 -19.6435 485.283 306.596 465.64 310.608
38200000 -34.9289 479.575 302.989 444.646 309.661
38300000 -27.789 477.041 301.389 449.252 309.719
38400000 6.59489 479.852 303.165 486.447 308.623
38500000 -1.92552 472.19 298.324 470.264 308.928
38600000 -21.4905 471.273 297.745 449.783 310.898
38700000 -14.0353 477.227 301.506 463.192 311.399
38800000 -22.197 463.06 292.555 440.863 311.523
38900000 -8.40575 472.051 298.236 463.645 312.548
39000000 -5.36162 476.563 301.086 471.201 313.725
39100000 -39.8364 474.362 299.696 434.525 314.842
39200000 -35.9432 478.611 302.381 442.668 314.08
39300000 -43.2392 469.427 296.578 426.188 314.383
39400000 -56.9469 470.794 297.442 413.847 314.954
39500000 -44.0321 478.566 302.352 434.534 315.15
39600000 -26.8259 475.165 300.204 448.339 314.96
39700000 4.90337 478.082 302.046 482.985 314.305
39800000 9.66499 478.116 302.068 487.781 313.247
39900000 -33.0192 470.868 297.489 437.849 310.92
40000000 -26.9713 468.409 295.935 441.438 311.006
40100000 1.64788 479.609 303.011 481.257 310.955
40200000 -6.0841 475.049 300.13 468.965 311.203
40300000 -9.15427 468.9 296.245 459.745 311.006
40400000 -12.0028 477.867 301.91 465.864 309.754
40500000 -37.9393 476.774 301.22 438.835 308.817
40600000 -39.9788 473.523 299.166 433.544 310.191
40700000 -38.0816 479.624 303.02 441.542 311.605
40800000 -39.7709 470.271 297.111 430.5 311.8
40900000 -23.1524 487.832 308.206 464.68 311.794
41000000 -1.71328 483.634 305.554 481.921 311.401
41100000 35.0401 470.92 297.521 505.96 310.839
41200000 14.15 484.632 306.185 498.782 313.224
41300000 -9.35891 473.938 299.428 464.579 315.128
41400000 -5.44681 479.761 303.107 474.314 313.169
41500000 1.46057 472.594 298.579 474.055 313.338
41600000 15.0646 474.4 299.72 489.465 312.18
41700000 6.5096 472.55 298.552 479.06 312.932
41800000 -19.5907 474.843 300 455.252 313.581
41900000 -13.9458 470.536 297.279 456.59 314.937
42000000 -9.65937 472.345 298.422 462.686 315.645
42100000 -23.6675 473.538 299.176 449.871 316.519
42200000 -13.8159 467.933 295.634 454.117 315.653
42300000 -13.9327 475.573 300.461 461.64 313.785
42400000 8.12083 472.618 298.594 480.739 312.229
42500000 -15.263 479.177 302.738 463.914 311.89
42600000 6.85477 468.749 296.15 475.604 312.479
42700000 -2.34812 480.566 303.615 478.218 311.115
42800000 15.7696 471.755 298.049 487.524 309.557
42900000 2.62542 473.957 299.44 476.582 309.82
43000000 16.7074 477.499 301.678 494.206 310.1
43100000 11.3897 484.881 306.342 496.27 309.291
43200000 -25.2403 473.944 299.432 448.703 309.741
43300000 -1.56155 471.597 297.949 470.036 310.712
43400000 19.4196 464.745 293.62 484.165 311.577
43500000 -7.38043 476.999 301.362 469.619 312.156
43600000 -59.0597 466.494 294.725 407.434 313.268
43700000 -50.0541 480.485 303.564 430.431 313.094
43800000 -25.059 469.373 296.544 444.314 314.329
43900000 -24.8467 475.619 300.49 450.772 316.426
44000000 -51.5803 472.674 298.63 421.094 315.734
44100000 -34.2361 481.467 304.185 447.231 315.733
44200000 -14.6495 476.466 301.025 461.817 316.033
44300000 -18.1564 478.5 302.31 460.343 316.605
44400000 4.28388 480.889 303.82 485.173 315.919
44500000 18.1205 473.222 298.976 491.343 317.095
44600000 30.7993 481.278 304.066 512.078 317.342
44700000 16.4798 477.3 301.552 493.78 316.957
44800000 -9.50913 470.324 297.145 460.815 315.797
44900000 12.2765 486.62 307.441 498.896 316.369
45000000 3.84366 479.108 302.695 482.952 314.649
45100000 -10.0699 467.42 295.31 457.35 316.789
45200000 -21.6048 481.265 304.058 459.661 317.476
45300000 -28.5214 466.478 294.715 437.956 317.85
45400000 -33.9701 479.887 303.187 445.917 316.987
45500000 -8.26228 476.042 300.758 467.78 315.625
45600000 -8.7536 477.257 301.525 468.504 315.275
45700000 42.9324 482.689 304.957 525.621 317.254
45800000 41.3903 464.54 293.491 505.93 316.377
45900000 32.501 470.588 297.312 503.089 314.558
46000000 9.80681 481.646 304.298 491.453 315.364
46100000 30.7385 463.547 292.863 494.285 317.197
46200000 20.6169 471.659 297.988 492.276 317.978
46300000 11.7315 472.32 298.406 484.052 317.118
46400000 -14.4086 482.686 304.955 468.277 316.366
46500000 -31.2306 466.598 294.791 435.368 319.165
46600000 -38.4691 471.386 297.816 432.917 321.915
46700000 -37.1841 476.391 300.978 439.207 321.304
46800000 -44.8933 481.807 304.399 436.913 322.399
46900000 -61.1038 469.394 296.558 408.29 322.261
47000000 -43.9292 471.878 298.127 427.949 322.456
47100000 -58.8344 478.895 302.56 420.061 322.002
47200000 -69.7035 473.774 299.325 404.071 321.175
47300000 -37.6263 467.304 295.237 429.677 321.669
47400000 -27.3671 473.514 299.16 446.147 322.282
47500000 -48.3638 467.088 295.101 418.725 322.205
47600000 -44.7297 470.011 296.947 425.282 321.15
47700000 -34.7656 472.721 298.659 437.955 320.868
47800000 -39.2388 478.499 302.31 439.26 320.938
47900000 -38.2999 467.875 295.597 429.575 320.148
48000000 -25.5938 475.768 300.584 450.174 321.509
48100000 -26.8625 486.858 307.591 459.996 324.467
48200000 -33.0368 469.959 296.914 436.922 326.527
48300000 -19.113 474.225 299.61 455.112 328.382
48400000 -32.3931 478.044 302.023 445.651 328.439
48500000 -11.5884 475.797 300.603 464.209 327.853
48600000 -30.3317 466.449 294.697 436.117 328.174
48700000 -11.3888 471.139 297.66 459.75 329.669
48800000 -16.6972 473.746 299.307 457.049 329.763
48900000 -15.1719 475.477 300.401 460.306 330.988
49000000 15.2962 484.6 306.165 499.896 330.774
49100000 -23.2068 483.441 305.432 460.234 332.843
49200000 3.50611 480.937 303.85 484.443 332.485
49300000 27.3733 474.216 299.604 501.589 334.117
49400000 15.0884 476.126 300.81 491.214 332.819
49500000 -15.4521 471.329 297.78 455.877 332.927
49600000 -20.2342 474.78 299.96 454.546 335.026
49700000 -18.4697 478.979 302.613 460.509 336.677
49800000 -1.71492 477.364 301.593 475.649 336.344
49900000 11.7076 481.474 304.19 493.182 335.913
50000000 -4.72175 478.524 302.326 473.802 335.731
50100000 18.4204 464.707 293.596 483.127 335.103
50200000 -8.52102 476.753 301.207 468.232 335.28
50300000 -31.0159 475.875 300.652 444.859 336.114
50400000 -14.4272 477.312 301.56 462.885 336.545
50500000 0.811251 473.66 299.253 474.471 337.797
50600000 18.771 476.487 301.039 495.258 338.605
50700000 10.976 471.741 298.04 482.717 339.478
50800000 7.19216 476.17 300.839 483.363 340.266
50900000 -20.6158 474.239 299.619 453.624 339.394
51000000 -37.5274 479.766 303.11 442.239 340.195
51100000 -40.905 487.694 308.119 446.789 339.041
51200000 -16.3307 469.989 296.933 453.658 340.25
51300000 -24.1114 477.26 301.527 453.149 341.871
51400000 -21.2927 485.646 306.825 464.354 340.438
51500000 -18.1093 480.69 303.694 462.581 338.502
51600000 7.76002 477.852 301.901 485.612 340.056
51700000 1.55131 474.344 299.684 475.895 342.37
51800000 5.62719 479.681 303.056 485.308 342.307
51900000 -10.1917 472.447 298.486 462.255 340.035
52000000 -21.9641 472.772 298.692 450.808 340.335
52100000 -21.5847 488.476 308.613 466.891 339.619
52200000 -7.3972 476.839 301.261 469.442 339.769
52300000 -36.3864 480.246 303.414 443.86 340.988
52400000 -41.9023 474.046 299.496 432.144 340.894
52500000 -21.9393 471.387 297.816 449.448 339.977
52600000 0.209587 474.732 299.93 474.941 340.378
52700000 15.0223 468.461 295.968 483.483 341.35
52800000 17.7986 472.591 298.577 490.389 341.983
52900000 -14.28 477.274 301.536 462.994 341.383
53000000 -72.626 469.129 296.39 396.503 342.49
53100000 -18.9574 474.263 299.633 455.305 341.862
53200000 -1.03917 473.433 299.109 472.394 342.006
53300000 -9.75845 475.552 300.448 465.793 342.149
53400000 -10.7197 477.159 301.463 466.439 343.52
53500000 -3.81689 471.517 297.899 467.701 344.172
53600000 -22.5653 473.449 299.119 450.883 344.726
53700000 -40.0935 476.631 301.13 436.538 345.338
53800000 -28.9163 470.936 297.531 442.019 345.571
53900000 9.73689 477.124 301.441 486.861 344.847
54000000 -11.1951 474.543 299.811 463.348 342.791
54100000 -17.8291 474.86 300.011 457.031 342.003
54200000 -6.03737 477.596 301.739 471.558 341.386
54300000 -13.8086 473.635 299.237 459.826 340.199
54400000 -21.8268 480.519 303.586 458.693 340.73
54500000 -10.8376 477.453 301.649 466.615 340.502
54600000 -23.6304 468.543 296.02 444.913 340.672
54700000 -16.5899 483.98 305.773 467.39 341.42
54800000 -19.9046 479.163 302.729 459.259 342.581
54900000 -0.138072 477.927 301.948 477.789 344.234
55000000 -14.6386 485.674 306.843 471.036 344.478
55100000 -6.63016 482.576 304.886 475.946 344.889
55200000 15.3466 468.921 296.258 484.268 346.624
55300000 -21.1763 476.868 301.28 455.692 348.061
55400000 -18.3597 470.329 297.148 451.969 348.724
55500000 -8.18338 467.094 295.105 458.911 348.608
55600000 -5.83139 474.625 299.863 468.794 349.095
55700000 11.0186 475.699 300.541 486.717 349.286
55800000 8.55541 483.045 305.182 491.601 350.077
55900000 -3.45202 478.833 302.521 475.381 350.026
56000000 -9.92013 476.066 300.773 466.146 351.489
56100000 -9.44615 470.153 297.037 460.707 351.614
56200000 -28.6133 471.006 297.576 442.393 353.136
56300000 -20.6746 473.253 298.995 452.578 353.951
56400000 -21.9527 471.972 298.186 450.019 354.683
56500000 -22.0803 474.993 300.095 452.913 356.577
56600000 -29.8479 473.119 298.911 443.271 359.448
56700000 -61.824 478.54 302.336 416.716 360.501
56800000 -44.3459 476.187 300.849 431.841 359.032
56900000 -50.2508 483.968 305.765 433.717 360.029
57000000 -29.6528 484.635 306.186 454.982 361.32
57100000 -40.3276 482.805 305.03 442.477 363.769
57200000 -23.976 469.641 296.713 445.665 364.772
57300000 -29.0565 482.827 305.044 453.77 365.232
57400000 -34.4241 484.502 306.102 450.077 366.977
57500000 -33.7079 474.395 299.717 440.687 366.885
57600000 -35.5208 480.155 303.356 444.635 367.262
57700000 -32.4966 478.339 302.209 445.842 368.628
57800000 -49.4357 470.64 297.345 421.205 368.439
57900000 -39.2727 476.762 301.213 437.49 369.902
58000000 -46.8436 477.171 301.471 430.327 370.198
58100000 -33.5152 478.417 302.258 444.902 370.068
58200000 -5.93937 478.104 302.061 472.165 369.554
58300000 -5.59599 474.558 299.82 468.962 368.564
58400000 -11.2475 474.578 299.833 463.331 368.359
58500000 5.01848 475.969 300.711 480.987 368.01
58600000 -34.0172 468.994 296.304 434.976 368.409
58700000 -42.1235 479.135 302.712 437.012 368.578
58800000 -45.3301 475.986 300.722 430.656 367.541
58900000 16.0488 474.747 299.94 490.796 367.135
59000000 5.99413 484.34 306 490.334 367.074
59100000 12.2779 471.071 297.617 483.349 364.246
59200000 -1.49253 474.78 299.96 473.287 364.827
59300000 12.6224 472.317 298.404 484.939 365.931
59400000 4.14013 474.883 300.025 479.023 367.262
59500000 1.43404 476.535 301.069 477.969 366.341
59600000 4.73536 481.197 304.014 485.932 366.482
59700000 -27.5458 485.084 306.47 457.538 368.535
59800000 -9.96967 479.405 302.882 469.436 368.447
59900000 -35.256 477.669 301.785 442.413 367.446
60000000 -34.2054 472.524 298.535 438.319 367.019
60100000 -16.4999 469.772 296.796 453.272 366.302
60200000 -15.9315 472.792 298.704 456.86 366.224
60300000 -5.03323 474.014 299.476 468.98 365.495
60400000 -22.8675 472.589 298.576 449.721 365.403
60500000 -15.8571 480.341 303.474 464.484 365.641
60600000 5.84518 470.602 297.321 476.447 366.768
60700000 12.2211 477.335 301.574 489.556 367.439
60800000 -18.4492 471.339 297.786 452.89 366.677
60900000 -11.7461 478.595 302.37 466.848 367.081
61000000 -33.9768 477.619 301.754 443.643 366.453
61100000 -30.5223 474.85 300.004 444.328 367.402
61200000 -13.4467 479.176 302.738 465.73 367.138
61300000 -40.8935 464.604 293.531 423.711 366.347
61400000 -28.6347 473.899 299.404 445.265 366.329
61500000 10.8305 464.631 293.548 475.462 367.494
61600000 -38.2129 472.221 298.343 434.008 367.834
61700000 -29.7083 473.946 299.433 444.238 368.813
61800000 -26.7468 473.289 299.018 446.542 369.077
61900000 -12.3059 482.622 304.915 470.316 369.621
62000000 -27.8959 483.347 305.373 455.451 370.322
62100000 10.8451 479.409 302.885 490.254 371.75
62200000 8.63666 468.252 295.836 476.888 370.357
62300000 23.7692 473.17 298.943 496.939 371.319
62400000 23.345 478.23 302.14 501.575 372.555
62500000 37.2612 475.013 300.107 512.274 373.872
62600000 5.70936 466.374 294.649 472.083 373.222
62700000 -22.0421 477.177 301.475 455.135 373.313
62800000 -3.32659 478.313 302.192 474.987 374.585
62900000 -14.1139 479.678 303.054 465.564 377.581
63000000 -23.9675 475.209 300.231 451.241 377.925
63100000 -21.4034 471.482 297.876 450.078 377.614
63200000 -29.7393 478.153 302.091 448.413 378.521
63300000 -42.7153 470.762 297.422 428.047 379.441
63400000 -32.0605 471.787 298.069 439.726 380.38
63500000 -42.6138 487.065 307.722 444.451 379.99
63600000 -25.5847 471.401 297.826 445.817 380.457
63700000 -40.2978 483.091 305.211 442.794 379.838
63800000 -50.3891 479.738 303.092 429.348 378.775
63900000 -34.3743 472.964 298.813 438.59 378.351
64000000 -13.5156 471.718 298.026 458.203 379.949
64100000 -10.8415 470.408 297.198 459.566 380.607
64200000 -1.35222 486.308 307.243 484.956 380.052
64300000 -5.74832 464.753 293.625 459.005 379.931
64400000 16.1855 472.007 298.209 488.193 378.994
64500000 -16.4077 478.92 302.576 462.512 378.635
64600000 -3.02084 481.21 304.023 478.189 378.985
64700000 -6.15601 481.388 304.135 475.232 378.302
64800000 -6.36919 473.127 298.916 466.758 376.909
64900000 7.96246 481.18 304.004 489.142 376.494
65000000 34.3472 466.493 294.725 500.841 377.36
65100000 13.5203 474.629 299.865 488.15 377.927
65200000 21.5921 468.404 295.932 489.996 377.57
65300000 16.421 474.804 299.975 491.225 377.798
65400000 47.3766 474.399 299.719 521.775 379.095
65500000 21.7039 475.368 300.332 497.072 380.193
65600000 45.935 476.207 300.862 522.142 381.857
65700000 46.9125 481.339 304.104 528.251 381.503
65800000 27.13 473.511 299.159 500.642 382.718
65900000 35.8986 476.345 300.949 512.244 382.99
66000000 23.756 476.013 300.739 499.769 383.476
66100000 30.2239 475.503 300.417 505.727 382.741
66200000 32.9803 484.91 306.36 517.89 382.303
66300000 37.9015 469.119 296.384 507.02 381.136
66400000 58.1012 474.834 299.995 532.936 381.898
66500000 25.0808 468.622 296.07 493.703 380.357
66600000 -6.95285 473.058 298.872 466.105 380.644
66700000 1.33636 466.319 294.615 467.656 381.723
66800000 5.24183 476.097 300.792 481.339 384.43
66900000 -5.61839 475.598 300.477 469.98 385.303
67000000 -2.76455 472.436 298.479 469.672 386.379
67100000 0.582364 480.758 303.737 481.34 388.151
67200000 -17.1607 480.363 303.487 463.202 387.42
67300000 -42.1128 480.697 303.698 438.584 388.099
67400000 -48.3599 476.477 301.032 428.117 388.453
67500000 -28.7387 465.953 294.383 437.214 389.326
67600000 -10.0044 475.43 300.371 465.426 388.846
67700000 -23.6564 473.444 299.116 449.788 390.306
67800000 -28.5837 485.054 306.451 456.471 391.141
67900000 28.9536 475.119 300.174 504.073 389.789
68000000 4.32281 475.4 300.352 479.723 391.813
68100000 -15.7254 471.843 298.104 456.117 392.237
68200000 -30.8394 477.193 301.485 446.354 390.939
68300000 11.6643 482.649 304.932 494.313 391.86
68400000 5.12069 471.863 298.117 476.984 394.164
68500000 4.43342 472.488 298.512 476.921 395.041
68600000 3.03898 474.095 299.527 477.134 397.053
68700000 -17.42 471.623 297.965 454.202 396.583
68800000 -41.7044 474.947 300.066 433.243 397.567
68900000 -19.4153 469.321 296.511 449.906 397.697
69000000 -16.3935 476.465 301.025 460.072 397.652
69100000 -26.2743 467.577 295.409 441.303 396.141
69200000 -45.6931 476.992 301.358 431.299 397.934
69300000 -23.8957 478.885 302.554 454.989 398.936
69400000 -25.7629 474.297 299.655 448.534 398.799
69500000 -0.0153124 474.525 299.799 474.51 399.13
69600000 -5.67349 464.872 293.7 459.198 401.088
69700000 -30.8562 468.694 296.115 437.838 403.006
69800000 -13.4535 474.126 299.547 460.672 406.703
69900000 10.2218 493.651 311.883 503.873 407.865
70000000 7.45318 482.266 304.69 489.719 406.591
70100000 -18.3595 469.621 296.701 451.262 406.143
70200000 -22.7676 465.797 294.285 443.03 406.986
70300000 -23.3996 474.438 299.744 451.039 407.404
70400000 -24.916 477.315 301.562 452.399 407.284
70500000 -18.5989 468.607 296.06 450.008 407.168
70600000 7.58869 470.022 296.954 477.611 406.519
70700000 12.5681 471.969 298.184 484.537 407.542
70800000 -29.9795 477.685 301.796 447.705 407.505
70900000 -54.1008 475.798 300.603 421.697 407.923
71000000 -29.7586 474.007 299.472 444.249 407.903
71100000 -36.1156 463.362 292.746 427.246 408.66
71200000 -29.1809 476.269 300.901 447.088 408.96
71300000 -26.9683 475.568 300.458 448.6 410.59
71400000 -23.1525 473.762 299.317 450.61 412.171
71500000 -20.0401 476.862 301.275 456.821 412.596
71600000 -12.0346 471.283 297.751 459.249 412.532
71700000 9.61648 477.437 301.639 487.053 411.591
71800000 40.6856 472.594 298.579 513.279 412.766
71900000 41.5856 474.924 300.051 516.51 413.863
72000000 33.7157 478.803 302.502 512.518 414.761
72100000 55.9365 468.473 295.975 524.409 415.571
72200000 22.3049 472.944 298.8 495.249 414.343
72300000 7.04454 475.09 300.156 482.134 413.189
72400000 10.1887 472.811 298.716 483 414.393
72500000 15.3881 470.532 297.277 485.92 415.567
72600000 12.9949 476.901 301.3 489.896 416.227
72700000 21.6337 469.619 296.7 491.253 417.382
72800000 4.76504 471.926 298.157 476.691 416.69
72900000 22.1658 473.148 298.929 495.314 417.841
73000000 -6.59637 480.966 303.868 474.37 416.573
73100000 -5.94323 472.354 298.427 466.411 417.157
73200000 -9.25876 470.815 297.455 461.556 418.67
73300000 -22.365 480.607 303.642 458.242 418.827
73400000 -41.3274 476.312 300.928 434.984 418.961
73500000 -38.7694 463.743 292.987 424.974 417.984
73600000 -48.86 487.159 307.781 438.298 415.667
73700000 -24.1722 464.837 293.679 440.665 414.368
73800000 -6.70391 476.447 301.013 469.743 413.429
73900000 12.8933 474.457 299.756 487.351 414.071
74000000 1.90113 477.803 301.87 479.704 415.738
74100000 1.28272 484.607 306.169 485.89 416.872
74200000 -27.2457 465.386 294.025 438.141 418.677
74300000 -23.2361 463.345 292.736 440.109 418.623
74400000 -10.9167 468.671 296.101 457.754 419.801
74500000 6.89519 479.489 302.935 486.384 419.012
74600000 -41.0658 474.009 299.473 432.943 419.359
74700000 -51.1082 472.126 298.284 421.018 419.895
74800000 -30.3607 471.034 297.594 440.673 421.885
74900000 -57.8965 463.225 292.66 405.329 421.967
75000000 -45.0035 468.163 295.78 423.16 420.956
75100000 -10.8897 467.863 295.59 456.974 421.685
75200000 -17.1989 475.299 300.288 458.1 422.347
75300000 -23.9343 480.014 303.267 456.08 423.288
75400000 -1.22486 473.933 299.425 472.708 426.017
75500000 6.18288 468.767 296.161 474.95 428.062
75600000 -16.7449 474.197 299.592 457.453 427.556
75700000 -22.5121 474.572 299.828 452.059 427.28
75800000 -9.6946 472.618 298.594 462.923 427.636
75900000 3.87722 476.886 301.291 480.763 428.384
76000000 -30.9075 471.874 298.124 440.966 429.26
76100000 -35.3668 465.426 294.051 430.06 429.07
76200000 -18.5517 478.203 302.123 459.651 429.304
76300000 -37.4124 472.156 298.302 434.743 429.59
76400000 -20.1145 473.057 298.872 452.943 430.788
76500000 -10.0176 482.708 304.969 472.691 431.239
76600000 -17.0907 480.953 303.86 463.862 430.917
76700000 -22.0712 479.803 303.133 457.732 430.413
76800000 -24.1871 475.487 300.407 451.3 429.727
76900000 -38.0731 472.106 298.271 434.033 428.88
77000000 -50.4321 470.872 297.491 420.44 429.13
77100000 -67.1787 466.811 294.925 399.632 428.601
77200000 -55.6601 470.203 297.069 414.543 429.675
77300000 -81.9395 470.065 296.981 388.125 430.148
77400000 -61.5195 472.087 298.259 410.567 430.808
77500000 -33.2213 482.124 304.6 448.903 431.213
77600000 -31.4616 468.18 295.79 436.719 431.239
77700000 -33.6726 476.444 301.012 442.772 432.206
77800000 -50.0566 476.099 300.794 426.042 432.704
77900000 -66.9275 472.117 298.278 405.19 434.104
78000000 -58.2909 475.828 300.622 417.537 433.479
78100000 -47.2611 473.395 299.085 426.134 433.518
78200000 -14.658 471.397 297.823 456.739 433.045
78300000 -10.666 468.305 295.869 457.639 431.543
78400000 -21.6077 469.454 296.595 447.846 430.689
78500000 -8.28133 478.256 302.156 469.974 431.053
78600000 -32.1349 480 303.258 447.865 431.495
78700000 -14.6945 475.103 300.164 460.408 432.536
78800000 -9.58265 478.917 302.574 469.334 433.018
78900000 4.42292 482.351 304.743 486.774 434.077
79000000 -9.5231 475.891 300.662 466.368 435.112
79100000 -12.8388 478.736 302.459 465.897 434.8
79200000 -4.00728 478.342 302.21 474.334 436.053
79300000 -32.8357 480.672 303.683 447.836 437.646
79400000 -19.3659 480.063 303.298 460.697 436.662
79500000 -14.2301 469.498 296.623 455.268 434.515
79600000 -1.64726 471.315 297.771 469.668 435.904
79700000 -6.03729 480.318 303.459 474.28 436.451
79800000 -13.5353 470.999 297.571 457.463 435.248
79900000 -12.3046 466.278 294.589 453.974 435.798
80000000 -26.6692 474.708 299.915 448.039 436.566
80100000 -18.686 482.369 304.755 463.683 437.873
80200000 -28.6719 473.279 299.012 444.607 438.022
80300000 -41.1795 481.292 304.074 440.113 438.134
80400000 -32.6968 473.633 299.236 440.936 438.742
80500000 -49.5967 478.179 302.108 428.583 438.061
80600000 -37.9942 487.228 307.825 449.234 439.115
80700000 -40.0272 469.829 296.832 429.802 439.392
80800000 -40.9315 476.359 300.958 435.428 440.34
80900000 -31.0839 478.402 302.248 447.318 442.425
81000000 -17.4433 469.484 296.614 452.04 441.91
81100000 -29.352 478.195 302.118 448.843 443.012
81200000 -10.7742 474.13 299.549 463.355 442.302
81300000 13.4158 471.125 297.651 484.541 442.127
81400000 -10.7409 467.293 295.23 456.552 442.023
81500000 3.67452 467.155 295.143 470.83 442.179
81600000 -19.3422 468.66 296.093 449.317 440.555
81700000 -4.82125 477.442 301.642 472.621 439.546
81800000 7.6088 471.199 297.698 478.808 438.318
81900000 -18.6673 474.003 299.469 455.335 437.444
82000000 -10.7172 477.93 301.95 467.212 437.796
82100000 -29.9711 478.509 302.316 448.538 435.941
82200000 -34.9964 462.141 291.975 427.145 433.743
82300000 -33.6638 475.988 300.723 442.324 432.502
82400000 -35.6968 479.877 303.181 444.18 431.393
82500000 -48.5959 478.396 302.245 429.8 429.667
82600000 -30.402 471.092 297.63 440.69 428.89
82700000 -42.078 462.131 291.969 420.053 429.546
82800000 -51.6418 469.6 296.688 417.958 429.865
82900000 -34.3982 477.843 301.895 443.444 430.123
83000000 -26.2793 484.959 306.391 458.68 430.456
83100000 -42.7192 483.137 305.24 440.418 431.974
83200000 -20.7987 473.229 298.981 452.431 434.57
83300000 -2.32916 480.964 303.867 478.635 435.58
83400000 2.63154 473.835 299.363 476.466 435.991
83500000 -14.4425 480.054 303.292 465.612 436.174
83600000 -26.287 471.192 297.693 444.905 438.316
83700000 -2.74293 470.439 297.217 467.696 438.838
83800000 -9.8664 471.025 297.588 461.159 440.113
83900000 -29.0203 482.64 304.926 453.62 440.898
84000000 -69.4953 466.817 294.929 397.321 442.55
84100000 -65.9219 473.155 298.934 407.233 444.461
84200000 -37.7732 472.089 298.26 434.315 446.684
84300000 -40.0519 464.444 293.43 424.392 448.662
84400000 -54.9137 475.728 300.559 420.814 451.551
84500000 -66.4339 473.718 299.289 407.284 452.811
84600000 -67.9904 473.674 299.261 405.684 451.683
84700000 -58.6324 472.151 298.299 413.518 452.988
84800000 -67.5489 466.003 294.415 398.454 453.574
84900000 -43.5573 487.936 308.272 444.379 455.036
85000000 -33.1041 481.497 304.204 448.393 455.943
85100000 -31.383 480.115 303.331 448.732 456.875
85200000 -22.7352 475.817 300.615 453.082 456.807
85300000 -44.2628 463.694 292.956 419.432 458.667
85400000 -34.2 469.306 296.502 435.106 460.499
85500000 -44.5507 470.278 297.116 425.727 460.359
85600000 -46.116 483.359 305.38 437.243 460.614
85700000 -49.4312 467.152 295.141 417.721 461.829
85800000 -44.3911 473.852 299.374 429.461 462.001
85900000 -30.781 477.529 301.697 446.748 461.757
86000000 -53.2766 469.884 296.867 416.607 462.93
86100000 -54.6348 482.757 305 428.122 462.909
86200000 -29.3671 466.261 294.578 436.894 463.088
86300000 -52.9336 465.007 293.786 412.074 464.122
86400000 -49.9375 469.242 296.461 419.304 465.061
86500000 -15.887 474.068 299.51 458.181 465.262
86600000 -18.612 467.438 295.322 448.826 465.964
86700000 -63.0474 475.749 300.572 412.701 466.957
86800000 -59.9439 480.63 303.656 420.686 467.26
86900000 -50.3734 474.307 299.661 423.934 469.246
87000000 -65.6056 480.425 303.527 414.819 469.835
87100000 -34.2087 477.1 301.426 442.892 469.469
87200000 -14.1846 478.094 302.054 463.91 468.765
87300000 -23.9837 465.87 294.331 441.886 467.108
87400000 -32.5685 477.536 301.702 444.968 469.771
87500000 -1.68847 483.384 305.396 481.695 472.529
87600000 -34.2431 459.225 290.133 424.982 472.313
87700000 -21.1685 464.996 293.778 443.827 473.754
87800000 -26.5102 468.61 296.062 442.1 472.961
87900000 -25.2538 471.278 297.748 446.024 471.441
88000000 -13.4145 470.796 297.443 457.382 469.351
88100000 -1.2443 474.156 299.566 472.911 469.723
88200000 -6.7809 467.327 295.251 460.546 471.888
88300000 -20.9362 475.398 300.351 454.462 473.483
88400000 -4.30176 475.469 300.395 471.167 473.93
88500000 -15.8117 484.157 305.885 468.346 474.429
88600000 -16.2155 475.849 300.636 459.633 475.046
88700000 -24.9816 477.282 301.541 452.301 476.906
88800000 -10.8561 477.365 301.594 466.509 477.565
88900000 -23.2214 468.566 296.034 445.345 478.62
89000000 -25.323 476.387 300.975 451.064 479.113
89100000 -43.892 470.029 296.959 426.137 479.457
89200000 -22.6366 459.708 290.438 437.072 481.334
89300000 -23.7627 482.668 304.944 458.906 482.148
89400000 -30.6205 484.071 305.83 453.45 481.895
89500000 -19.9296 482.148 304.615 462.218 481.595
89600000 -31.4487 476.491 301.041 445.042 482.717
89700000 -18.6477 476.193 300.853 457.545 483.153
89800000 -46.7835 478.089 302.051 431.305 483.151
89900000 -2.92006 472.343 298.421 469.423 482.518
90000000 -4.53777 471.443 297.852 466.905 481.7
90100000 -31.3794 469.257 296.471 437.878 480.882
90200000 -46.3493 480.094 303.318 433.745 479.423
90300000 -45.9233 471.524 297.903 425.601 477.974
90400000 -33.5982 466.324 294.618 432.726 478.37
90500000 -26.7103 477.562 301.718 450.852 478.54
90600000 -4.72937 485.784 306.912 481.054 480.214
90700000 -38.3192 480.001 303.259 441.681 481.154
90800000 -25.7422 460.003 290.624 434.261 481.988
90900000 -41.0406 475.045 300.127 434.004 482.015
91000000 -14.3805 473.671 299.26 459.291 481.42
91100000 -19.5477 470.48 297.243 450.932 480.46
91200000 -19.1968 478.609 302.379 459.412 479.514
91300000 13.5412 471.253 297.732 484.794 477.421
91400000 40.3598 468.136 295.763 508.496 478.012
91500000 29.9559 483.725 305.612 513.681 478.84
91600000 -14.4531 480.35 303.479 465.897 480.315
91700000 -16.0065 477.985 301.985 461.979 479.078
91800000 -14.8282 472.113 298.275 457.285 479.359
91900000 -18.244 483.186 305.271 464.942 477.784
92000000 -2.29271 478.292 302.179 475.999 477.148
92100000 -22.0087 479.371 302.861 457.362 478.136
92200000 -15.9356 473.157 298.935 457.221 478.821
92300000 9.88562 476.85 301.268 486.736 478.795
92400000 8.07616 469.169 296.415 477.245 478.733
92500000 -18.0043 461.85 291.791 443.845 477.683
92600000 -28.5398 472.579 298.57 444.039 477.506
92700000 -50.4095 468.904 296.248 418.494 477.266
92800000 -40.1125 471.171 297.68 431.059 477.421
92900000 -25.7879 470.028 296.958 444.24 478.096
93000000 -19.9968 479.41 302.886 459.414 479.553
93100000 -22.0246 465.398 294.033 443.374 479.884
93200000 -26.5938 481.342 304.106 454.748 479.133
93300000 -25.3153 473.537 299.175 448.222 479.384
93400000 -23.4894 474.853 300.007 451.364 479.097
93500000 -11.8363 488.448 308.595 476.612 477.576
93600000 22.6765 479.34 302.841 502.017 477.621
93700000 39.9705 473.815 299.35 513.785 478.45
93800000 32.1716 471.869 298.121 504.041 480.761
93900000 15.1042 467.4 295.298 482.505 479.599
94000000 17.1874 472.396 298.454 489.583 479.329
94100000 -7.76979 479.422 302.893 471.652 477.8
94200000 29.6477 471.714 298.023 501.362 476.309
94300000 16.4607 479.615 303.015 496.076 474.972
94400000 41.004 479.18 302.74 520.184 475.454
94500000 28.7682 474.772 299.955 503.54 474.929
94600000 23.9068 476.769 301.217 500.676 476.965
94700000 8.83729 478.799 302.499 487.636 478
94800000 3.17154 471.628 297.969 474.8 478.4
94900000 -6.38832 485.497 306.731 479.109 481.158
95000000 15.5894 484.858 306.327 500.447 483.041
95100000 28.7252 472.289 298.386 501.014 481.987
95200000 -18.9776 480.118 303.333 461.141 481.416
95300000 -48.124 476.147 300.824 428.023 481.527
95400000 -45.0608 477.441 301.642 432.381 483.109
95500000 -28.2694 473.98 299.455 445.71 485.273
95600000 -9.55245 480.265 303.426 470.713 485.318
95700000 -8.73057 483.956 305.757 475.225 487.342
95800000 -9.93713 467.23 295.19 457.293 488.517
95900000 -20.2154 469.679 296.737 449.463 488.007
96000000 -6.94839 472.483 298.509 465.535 488.123
96100000 -14.3606 481.918 304.47 467.558 488.296
96200000 -25.3259 469.847 296.844 444.521 488.76
96300000 -18.4314 479.464 302.919 461.032 488.422
96400000 -10.7327 472.229 298.348 461.496 488.379
96500000 -35.8329 468.878 296.231 433.045 487.788
96600000 -44.8222 474.62 299.859 429.798 489.523
96700000 -52.06 474.126 299.547 422.066 488.993
96800000 -30.406 469.745 296.779 439.339 486.978
96900000 -26.1358 481.918 304.47 455.782 488.113
97000000 -48.8949 476.92 301.312 428.025 489.789
97100000 -47.75 471.216 297.708 423.466 489.759
97200000 -35.7871 465.989 294.406 430.202 488.508
97300000 -15.3916 479.891 303.189 464.499 486.71
97400000 -26.3883 485.074 306.464 458.685 484.862
97500000 -54.9846 470.778 297.432 415.794 486.043
97600000 -48.8628 479.587 302.997 430.725 486.312
97700000 -56.1578 479.313 302.824 423.155 486.138
97800000 -49.1277 468.53 296.011 419.402 486.479
97900000 -53.8134 473.48 299.139 419.667 485.092
98000000 -44.5548 475.49 300.409 430.935 485.815
98100000 -45.9553 471.329 297.78 425.374 486.862
98200000 -9.36171 478.676 302.422 469.315 486.646
98300000 -33.3342 467.496 295.359 434.162 487.218
98400000 -44.13 477.252 301.522 433.122 488.216
98500000 -27.7653 470.522 297.27 442.756 488.604
98600000 -24.3072 478.492 302.305 454.185 487.322
98700000 -46.7192 469.576 296.672 422.856 486.009
98800000 -48.5639 473.481 299.14 424.917 485.035
98900000 -31.2362 475.973 300.714 444.737 483.966
99000000 -32.4959 481.025 303.906 448.529 484.055
99100000 -22.7994 472.474 298.504 449.675 483.537
99200000 -17.427 480.866 303.805 463.439 483.69
99300000 -6.28748 470.831 297.465 464.544 485.054
99400000 -32.7778 475.074 300.146 442.296 487.653
99500000 -37.8379 487.518 308.008 449.68 488.79
99600000 -40.2824 489.469 309.24 449.187 488.212
99700000 -73.1175 472.054 298.238 398.937 486.572
99800000 -72.2317 482.157 304.621 409.925 485.686
99900000 -68.7878 469.984 296.93 401.196 486.201
100000000 -66.77 475.943 300.695 409.173 487.402
100100000 -57.6086 481.972 304.504 424.364 487.556
100200000 -45.2913 476.652 301.143 431.36 489.395
100300000 -2.07566 470.33 297.149 468.254 488.754
100400000 -10.7303 469.772 296.796 459.042 488.495
100500000 -33.1909 476.731 301.193 443.54 487.013
100600000 -31.4249 464.313 293.347 432.888 484.828
100700000 -50.4405 481.824 304.411 431.384 484.617
100800000 -22.8907 483.742 305.622 460.851 484.586
100900000 -19.369 473.98 299.455 454.611 485.016
101000000 -33.7666 471.883 298.13 438.116 485.923
101100000 -41.0201 472.796 298.707 431.776 485.934
101200000 -31.3382 478.03 302.013 446.691 487.099
101300000 -10.3999 476.978 301.349 466.578 486.822
101400000 -14.1357 474.54 299.809 460.404 487.012
101500000 -38.3527 484.858 306.327 446.505 486.71
101600000 -23.9976 474.055 299.502 450.057 486.364
101700000 -39.4192 474.785 299.963 435.366 487.449
101800000 -34.8931 464.425 293.418 429.532 486.7
101900000 -14.7422 467.124 295.123 452.382 485.277
102000000 -13.7378 473.501 299.152 459.763 487.738
102100000 -42.2203 469.869 296.858 427.649 486.058
102200000 -37.1736 476.144 300.822 438.97 487.778
102300000 -26.9907 462.022 291.9 435.031 488.7
102400000 14.2998 477.437 301.639 491.737 489.636
102500000 10.5009 468.655 296.09 479.156 489.479
102600000 2.60626 481.419 304.155 484.025 488.568
102700000 7.92634 476.811 301.243 484.737 488.531
102800000 19.8053 469.836 296.837 489.642 489.435
102900000 22.891 479.942 303.222 502.833 488.873
103000000 15.9149 470.58 297.307 486.495 490.615
103100000 18.2447 470.811 297.452 489.055 488.37
103200000 -3.58519 470.809 297.451 467.224 487.914
103300000 19.5348 472.283 298.382 491.817 487.15
103400000 -14.2048 463.57 292.878 449.365 488.162
103500000 -9.65099 475.273 300.271 465.622 489.821
103600000 5.50542 473.993 299.463 479.499 489.337
103700000 -23.424 471.238 297.722 447.814 488.487
103800000 -2.25706 478.586 302.365 476.329 488.597
103900000 -9.36355 471.831 298.097 462.467 488.936
104000000 -13.8246 468.633 296.076 454.808 489.803
104100000 -27.1129 477.541 301.704 450.428 489.633
104200000 3.34929 465.742 294.25 469.091 489.947
104300000 -10.0726 472.267 298.372 462.194 491.256
104400000 -6.29693 480.143 303.349 473.846 492.974
104500000 -2.28792 476.425 300.999 474.137 493.716
104600000 8.59979 470.574 297.303 479.174 494.722
104700000 -3.44597 476.329 300.939 472.883 495.765
104800000 0.7633 487.776 308.171 488.539 495.677
104900000 -9.42885 478.455 302.282 469.026 495.716
105000000 -12.4285 475.877 300.653 463.449 493.806
