# Time-averaged data for fix fa
# TimeStep v_vpe v_vke v_vT
100000 79.3782 148.288 310.922
200000 33.3746 142.934 299.697
300000 -48.8534 145.181 304.407
400000 -73.3053 144.627 303.245
500000 -70.9408 144.292 302.544
600000 -90.5976 149.144 312.718
700000 -106.763 149.294 313.031
800000 -111.793 142.247 298.256
900000 -96.4451 141.746 297.205
1000000 -96.1921 141.567 296.83
1100000 -101.291 140.73 295.074
1200000 -107.7 150.169 314.866
1300000 -107.938 143.005 299.845
1400000 -103.442 143.008 299.851
1500000 -102.877 140.692 294.995
1600000 -93.8896 146.925 308.065
1700000 -97.6493 143.59 301.073
1800000 -102.931 145.82 305.747
1900000 -77.1961 143.872 301.663
2000000 -82.9786 145.725 305.548
2100000 -73.7149 148.959 312.328
2200000 -96.4246 143.26 300.38
2300000 -101.615 144.192 302.334
2400000 -119.521 142.068 297.88
2500000 -115.842 142.377 298.529
2600000 -107.763 137.094 287.451
2700000 -114.16 140.385 294.352
2800000 -122.507 146.324 306.805
2900000 -127.221 136.093 285.353
3000000 -124.192 143.599 301.091
3100000 -105.953 141.938 297.609
3200000 -106.564 142.15 298.053
3300000 -116.572 144.055 302.046
3400000 -106.143 146.566 307.313
3500000 -122.315 138.352 290.088
3600000 -118.393 144.223 302.4
3700000 -121.713 148.877 312.157
3800000 -100.409 151.261 317.156
3900000 -103.866 142.787 299.388
4000000 -117.1 138.043 289.44
4100000 -108.367 144.299 302.559
4200000 -107.605 144.267 302.49
4300000 -106.855 141.724 297.158
4400000 -107.875 142.837 299.494
4500000 -101.674 142.087 297.92
4600000 -102.42 133.973 280.908
4700000 -116.701 141.828 297.377
4800000 -114.095 142.904 299.633
4900000 -124.013 139.577 292.657
5000000 -104.797 144.335 302.635
5100000 -123.202 140.044 293.637
5200000 -115.543 149.98 314.471
5300000 -126.927 140.334 294.245
5400000 -131.884 143.805 301.523
5500000 -117.424 141.564 296.823
5600000 -111.508 142.138 298.027
5700000 -123.293 146.907 308.027
5800000 -117.487 147.173 308.585
5900000 -135.67 142.484 298.752
6000000 -125.273 144.582 303.151
6100000 -134.741 138.821 291.071
6200000 -121.653 140.275 294.12
6300000 -120.689 137.479 288.258
6400000 -130.441 142.246 298.254
6500000 -113.374 145.771 305.646
6600000 -135.833 142.56 298.911
6700000 -125.574 145.846 305.803
6800000 -120.73 146.546 307.27
6900000 -125.531 139.17 291.804
7000000 -130.624 141.62 296.94
7100000 -128.065 136.658 286.538
7200000 -125.876 138.523 290.447
7300000 -109.294 140.013 293.571
7400000 -121.585 149.093 312.611
7500000 -138.579 140.438 294.463
7600000 -145.993 141.19 296.04
7700000 -135.318 139.232 291.934
7800000 -128.408 141.984 297.705
7900000 -129.592 139.605 292.717
8000000 -104.654 143.405 300.684
8100000 -108.383 138.909 291.256
8200000 -106.796 139.822 293.171
8300000 -110.605 141.152 295.959
8400000 -103.204 140.696 295.004
8500000 -123.336 147.851 310.007
8600000 -116.796 142.158 298.069
8700000 -112.768 149.915 314.334
8800000 -125.769 143.108 300.06
8900000 -116.102 144.599 303.186
9000000 -117.838 143.843 301.601
9100000 -114.844 147.146 308.528
9200000 -125.52 145.477 305.028
9300000 -132.851 138.926 291.292
9400000 -118.568 142.09 297.926
9500000 -131.214 146.964 308.146
9600000 -131.919 142.873 299.569
9700000 -107.448 146.686 307.563
9800000 -131.999 139.314 292.105
9900000 -133.041 143.584 301.059
10000000 -129.676 141.47 296.627
10100000 -125.962 144.434 302.841
10200000 -126.628 145.985 306.093
10300000 -114.721 142.429 298.637
10400000 -111.405 148.709 311.805
10500000 -115.67 147.078 308.385
10600000 -128.232 140.766 295.15
10700000 -115.893 146.373 306.907
10800000 -120.797 142.286 298.338
10900000 -137.836 144.473 302.923
11000000 -133.033 142.37 298.515
11100000 -115.319 143.493 300.868
11200000 -104.819 141.686 297.08
11300000 -125.182 137.184 287.64
11400000 -108.865 147.044 308.315
11500000 -113.204 144.038 302.01
11600000 -123.065 141.58 296.858
11700000 -127.985 144.713 303.426
11800000 -125.689 145.19 304.426
11900000 -129.788 138.064 289.486
12000000 -126.63 142.086 297.917
12100000 -122.665 143.112 300.069
12200000 -101.558 151.693 318.061
12300000 -116.833 142.142 298.036
12400000 -108.718 145.228 304.506
12500000 -106.187 148.436 311.232
12600000 -112.777 147.105 308.442
12700000 -121.263 147.542 309.358
12800000 -116.099 146.858 307.924
12900000 -121.89 139.424 292.336
13000000 -109.477 145.583 305.251
13100000 -136.707 142.858 299.536
13200000 -126.304 143.721 301.345
13300000 -126.684 139.16 291.784
13400000 -117.158 138.661 290.736
13500000 -126.842 131.295 275.292
13600000 -120.168 144.022 301.977
13700000 -120.391 141.041 295.728
13800000 -127.67 142.723 299.253
13900000 -103.554 149.335 313.118
14000000 -110.669 143.601 301.094
14100000 -114.018 142.85 299.521
14200000 -112.253 141.55 296.795
14300000 -116.882 140.381 294.343
14400000 -119.339 142.42 298.619
14500000 -124.459 137.113 287.49
14600000 -109.898 151.093 316.804
14700000 -114.853 148.403 311.163
14800000 -109.765 149.21 312.855
14900000 -103.632 146.693 307.577
15000000 -147.746 140.975 295.589
15100000 -124.917 140.164 293.888
15200000 -103.166 151.45 317.552
15300000 -126.416 142.721 299.249
15400000 -110.467 141.823 297.367
15500000 -118.712 143.691 301.284
15600000 -132 138.224 289.82
15700000 -128.669 141.498 296.684
15800000 -129.934 138.676 290.768
15900000 -125.24 138.613 290.635
16000000 -109.968 143.626 301.146
16100000 -118.652 142.83 299.478
16200000 -128.671 143.084 300.011
16300000 -122.832 147.879 310.065
16400000 -133.921 139.518 292.533
16500000 -141.963 140.641 294.888
16600000 -121.561 141.393 296.464
16700000 -115.95 144.284 302.526
16800000 -116.053 137.579 288.469
16900000 -111.077 146.431 307.03
17000000 -121.426 144.85 303.713
17100000 -108.928 144.469 302.915
17200000 -131.822 137.482 288.266
17300000 -133.758 140.009 293.563
17400000 -130.015 140.375 294.33
17500000 -126.108 150.193 314.917
17600000 -133.769 136.801 286.837
17700000 -136.371 132.855 278.564
17800000 -139.371 137.928 289.2
17900000 -127.705 142.86 299.541
18000000 -118.523 141.344 296.362
18100000 -129.351 137.656 288.629
18200000 -122.014 140.8 295.221
18300000 -121.177 143.058 299.956
18400000 -123.775 145.758 305.617
18500000 -107.15 151.269 317.173
18600000 -125.839 138.981 291.408
18700000 -122.373 143.787 301.485
18800000 -125.354 141.394 296.468
18900000 -145.699 141.093 295.835
19000000 -120.893 147.138 308.51
19100000 -126.101 140.385 294.351
19200000 -117.331 142.956 299.743
19300000 -130.07 135.356 283.807
19400000 -128.046 137.961 289.268
19500000 -124.831 139.963 293.467
19600000 -128.902 142.467 298.718
19700000 -135.083 139.901 293.337
19800000 -131.798 144.226 302.405
19900000 -134.562 137.551 288.41
20000000 -113.758 137.107 287.479
20100000 -115.886 145.162 304.369
20200000 -116.017 147.452 309.169
20300000 -119.667 139.494 292.483
20400000 -129.318 137.13 287.526
20500000 -120.595 142.5 298.786
20600000 -123.846 144.995 304.018
20700000 -127.227 138.082 289.523
20800000 -109.764 143.263 300.386
20900000 -120.814 145.123 304.285
21000000 -113.349 146.512 307.198
21100000 -119.621 142.837 299.493
21200000 -100.364 142.247 298.257
21300000 -101.309 146.197 306.538
21400000 -121.353 143.585 301.062
21500000 -134.793 140.762 295.143
21600000 -123.659 139.627 292.763
21700000 -108.021 139.163 291.789
21800000 -127.232 140.88 295.389
21900000 -123.473 144.571 303.128
22000000 -123.849 146.644 307.474
22100000 -118.358 140.867 295.363
22200000 -128.054 137.035 287.327
22300000 -131.761 144.235 302.423
22400000 -122.32 146.249 306.647
22500000 -130.947 140.442 294.472
22600000 -128.885 148.279 310.904
22700000 -130.742 138.884 291.204
22800000 -134.189 139.71 292.936
22900000 -117.928 138.621 290.653
23000000 -119.331 148.212 310.763
23100000 -120.224 143.126 300.099
23200000 -123.184 147.578 309.434
23300000 -118.438 145.59 305.265
23400000 -108.863 142.831 299.48
23500000 -116.336 142.08 297.906
23600000 -114.819 143.499 300.881
23700000 -110.284 142.148 298.048
23800000 -115.367 140.152 293.864
23900000 -117.164 137.156 287.581
24000000 -123.69 144.614 303.219
24100000 -99.7177 148.481 311.327
24200000 -95.5812 140.25 294.069
24300000 -117.389 140.244 294.057
24400000 -106.558 143.288 300.439
24500000 -123.498 138.294 289.968
24600000 -104.321 148.057 310.439
24700000 -114.309 145.077 304.19
24800000 -114.424 143.678 301.256
24900000 -111.05 143.063 299.967
25000000 -95.2044 145.631 305.352
25100000 -113.548 145.221 304.491
25200000 -115.328 140.849 295.324
25300000 -123.143 146.838 307.882
25400000 -115.573 140.617 294.838
25500000 -123.438 137.214 287.703
25600000 -112.262 147.131 308.495
25700000 -99.2233 148.275 310.895
25800000 -111.423 149.924 314.352
25900000 -102.155 144.703 303.406
26000000 -97.7839 149.815 314.124
26100000 -114.964 147.925 310.16
26200000 -129.411 146.041 306.211
26300000 -115.538 137.946 289.238
26400000 -130.84 134.93 282.913
26500000 -107.766 145.492 305.061
26600000 -117.114 145.678 305.449
26700000 -118.924 140.215 293.996
26800000 -117.469 142.459 298.701
26900000 -120.231 145.104 304.247
27000000 -107.731 144.378 302.724
27100000 -100.751 145.033 304.097
27200000 -112.682 143.267 300.394
27300000 -106.662 149.048 312.515
27400000 -109.57 145.435 304.941
27500000 -122.812 143.978 301.884
27600000 -112.321 147.097 308.424
27700000 -116.222 135.661 284.447
27800000 -111.202 139.627 292.762
27900000 -123.884 146.647 307.481
28000000 -126.265 140.756 295.129
28100000 -112.696 144.66 303.315
28200000 -106.697 148.96 312.332
28300000 -102.841 148.782 311.959
28400000 -102.508 145.032 304.094
28500000 -111.743 142.64 299.079
28600000 -120.446 141.269 296.205
28700000 -114.277 144.862 303.739
28800000 -121.869 146.826 307.857
28900000 -129.867 148.671 311.726
29000000 -119.423 139.945 293.429
29100000 -120.578 141.247 296.159
29200000 -113.247 142.959 299.749
29300000 -107.091 143.254 300.368
29400000 -105.86 142.789 299.391
29500000 -128.278 138.646 290.705
29600000 -120.859 144.692 303.383
29700000 -110.401 137.821 288.976
29800000 -118.607 146.491 307.155
29900000 -111.148 143.87 301.659
30000000 -115.068 143.924 301.771
30100000 -114.747 142.828 299.473
30200000 -104.772 155.042 325.084
30300000 -114.128 143.337 300.541
30400000 -116.063 145.86 305.832
30500000 -105.118 147.074 308.377
30600000 -117.483 143.097 300.038
30700000 -109.494 144.507 302.994
30800000 -108.485 146.345 306.848
30900000 -103.258 144.233 302.42
31000000 -105.137 142.812 299.44
31100000 -116.713 141.826 297.372
31200000 -115.961 135.626 284.374
31300000 -106.273 143.256 300.372
31400000 -106.716 143.605 301.102
31500000 -117.513 141.934 297.599
31600000 -109.619 140.312 294.198
31700000 -122.351 141.258 296.182
31800000 -110.235 143.855 301.626
31900000 -104.681 139.792 293.107
32000000 -121.938 147.078 308.386
32100000 -110.368 143.966 301.859
32200000 -109.948 138.332 290.047
32300000 -118.826 142.61 299.017
32400000 -116.698 145.353 304.769
32500000 -105.76 141.243 296.151
32600000 -101.941 142.485 298.755
32700000 -112.71 142.032 297.804
32800000 -120.757 142.117 297.983
32900000 -127.421 145.427 304.923
33000000 -116.176 147.769 309.835
33100000 -109.58 142.892 299.608
33200000 -112.106 142.462 298.707
33300000 -98.8885 147.575 309.426
33400000 -106.529 144.556 303.096
33500000 -102.807 144.718 303.438
33600000 -111.365 149.797 314.087
33700000 -116.574 143.418 300.711
33800000 -115.654 138.356 290.097
33900000 -120.33 143.53 300.945
34000000 -92.7957 152.061 318.833
34100000 -107.527 140.111 293.777
34200000 -104.728 146.247 306.642
34300000 -107.51 144.379 302.725
34400000 -108.705 147.004 308.23
34500000 -107.692 143.178 300.207
34600000 -118.496 144.074 302.085
34700000 -115.422 141.952 297.636
34800000 -105.541 141.981 297.698
34900000 -108.689 143.763 301.434
35000000 -103.409 144.858 303.73
35100000 -108.906 141.235 296.133
35200000 -113.713 145.138 304.318
35300000 -108.066 139.245 291.961
35400000 -107.108 144.245 302.444
35500000 -117.567 152.383 319.509
35600000 -105.134 149.685 313.852
35700000 -103.328 145.576 305.236
35800000 -109.775 139.449 292.389
35900000 -114.364 146.569 307.318
36000000 -127.632 139.557 292.615
36100000 -103.972 145.068 304.17
36200000 -114.512 146.035 306.198
36300000 -122.997 141.356 296.387
36400000 -128.258 135.47 284.045
36500000 -123.348 143.746 301.398
36600000 -114.247 141.139 295.932
36700000 -114.066 142.959 299.749
36800000 -119.674 138.58 290.568
36900000 -122.35 138.942 291.325
37000000 -106.383 146.698 307.588
37100000 -103.233 147.426 309.115
37200000 -101.417 140.769 295.157
37300000 -110.876 141.79 297.298
37400000 -114.192 137.427 288.15
37500000 -100.676 143.559 301.006
37600000 -101.637 146.854 307.915
37700000 -111.218 142.562 298.916
37800000 -114.287 142.722 299.251
37900000 -113.626 140.741 295.098
38000000 -110.13 141.993 297.723
38100000 -117.964 144.954 303.933
38200000 -124.456 141.511 296.713
38300000 -122.066 145.471 305.016
38400000 -120.109 145.657 305.406
38500000 -109.761 143.174 300.2
38600000 -107.532 145.041 304.113
38700000 -93.329 145.307 304.671
38800000 -102.932 141.991 297.718
38900000 -119.704 141.708 297.126
39000000 -108.056 146.375 306.91
39100000 -115.839 144.728 303.458
39200000 -108.812 136.974 287.199
39300000 -91.9253 146.964 308.146
39400000 -107.877 146.792 307.786
39500000 -92.8317 146.932 308.079
39600000 -92.1472 152.683 320.137
39700000 -96.3028 145.982 306.086
39800000 -107.864 143.517 300.918
39900000 -110.269 150.114 314.75
40000000 -116.406 141.123 295.899
40100000 -124.62 134.289 281.571
40200000 -130.349 135.279 283.645
40300000 -129.972 145.366 304.796
40400000 -115.59 140.618 294.84
40500000 -105.836 149.934 314.373
40600000 -106.197 140.911 295.454
40700000 -114.307 146.062 306.255
40800000 -104.025 147.789 309.877
40900000 -124.541 138.025 289.403
41000000 -120.314 149.184 312.8
41100000 -121.058 147.794 309.885
41200000 -118.46 139.88 293.293
41300000 -116.059 143.439 300.754
41400000 -116.496 144.884 303.784
41500000 -120.245 142.564 298.921
41600000 -134.974 140.689 294.99
41700000 -121.896 148.777 311.948
41800000 -113.649 142.216 298.191
41900000 -126.376 141.334 296.342
42000000 -128.412 143.396 300.665
42100000 -141.313 143.833 301.581
42200000 -129.503 140.327 294.231
42300000 -116.226 148.724 311.837
42400000 -125.246 142.957 299.745
42500000 -120.298 145.413 304.895
42600000 -101.639 144.242 302.439
42700000 -107.866 136.515 286.236
42800000 -113.7 149.039 312.496
42900000 -112.78 141.461 296.607
43000000 -116.081 144.842 303.696
43100000 -124.12 144.733 303.468
43200000 -119.756 142.207 298.172
43300000 -121.501 141.724 297.158
43400000 -115.998 141.438 296.56
43500000 -105.575 141.918 297.566
43600000 -121.009 133.896 280.745
43700000 -107.591 150.383 315.315
43800000 -111.46 138.795 291.017
43900000 -92.8949 145.132 304.305
44000000 -120.861 140.136 293.829
44100000 -127.914 137.826 288.986
44200000 -123.431 137.111 287.487
44300000 -110.774 145.789 305.682
44400000 -99.7451 141.737 297.187
44500000 -110.114 140.485 294.562
44600000 -106.855 146.501 307.175
44700000 -103.153 141.194 296.049
44800000 -117.555 139.33 292.14
44900000 -123.241 142.923 299.672
45000000 -124.362 140.329 294.235
45100000 -115.708 138.835 291.101
45200000 -114.352 141.775 297.266
45300000 -104.224 143.356 300.581
45400000 -110.308 141.033 295.71
45500000 -110.728 138.596 290.602
45600000 -111.817 143.005 299.845
45700000 -131.28 137.193 287.658
45800000 -115.393 139.944 293.427
45900000 -112.565 144.468 302.912
46000000 -122.382 138.417 290.224
46100000 -128.445 138.989 291.424
46200000 -104.212 145.917 305.95
46300000 -114.037 140.637 294.881
46400000 -124.847 133.795 280.535
46500000 -110.004 144.551 303.087
46600000 -120.889 141.881 297.487
46700000 -122.437 139.284 292.044
46800000 -120.428 141.918 297.566
46900000 -124.027 139.578 292.659
47000000 -124.461 144.894 303.806
47100000 -97.6719 146.242 306.633
47200000 -119.709 142.958 299.747
47300000 -127.696 140.579 294.759
47400000 -118.511 143.309 300.483
47500000 -113.641 147.982 310.28
47600000 -120.86 142.533 298.855
47700000 -119.709 141.488 296.664
47800000 -114.757 140.43 294.446
47900000 -109.669 148.876 312.155
48000000 -113.276 143.802 301.515
48100000 -103.694 147.232 308.708
48200000 -101.101 142.987 299.807
48300000 -114.123 145.751 305.602
48400000 -103.534 142.386 298.548
48500000 -122.016 138.389 290.166
48600000 -115.6 139.525 292.548
48700000 -105.637 146.512 307.199
48800000 -110.502 137.833 289.001
48900000 -121.314 138.363 290.111
49000000 -117.384 137.498 288.298
49100000 -118.282 144.148 302.242
49200000 -122.849 142.496 298.777
49300000 -132.848 141.301 296.271
49400000 -119.455 148.495 311.357
49500000 -135.174 143.414 300.703
49600000 -117.845 150.291 315.121
49700000 -127.496 144.099 302.14
49800000 -140.847 139.265 292.004
49900000 -139.381 145.019 304.068
50000000 -136.637 140.814 295.252
