# Time-averaged data for fix fa
# TimeStep v_vpe v_vke v_vT
100000 14.9178 24.5687 329.692
200000 -10.2775 22.4089 300.709
300000 -11.8695 22.2705 298.852
400000 -9.33828 25.1061 336.903
500000 -9.14126 23.8281 319.754
600000 -11.1179 22.7651 305.489
700000 -9.99158 22.1525 297.268
800000 -9.94506 23.9234 321.032
900000 -11.8792 22.679 304.333
1000000 -9.06317 24.1066 323.49
1100000 -13.4147 24.5141 328.959
1200000 -16.8124 22.3832 300.365
1300000 -9.56044 24.0862 323.217
1400000 -11.0891 22.8828 307.069
1500000 -4.00127 21.9856 295.028
1600000 -8.13751 21.4863 288.328
1700000 -14.0388 23.6292 317.084
1800000 -14.4576 21.7674 292.101
1900000 -11.2318 21.6837 290.977
2000000 -11.2311 23.5017 315.374
2100000 -13.5071 20.9529 281.17
2200000 -14.0444 20.6397 276.967
2300000 -6.85151 25.6685 344.45
2400000 -13.2093 23.6988 318.018
2500000 -12.9936 22.7075 304.715
2600000 -10.5227 23.1364 310.472
2700000 -12.1305 21.8051 292.606
2800000 -10.4185 22.5052 302.002
2900000 -14.0062 22.3872 300.418
3000000 -8.12071 23.3621 313.499
3100000 -8.40867 24.9024 334.169
3200000 -11.8062 24.2102 324.881
3300000 -12.4221 24.3118 326.244
3400000 -14.3992 22.6979 304.586
3500000 -10.765 23.4391 314.533
3600000 -11.3067 21.878 293.584
3700000 -11.2177 22.1847 297.7
3800000 -10.1474 20.658 277.214
3900000 -10.4768 21.0789 282.861
4000000 -11.9208 23.5136 315.533
4100000 -4.4988 22.4465 301.213
4200000 -14.303 22.7259 304.963
4300000 -3.77092 25.4479 341.49
4400000 -10.0977 23.4261 314.359
4500000 -9.04555 25.3973 340.81
4600000 -12.3376 22.1667 297.459
4700000 -15.6069 21.8702 293.48
4800000 -10.2013 23.7415 318.592
4900000 -9.20424 24.0051 322.129
5000000 -8.91143 23.3586 313.453
5100000 -13.2288 20.785 278.917
5200000 -8.21017 21.6949 291.127
5300000 -8.17147 22.9216 307.589
5400000 -10.3092 22.3372 299.747
5500000 -12.0523 22.8304 306.365
5600000 -13.1346 23.607 316.786
5700000 -13.4049 23.0042 308.697
5800000 -15.1585 22.6857 304.424
5900000 -12.4094 22.697 304.575
6000000 -12.2449 21.9803 294.957
6100000 -12.7571 21.3817 286.925
6200000 -7.77914 23.3729 313.645
6300000 -10.4089 20.5942 276.357
6400000 -6.63438 23.5005 315.357
6500000 -11.7343 20.6445 277.032
6600000 -11.1834 22.7283 304.995
6700000 -11.3111 23.8017 319.399
6800000 -13.0554 23.7623 318.87
6900000 -11.6714 22.4422 301.156
7000000 -8.69008 23.3696 313.601
7100000 -0.339103 24.5273 329.136
7200000 -8.70099 23.484 315.136
7300000 -11.8531 23.2134 311.504
7400000 -13.7649 21.1927 284.389
7500000 -9.61461 23.8217 319.667
7600000 -10.4207 22.2076 298.008
7700000 -8.69392 25.0379 335.988
7800000 -10.572 24.2444 325.34
7900000 -12.0787 22.2229 298.213
8000000 -12.9359 23.6625 317.531
8100000 -8.01852 25.4954 342.127
8200000 -11.5422 21.4862 288.327
8300000 -12.9777 21.1363 283.631
8400000 -13.7648 22.0384 295.737
8500000 -13.6119 23.0102 308.778
8600000 -6.41746 27.2789 366.06
8700000 -6.98675 24.2188 324.996
8800000 -9.3347 24.927 334.499
8900000 -3.32852 22.2378 298.413
9000000 -12.0513 21.2206 284.763
9100000 -7.95332 23.6385 317.209
9200000 -10.8312 22.4663 301.479
9300000 -12.761 21.9846 295.015
9400000 -13.0392 24.4116 327.584
9500000 -8.4153 20.9839 281.587
9600000 -12.2995 22.2125 298.073
9700000 -11.3582 21.7136 291.378
9800000 -10.0729 24.5028 328.807
9900000 -13.2784 22.4366 301.081
10000000 -15.1136 22.1235 296.879
10100000 2.11893 23.9558 321.468
10200000 -7.14231 23.8022 319.406
10300000 -9.84794 23.2582 312.105
10400000 -11.7212 21.8733 293.521
10500000 -10.4396 22.56 302.737
10600000 -13.3038 25.431 341.263
10700000 -8.5149 24.8297 333.194
10800000 -3.20767 25.1838 337.946
10900000 -11.6798 23.1762 311.006
11000000 -7.75505 22.0902 296.432
11100000 -15.4504 24.1345 323.864
11200000 -10.803 23.8029 319.415
11300000 -11.5059 22.9798 308.369
11400000 -5.01451 21.9191 294.136
11500000 -6.53561 26.4708 355.216
11600000 -8.67903 25.4044 340.905
11700000 -10.873 22.4419 301.152
11800000 -11.2963 21.7499 291.865
11900000 -7.73999 24.9506 334.816
12000000 -5.76621 21.8007 292.547
12100000 -7.64636 23.7414 318.59
12200000 -2.12279 22.799 305.944
12300000 -5.51395 22.0199 295.488
12400000 -9.04534 21.9109 294.026
12500000 -8.66126 24.569 329.695
12600000 3.42168 23.9887 321.909
12700000 11.5888 23.4895 315.21
12800000 15.9908 26.1994 351.574
12900000 15.7697 22.3064 299.333
13000000 14.9095 22.2597 298.707
13100000 13.3719 24.4273 327.794
13200000 12.71 22.3853 300.392
13300000 5.87854 24.2047 324.807
13400000 5.8474 22.1012 296.579
13500000 2.145 21.6805 290.935
13600000 -5.35258 26.3254 353.266
13700000 -15.5974 22.2132 298.083
13800000 -13.3188 20.4413 274.305
13900000 -12.2001 24.1558 324.151
14000000 -11.8257 22.7444 305.211
14100000 -11.7082 23.1841 311.111
14200000 -8.42929 21.0205 282.077
14300000 -11.349 23.374 313.66
14400000 -13.5403 19.8481 266.346
14500000 -6.88788 22.5358 302.412
14600000 -13.869 20.9571 281.227
14700000 -12.5307 21.9222 294.178
14800000 -10.2497 21.5087 288.628
14900000 -9.32416 23.9754 321.73
15000000 -11.838 25.0121 335.642
15100000 -5.64813 25.2454 338.772
15200000 -12.6176 21.0903 283.014
15300000 -11.7039 21.4023 287.201
15400000 -9.81827 23.8849 320.516
15500000 -8.16821 23.7471 318.666
15600000 -11.0729 22.9041 307.354
15700000 -9.01425 21.8546 293.271
15800000 -7.89562 25.6564 344.287
15900000 -10.91 24.015 322.261
16000000 -8.48127 22.951 307.983
16100000 -12.4526 21.7618 292.026
16200000 -9.68454 24.4433 328.009
16300000 -9.6816 22.7139 304.801
16400000 -11.8108 20.4625 274.589
16500000 -7.86413 25.0506 336.159
16600000 -10.0194 21.4714 288.128
16700000 -12.0888 22.2162 298.123
16800000 -13.3765 22.316 299.463
16900000 -12.835 21.7221 291.493
17000000 -10.4177 24.3377 326.592
17100000 -11.7469 23.1632 310.83
17200000 -11.647 22.8396 306.489
17300000 -10.5376 22.4672 301.492
17400000 -9.31904 21.7215 291.485
17500000 -13.3816 23.6805 317.772
17600000 -13.4226 21.7869 292.362
17700000 -13.1608 22.4895 301.791
17800000 -9.03175 23.1264 310.337
17900000 -6.10301 23.1217 310.274
18000000 -0.848783 23.8427 319.949
18100000 -9.17704 20.926 280.81
18200000 -7.8566 23.7895 319.235
18300000 -13.2816 22.1529 297.274
18400000 -4.78203 23.8689 320.301
18500000 -9.46005 22.1551 297.304
18600000 -13.4085 21.8822 293.641
18700000 -11.4913 23.5623 316.187
18800000 -2.54495 22.9706 308.246
18900000 -3.9826 26.4075 354.366
19000000 -11.2641 23.4192 314.266
19100000 -10.4148 22.4912 301.813
19200000 -14.6769 20.9242 280.786
19300000 -13.0762 21.7478 291.837
19400000 -9.91464 23.1113 310.135
19500000 -7.63252 22.997 308.601
19600000 -10.752 22.0979 296.536
19700000 -6.21902 24.2638 325.6
19800000 -6.67256 23.8341 319.834
19900000 -15.4622 19.6628 263.859
20000000 -11.8786 24.0304 322.468
20100000 -11.6986 21.8853 293.683
20200000 -6.11855 22.5643 302.794
20300000 -8.96332 23.402 314.036
20400000 -15.9291 22.1969 297.864
20500000 -10.4986 23.7327 318.474
20600000 -9.31786 24.3882 327.269
20700000 -12.6445 24.2062 324.827
20800000 -12.1059 20.913 280.636
20900000 -9.6927 23.0246 308.971
21000000 -8.65173 24.7098 331.585
21100000 -10.1373 23.3684 313.585
21200000 -12.1274 23.7832 319.15
21300000 -11.9665 22.4267 300.947
21400000 -11.6012 23.192 311.218
21500000 -7.65908 23.0649 309.512
21600000 -9.59518 21.5255 288.854
21700000 -10.8699 22.8047 306.021
21800000 -9.08204 23.9943 321.983
21900000 -12.4063 22.5267 302.29
22000000 -11.1892 21.1516 283.837
22100000 -7.35252 22.4187 300.84
22200000 -6.65475 20.9469 281.09
22300000 -12.9764 23.3633 313.516
22400000 -14.5063 19.3048 259.054
22500000 -12.9632 20.9656 281.342
22600000 -10.0139 22.6866 304.435
22700000 -9.05894 23.312 312.828
22800000 -14.6682 22.2682 298.82
22900000 -13.2858 22.2735 298.892
23000000 -8.21867 25.3504 340.181
23100000 -10.8047 23.4816 315.104
23200000 -10.7729 23.8555 320.12
23300000 -12.175 22.823 306.266
23400000 -11.3828 22.5031 301.973
23500000 -12.6107 23.6991 318.022
23600000 -9.81574 21.5374 289.014
23700000 -9.70273 24.7173 331.686
23800000 -11.3199 24.0258 322.406
23900000 -15.3707 19.1194 256.567
24000000 -11.0768 21.2724 285.457
24100000 -8.05363 23.9581 321.498
24200000 -13.9583 21.3545 286.559
24300000 -9.67707 26.0729 349.877
24400000 -3.10041 22.4645 301.455
24500000 1.32583 24.6544 330.842
24600000 -11.0362 24.0593 322.856
24700000 -8.94467 22.3019 299.273
24800000 -12.6245 23.7709 318.986
24900000 -11.5219 22.987 308.466
25000000 -10.8011 22.3961 300.537
25100000 -8.03458 23.5663 316.241
25200000 -6.90096 23.4965 315.304
25300000 -11.7758 23.1262 310.335
25400000 -9.85539 22.2457 298.519
25500000 -9.01396 25.0077 335.582
25600000 -13.981 21.9345 294.343
25700000 -11.8727 23.1876 311.159
25800000 -12.7935 24.0986 323.383
25900000 9.98907 24.7253 331.793
26000000 14.1195 23.0317 309.067
26100000 2.55438 23.0599 309.445
26200000 -4.33102 21.0197 282.067
26300000 -15.0676 23.8818 320.473
26400000 -10.0385 21.7748 292.2
26500000 -12.1685 22.3617 300.076
26600000 -8.5447 23.9131 320.894
