# Time-averaged data for fix favg
# TimeStep v_vpe v_vke v_vT v_vE v_vRg
5100000 144.783 488.976 307.77 633.759 304.666
5200000 136.032 479.499 301.805 615.531 305.734
5300000 127.731 469.622 295.588 597.353 305.922
5400000 153.05 485.977 305.882 639.027 307.395
5500000 139.912 478.798 301.363 618.71 307.183
5600000 143.898 479.797 301.993 623.695 306.413
5700000 147.559 484.242 304.79 631.801 307.53
5800000 124.448 484.581 305.004 609.029 306.27
5900000 133.136 468.629 294.963 601.765 306.286
6000000 128.376 483.232 304.154 611.608 307.135
6100000 137.878 471.943 297.049 609.821 309.606
6200000 128.914 473.318 297.915 602.232 312.101
6300000 146.484 471.435 296.729 617.919 311.572
6400000 132.483 474.439 298.62 606.922 310.6
6500000 136.744 479.801 301.995 616.546 309.435
6600000 124.021 470.458 296.114 594.479 307.093
6700000 132.709 477.5 300.546 610.209 307.526
6800000 136.993 486.284 306.075 623.276 307.297
6900000 144.947 479.009 301.497 623.956 306.163
7000000 121.488 479.092 301.549 600.58 306.482
7100000 90.3311 481.573 303.11 571.904 306.344
7200000 69.9103 478.848 301.395 548.759 306.798
7300000 61.6921 479.389 301.736 541.082 308.265
7400000 49.3848 472 297.085 521.385 307.327
7500000 67.0837 471.58 296.821 538.664 308.169
7600000 62.9996 474.979 298.96 537.979 309.33
7700000 40.9578 480.211 302.253 521.169 310.529
7800000 60.6952 478.046 300.891 538.742 311.629
7900000 71.648 466.078 293.357 537.726 313.734
8000000 61.7233 473.682 298.144 535.406 314.891
8100000 57.9636 483.166 304.113 541.13 316.604
8200000 59.2755 474.464 298.636 533.74 316.795
8300000 39.4307 481.139 302.837 520.569 316.736
8400000 37.0449 473.968 298.323 511.013 316.794
8500000 54.6119 473.349 297.934 527.961 318.298
8600000 47.5144 475.521 299.301 523.035 318.786
8700000 58.6625 471.799 296.958 530.461 319.907
8800000 55.0292 477.437 300.507 532.467 318.852
8900000 72.1472 477.156 300.33 549.304 315.582
9000000 57.8658 478.772 301.347 536.638 314.537
9100000 64.0157 480.758 302.597 544.773 314.303
9200000 56.2245 472.736 297.548 528.961 316.178
9300000 42.0472 469.903 295.765 511.95 318.598
9400000 52.6607 467.806 294.445 520.467 323.306
9500000 43.1161 480.878 302.673 523.994 325.4
9600000 58.0795 467.027 293.955 525.106 326.733
9700000 42.5413 498.514 313.773 541.056 326.91
9800000 56.9959 469.842 295.727 526.838 327.094
9900000 42.0294 484.744 305.106 526.774 329.2
10000000 35.1562 482.781 303.87 517.937 332.09
10100000 40.9411 473.908 298.286 514.849 333.39
10200000 45.8084 479.966 302.099 525.774 333.351
10300000 50.8118 486.252 306.055 537.064 336.014
10400000 43.7631 470.196 295.95 513.96 335.717
10500000 43.2309 473.905 298.284 517.136 334.428
10600000 24.3609 482.608 303.762 506.969 335.133
10700000 34.6174 472.659 297.5 507.276 335.494
10800000 54.2451 476.884 300.159 531.129 335
10900000 26.064 477.795 300.732 503.859 337.924
11000000 22.5524 479.452 301.775 502.005 339.317
11100000 29.8821 482.226 303.521 512.108 340.978
11200000 33.5326 481.413 303.009 514.945 342.619
11300000 50.2914 475.399 299.224 525.69 344.636
11400000 37.1571 470.747 296.296 507.904 344.694
11500000 16.5307 488.224 307.297 504.755 345.143
11600000 35.5089 480.911 302.694 516.42 347.86
11700000 21.8836 467.258 294.1 489.142 350.909
11800000 21.8289 484.38 304.877 506.209 349.987
11900000 41.9257 472.881 297.639 514.807 349.994
12000000 16.9829 478.087 300.916 495.07 350.651
12100000 25.1492 469.787 295.692 494.936 351.597
12200000 13.1524 484.385 304.88 497.537 352.698
12300000 11.66 478.358 301.087 490.018 351.932
12400000 3.89531 475.511 299.295 479.407 352.866
12500000 15.4971 466.24 293.459 481.737 353.268
12600000 5.39302 475.677 299.399 481.07 354.067
12700000 -0.60783 473.927 298.298 473.319 356.712
12800000 7.76878 484.434 304.911 492.203 357.886
12900000 15.3106 478.854 301.399 494.165 359.567
13000000 24.839 477.984 300.851 502.823 360.406
13100000 13.919 486.073 305.943 499.992 360.981
13200000 -1.03195 472.266 297.252 471.234 361.477
13300000 -18.6282 474.629 298.739 456 361.507
13400000 -3.34813 476.93 300.188 473.582 360.567
13500000 8.19153 480.755 302.595 488.947 360.493
13600000 -0.703049 473.089 297.77 472.386 359.42
13700000 0.953178 474.658 298.758 475.611 358.847
13800000 8.12474 490.578 308.778 498.703 357.83
13900000 24.6926 478.481 301.164 503.173 361.657
14000000 8.44627 478.273 301.033 486.719 363.295
14100000 -9.68258 484.043 304.665 474.36 366.675
14200000 1.41071 473.97 298.325 475.38 368.334
14300000 -1.3987 473.603 298.094 472.205 368.449
14400000 -7.92158 482 303.379 474.078 368.51
14500000 -7.12179 478.806 301.369 471.684 367.49
14600000 -15.309 483.473 304.306 468.164 371.067
14700000 -7.14174 478.394 301.109 471.252 371.952
14800000 -12.1737 481.753 303.223 469.579 371.374
14900000 -6.79388 479.294 301.676 472.5 371.125
15000000 -14.6479 477.479 300.533 462.831 372.349
15100000 -18.6581 476.587 299.972 457.929 374.512
15200000 -11.9592 472.513 297.408 460.554 374.737
15300000 -18.0795 478.097 300.922 460.018 376.988
15400000 -30.2972 476.817 300.117 446.52 379.703
15500000 -21.8175 475.473 299.271 453.655 381.142
15600000 -26.6267 479.769 301.975 453.142 382.133
15700000 -25.2626 487.591 306.898 462.328 382.432
15800000 -27.3477 474.501 298.659 447.154 383.258
15900000 -24.7652 480.492 302.43 455.727 384.797
16000000 -22.6451 482.91 303.952 460.265 386.022
16100000 -24.1606 471.522 296.784 447.362 386.073
16200000 -13.6628 472.819 297.6 459.156 384.306
16300000 -8.9845 480.989 302.743 472.005 384.427
16400000 -20.4369 476.976 300.217 456.539 383.286
16500000 -14.8938 479.048 301.521 464.155 383.453
16600000 -7.49736 476.151 299.698 468.654 381.681
16700000 -22.3303 472.423 297.351 450.092 382.381
16800000 -22.6416 474.714 298.793 452.072 381.631
16900000 -11.711 470.503 296.143 458.792 381.705
17000000 -2.91119 469.64 295.599 466.729 383.837
17100000 10.8836 474.94 298.935 485.823 387.043
17200000 2.84194 485.825 305.787 488.667 385.575
17300000 -2.22861 481.642 303.153 479.413 385.249
17400000 -25.6067 473.357 297.939 447.751 383.309
17500000 0.842467 476.348 299.821 477.19 380.319
17600000 -13.8078 477.8 300.735 463.992 380.1
17700000 -0.0307514 485.35 305.488 485.32 383.93
17800000 -10.8316 484.697 305.077 473.866 385.615
17900000 -0.264277 472.564 297.44 472.3 385.882
18000000 12.9318 468.409 294.825 481.341 388.487
18100000 -37.7919 474.852 298.88 437.06 388.477
18200000 -31.4672 475.099 299.035 443.631 386.213
18300000 -25.3552 477.594 300.606 452.239 386.879
18400000 -28.575 479.939 302.082 451.364 388.861
18500000 -25.2402 476.296 299.789 451.056 388.931
18600000 -45.6447 470.592 296.199 424.947 388.878
18700000 -38.5913 472.14 297.173 433.549 388.608
18800000 -44.0936 471.282 296.633 427.189 390.21
18900000 -49.8855 490.236 308.563 440.351 390.402
19000000 -54.8946 474.662 298.76 419.767 390.481
19100000 -70.5109 471.493 296.766 400.983 390.494
19200000 -67.1278 478.574 301.223 411.446 390.53
19300000 -78.3591 482.545 303.722 404.186 391.188
19400000 -66.6743 477.797 300.734 411.123 391.424
19500000 -58.4322 482.538 303.718 424.106 392.08
19600000 -67.7188 470.484 296.13 402.765 392.144
19700000 -64.4144 472.851 297.62 408.436 391.891
19800000 -40.2651 480.718 302.572 440.453 391.58
19900000 -33.5163 481.701 303.191 448.184 391.437
20000000 -46.766 468.008 294.572 421.242 391.313
20100000 -50.9962 465.71 293.126 414.714 392.084
20200000 -23.8091 479.287 301.671 455.478 390.37
20300000 -17.7834 478.022 300.875 460.238 389.835
20400000 -50.0619 482.608 303.762 432.546 389.726
20500000 -37.5888 479.769 301.975 442.181 390.064
20600000 -36.3326 477.364 300.461 441.031 390.476
20700000 -17.5611 476.527 299.934 458.966 391.203
20800000 -15.7101 478.833 301.386 463.123 393.002
20900000 -20.3718 468.359 294.793 447.987 392.521
21000000 -33.3181 478.271 301.032 444.953 392.374
21100000 -25.8311 479.393 301.738 453.562 393.785
21200000 -42.3352 473.901 298.281 431.566 393.765
21300000 -35.9737 476.323 299.806 440.35 395.224
21400000 -41.7453 476.644 300.008 434.899 395.619
21500000 -39.9696 478.528 301.194 438.559 393.905
21600000 -53.3892 472.172 297.193 418.783 393.983
21700000 -40.842 482.241 303.531 441.399 394.443
21800000 -51.8113 472.996 297.712 421.185 394.913
21900000 -47.7167 477.793 300.731 430.076 396.211
22000000 -50.526 478.901 301.429 428.375 398.381
22100000 -60.445 478.636 301.262 418.191 398.067
22200000 -43.4734 474.264 298.51 430.79 398.876
22300000 -46.7547 477.074 300.278 430.319 399.255
22400000 -42.0113 480.582 302.486 438.57 400.466
22500000 -56.5679 468.243 294.72 411.675 399.919
22600000 -43.7192 481.192 302.87 437.473 400.655
22700000 -41.5029 475.596 299.348 434.093 399.844
22800000 -45.1293 481.511 303.071 436.382 400.117
22900000 -43.2681 476.636 300.003 433.368 399.859
23000000 -47.9098 474.566 298.7 426.656 401.455
23100000 -46.9164 482.594 303.753 435.678 400.737
23200000 -31.8442 469.734 295.658 437.89 401.398
23300000 -39.8835 468.537 294.905 428.653 403.66
23400000 -53.3217 478.67 301.283 425.349 405.03
23500000 -49.0849 470.244 295.98 421.159 405.555
23600000 -52.0705 471.993 297.08 419.922 406.167
23700000 -50.8862 480.19 302.24 429.304 405.376
23800000 -41.8424 471.48 296.757 429.637 404.466
23900000 -43.1394 475.821 299.49 432.681 406.844
24000000 -42.0767 475.966 299.581 433.889 409.993
24100000 -34.7144 477.028 300.249 442.313 412.077
24200000 -40.3692 470.279 296.002 429.91 412.893
24300000 -43.7876 472.212 297.218 428.425 412.889
24400000 -32.1815 473.119 297.789 440.938 415.099
24500000 -38.8158 468.548 294.912 429.732 415.02
24600000 -30.5984 484.948 305.234 454.349 415.049
24700000 -39.1302 486.584 306.264 447.454 415.114
24800000 -36.5962 471.328 296.662 434.732 414.305
24900000 -29.5674 471.724 296.911 442.157 414.432
25000000 -36.4112 471.487 296.762 435.076 414.934
25100000 -40.67 476.391 299.849 435.721 416.015
25200000 -36.6233 465.327 292.885 428.704 417.117
25300000 -19.5392 478.975 301.475 459.435 414.532
25400000 -28.0705 475.219 299.111 447.148 414.979
25500000 -34.9995 471.421 296.72 436.421 414.788
25600000 -35.9832 476.219 299.74 440.235 414.108
25700000 -47.4869 479.741 301.957 432.254 416.669
25800000 -31.4976 474.916 298.92 443.418 419.42
25900000 -40.8924 469.917 295.774 429.025 421.54
26000000 -40.7342 470.074 295.873 429.34 423.447
26100000 -65.1101 482.996 304.006 417.886 425.037
26200000 -56.6102 471.816 296.969 415.205 424.466
26300000 -59.9449 478.567 301.218 418.622 427.237
26400000 -63.3326 459.648 289.31 396.315 426.681
26500000 -61.0291 482.256 303.54 421.226 425.378
26600000 -69.8768 479.739 301.956 409.862 425.66
26700000 -71.4225 473.704 298.157 402.282 425.512
26800000 -82.2795 477.41 300.49 395.13 423.325
26900000 -70.0165 469.592 295.569 399.575 422.269
27000000 -67.1471 478.964 301.468 411.817 422.988
27100000 -65.8695 466.581 293.674 400.711 420.798
27200000 -43.9661 479.483 301.795 435.517 419.918
27300000 -70.3777 479.981 302.108 409.604 419.74
27400000 -63.2566 477.588 300.602 414.332 419.869
27500000 -49.0367 483.168 304.114 434.131 422.523
27600000 -77.6434 477.847 300.765 400.204 423.874
27700000 -78.3614 470.655 296.239 392.294 423.413
27800000 -63.2154 476.36 299.829 413.145 424.368
27900000 -62.6997 468.246 294.722 405.546 424.807
28000000 -56.7448 477.059 300.269 420.314 424.888
28100000 -54.6831 471.455 296.742 416.771 425.794
28200000 -41.8863 476.425 299.87 434.539 427.373
28300000 -30.0388 476.837 300.13 446.799 427.34
28400000 -35.8306 476.302 299.792 440.471 427.558
28500000 -41.2433 480.715 302.57 439.472 428.106
28600000 -48.6157 474.496 298.656 425.88 428.733
28700000 -53.0687 465.208 292.81 412.139 427.885
28800000 -57.6118 479.51 301.812 421.899 426.805
28900000 -55.975 478.937 301.451 422.962 426.788
29000000 -64.3804 481.221 302.889 416.84 428.56
29100000 -62.9909 470.821 296.343 407.83 428.376
29200000 -70.3384 469.381 295.436 399.042 427.231
29300000 -55.8703 473.811 298.225 417.941 426.339
29400000 -64.0441 473.901 298.281 409.857 424.82
29500000 -59.5484 479.265 301.657 419.716 425.214
29600000 -50.2596 471.758 296.933 421.499 424.569
29700000 -63.1709 475.268 299.142 412.097 426.278
29800000 -62.471 474.875 298.895 412.404 427.048
29900000 -73.5234 479.889 302.051 406.366 424.785
30000000 -63.8147 478.896 301.425 415.081 423.507
30100000 -66.9549 472.197 297.209 405.242 424.19
30200000 -52.5833 478.295 301.047 425.711 426.117
30300000 -34.4409 485.971 305.878 451.53 424.911
30400000 -75.3086 486.395 306.145 411.086 426.246
30500000 -63.3642 479.877 302.043 416.512 424.974
30600000 -60.3926 475.678 299.4 415.285 425.819
30700000 -37.294 468.389 294.812 431.095 428.092
30800000 -56.9339 479.252 301.649 422.318 429.452
30900000 -73.1237 474.553 298.692 401.43 429.319
31000000 -89.7587 469.759 295.674 380 427.474
31100000 -77.6581 470.785 296.32 393.127 427.194
31200000 -69.2945 475.391 299.219 406.096 425.717
31300000 -80.5818 483.836 304.535 403.254 426.216
31400000 -95.9966 481.677 303.176 385.68 426.594
31500000 -89.1717 480.261 302.284 391.089 425.165
31600000 -90.9194 469.089 295.253 378.17 423.996
31700000 -96.4389 482.623 303.771 386.184 423.331
31800000 -74.4589 481.79 303.247 407.332 422.822
31900000 -81.0834 470.585 296.194 389.502 423.734
32000000 -90.9382 478.111 300.931 387.173 424.513
32100000 -75.0342 472.975 297.698 397.941 423.696
32200000 -82.5952 473 297.714 390.404 423.244
32300000 -83.1773 468.75 295.039 385.572 423.348
32400000 -84.9147 478.051 300.893 393.136 420.905
32500000 -90.058 475.727 299.43 385.669 419.885
32600000 -70.4427 482.435 303.653 411.992 418.751
32700000 -57.6658 480.131 302.202 422.465 420.541
32800000 -73.1527 465.983 293.297 392.83 420.174
32900000 -53.3214 474.645 298.75 421.324 419.876
33000000 -53.6394 474.161 298.445 420.521 419.539
33100000 -56.6328 467.637 294.339 411.004 419.807
33200000 -26.7176 473.637 298.116 446.92 418.378
33300000 -41.4821 471.285 296.635 429.802 418.197
33400000 -56.8373 485.464 305.559 428.626 419.19
33500000 -31.0572 474.864 298.888 443.807 420.476
33600000 -52.8606 481.083 302.802 428.222 421.748
33700000 -54.2103 476.777 300.092 422.567 420.471
33800000 -38.4366 483.103 304.073 444.667 420.532
33900000 -40.4968 476.136 299.688 435.639 422.376
34000000 -43.6915 478.548 301.206 434.857 421.469
34100000 -42.99 470.387 296.07 427.397 420.277
34200000 -27.7225 476.527 299.934 448.804 419.492
34300000 -17.5148 472.158 297.184 454.643 419.858
34400000 -29.7578 476.546 299.946 446.788 420.624
34500000 -35.6102 474.785 298.838 439.175 420.895
34600000 -25.8856 481.321 302.952 455.436 422.727
34700000 -23.6802 479.128 301.571 455.448 422.545
34800000 -32.5787 477.275 300.405 444.696 422.517
34900000 -34.4335 474.866 298.889 440.433 422.35
35000000 -27.4177 486.663 306.314 459.245 421.176
35100000 -15.1237 477.146 300.324 462.022 419.732
35200000 -21.3342 480.209 302.251 458.874 420.328
35300000 -38.1813 486.106 305.963 447.925 420.791
35400000 -35.7301 476.618 299.991 440.888 422.595
35500000 -23.498 484.074 304.684 460.576 425.021
35600000 -31.8268 471.686 296.887 439.859 423.952
35700000 -29.3076 474.062 298.383 444.755 422.598
35800000 -30.632 474.414 298.604 443.782 421.452
35900000 -23.4537 473.188 297.833 449.735 422.126
36000000 -3.43288 479.382 301.731 475.949 423.5
36100000 -38.398 482.547 303.723 444.149 424.251
36200000 -38.258 477.043 300.259 438.785 425.718
36300000 -43.9342 474.601 298.722 430.666 424.857
36400000 -38.4153 488.74 307.621 450.325 425.617
36500000 -42.9278 485.813 305.779 442.885 427.225
36600000 -32.1115 480.068 302.163 447.957 426.027
36700000 -17.9846 476.437 299.878 458.453 424.344
36800000 -31.0037 476.121 299.678 445.117 426.808
36900000 -30.1003 481.597 303.125 451.497 425.809
37000000 -19.2585 480.592 302.493 461.333 424.674
37100000 -18.8207 476.919 300.181 458.099 424.949
37200000 -20.0961 482.103 303.444 462.007 425.863
37300000 -33.0762 482.075 303.426 448.999 426.402
37400000 -28.8152 477.841 300.761 449.026 427.346
37500000 -45.0834 478.338 301.074 433.254 427.389
37600000 -42.9063 473.654 298.126 430.748 426.631
37700000 -46.7171 490.201 308.541 443.484 427.206
37800000 -48.8873 478.128 300.942 429.241 427.348
37900000 -53.3585 475.103 299.038 421.744 426.235
38000000 -59.9864 473.766 298.196 413.779 426.181
38100000 -64.7422 469.41 295.455 404.668 427.032
38200000 -42.6526 481.527 303.081 438.874 428.6
38300000 -60.3836 476.437 299.877 416.053 428.157
38400000 -64.9635 484.775 305.126 419.811 429.456
38500000 -67.9405 481.71 303.196 413.77 427.749
38600000 -68.9804 477.044 300.26 408.064 426.778
38700000 -67.194 479.995 302.117 412.801 426.091
38800000 -67.0959 473.351 297.935 406.255 424.765
38900000 -55.9492 481.075 302.797 425.125 424.752
39000000 -57.2016 480.258 302.282 423.056 424.501
39100000 -55.3769 472.276 297.258 416.899 425.555
39200000 -49.1988 471.903 297.024 422.704 427.952
39300000 -65.8726 483.166 304.113 417.293 428.864
39400000 -49.0076 473.092 297.772 424.084 429.831
39500000 -53.4164 481.295 302.935 427.878 431.034
39600000 -61.9094 470.86 296.367 408.951 431.986
39700000 -91.6887 469.324 295.401 377.636 434.349
39800000 -75.3484 482.027 303.396 406.679 434.302
39900000 -66.5071 471.385 296.698 404.878 433.556
40000000 -65.234 473.801 298.218 408.567 433.493
40100000 -62.57 483.053 304.042 420.483 434.023
40200000 -61.8928 478.93 301.447 417.037 434.555
40300000 -63.7799 465.555 293.028 401.775 434.804
40400000 -48.4856 476.197 299.726 427.711 434.018
40500000 -45.9795 472.272 297.256 426.292 434.32
40600000 -53.1386 477.431 300.503 424.293 434.482
40700000 -40.9884 476.985 300.223 435.997 435.801
40800000 -57.3203 473.304 297.906 415.984 436.182
40900000 -48.3521 483.519 304.335 435.167 436.123
41000000 -50.263 475.877 299.525 425.614 437.147
41100000 -28.4197 472.197 297.209 443.778 437.769
41200000 -1.01025 487.486 306.832 486.476 440.248
41300000 -17.1898 481.805 303.256 464.615 441.341
41400000 -40.1181 479.251 301.649 439.133 441.094
41500000 -44.6439 482.135 303.464 437.491 442.418
41600000 -52.8784 474.21 298.476 421.332 443.58
41700000 -48.8302 489.459 308.074 440.629 443.469
41800000 -44.858 475.591 299.345 430.733 445.442
41900000 -43.2286 464.681 292.478 421.452 444.518
42000000 -72.5905 466.604 293.688 394.013 445.538
42100000 -57.5706 484.207 304.768 426.636 445.296
42200000 -55.1422 482.639 303.781 427.497 445.134
42300000 -68.1581 468.938 295.157 400.78 446.075
42400000 -40.1506 487.502 306.842 447.351 445.778
42500000 -52.4565 473.876 298.265 421.419 447.608
42600000 -57.6904 468.342 294.782 410.651 449.11
42700000 -47.0273 475.253 299.132 428.226 450.992
42800000 -51.9311 468.616 294.955 416.685 451.866
42900000 -53.0348 483.566 304.365 430.531 451.099
43000000 -55.3415 489.631 308.182 434.29 449.95
43100000 -35.6452 481.249 302.906 445.603 450.989
43200000 -43.9181 487.999 307.155 444.081 452.112
43300000 -37.6371 476.875 300.153 439.238 452.67
43400000 -31.3221 471.99 297.079 440.668 452.149
43500000 -50.4913 465.938 293.269 415.446 450.44
43600000 -25.4605 481.788 303.245 456.327 448.655
43700000 -31.9669 476.732 300.064 444.766 449.07
43800000 -20.2482 464.891 292.61 444.643 448.375
43900000 -41.8924 479.591 301.863 437.698 449.14
44000000 -49.592 487.955 307.127 438.363 449.437
44100000 -52.7145 474.129 298.425 421.414 450.146
44200000 -55.7861 478.54 301.201 422.754 449.709
44300000 -60.3384 469.202 295.324 408.863 451.112
44400000 -56.4288 474.214 298.479 417.786 453.893
44500000 -67.9843 475.512 299.296 407.528 451.804
44600000 -83.6772 472.609 297.468 388.931 449.831
44700000 -80.4093 482.086 303.433 401.677 450.079
44800000 -63.8492 480.266 302.288 416.417 450.288
44900000 -45.0704 482.328 303.585 437.257 449.562
45000000 -39.8904 465.521 293.007 425.631 450.098
45100000 -64.1296 476.129 299.684 411.999 450.735
45200000 -55.5532 466.915 293.884 411.362 453.6
45300000 -79.344 470.393 296.073 391.049 454.458
45400000 -81.9586 479.895 302.054 397.937 455.068
45500000 -92.7915 483.594 304.382 390.803 456.56
45600000 -95.4769 473.753 298.188 378.276 458.857
45700000 -78.3498 478.118 300.936 399.768 459.011
45800000 -85.5855 472.087 297.14 386.502 458.133
45900000 -95.8099 472.063 297.124 376.253 457.123
46000000 -94.1851 480.211 302.253 386.026 457.592
46100000 -93.0031 492.103 309.738 399.099 455.779
46200000 -84.9213 478.213 300.995 393.292 454.576
46300000 -80.0627 477.777 300.721 397.714 451.804
46400000 -89.6288 483.708 304.454 394.079 452.559
46500000 -83.2962 470.029 295.844 386.733 452.563
46600000 -94.1604 477.292 300.416 383.131 451.445
46700000 -88.2341 476.335 299.813 388.101 450.621
46800000 -93.7791 471.32 296.657 377.541 450.544
46900000 -75.2549 477.894 300.795 402.639 451.456
47000000 -82.2708 483.741 304.475 401.47 452.897
47100000 -82.7926 478.431 301.133 395.639 453.598
47200000 -93.2712 481.031 302.769 387.76 454.194
47300000 -92.9764 476.451 299.886 383.475 455.685
47400000 -75.9828 476.232 299.748 400.249 455.261
47500000 -80.5399 473.829 298.236 393.29 454.96
47600000 -78.6175 477.976 300.846 399.358 455.11
47700000 -76.2891 479.528 301.823 403.239 456.744
47800000 -66.7611 483.925 304.591 417.164 459.258
47900000 -70.5679 480.606 302.502 410.039 460.036
48000000 -71.5016 489.029 307.803 417.528 461.069
48100000 -67.2657 481.608 303.132 414.343 461.783
48200000 -64.1201 481.176 302.86 417.055 462.952
48300000 -56.0234 474.751 298.816 418.727 463.618
48400000 -70.4062 471.657 296.869 401.251 462.536
48500000 -64.4197 480.92 302.699 416.5 463.6
48600000 -65.4942 485.364 305.496 419.869 463.786
48700000 -77.9006 482.966 303.987 405.065 462.763
48800000 -69.1142 486.661 306.313 417.547 463.435
48900000 -65.7039 474.217 298.48 408.513 464.091
49000000 -56.2927 484.598 305.014 428.306 464.752
49100000 -57.7913 488.797 307.657 431.005 463.939
49200000 -59.1228 468.766 295.049 409.643 464.943
49300000 -71.4446 472.897 297.649 401.453 466.484
49400000 -70.0394 478.859 301.402 408.819 467.573
49500000 -62.7506 468.4 294.819 405.65 470.569
49600000 -62.9048 468.387 294.811 405.482 471.995
49700000 -71.7518 481.078 302.799 409.326 473.798
49800000 -84.0759 475.641 299.377 391.565 475.246
49900000 -82.0283 471.642 296.859 389.613 475.232
50000000 -90.6892 480.225 302.262 389.536 476.994
50100000 -78.6522 478.153 300.958 399.501 476.488
50200000 -65.4539 478.042 300.888 412.589 477.332
50300000 -74.4496 472.859 297.625 398.409 477.084
50400000 -70.4148 477.547 300.576 407.132 476.68
50500000 -88.019 469.743 295.664 381.724 478.657
50600000 -89.6124 474.875 298.895 385.263 478.789
50700000 -67.5041 475.517 299.299 408.013 479.122
50800000 -73.362 474.95 298.941 401.588 481.848
50900000 -70.2372 475.404 299.227 405.166 483.227
51000000 -70.6966 480.783 302.613 410.086 480.899
51100000 -63.6858 475.735 299.435 412.049 479.319
51200000 -88.9121 484.787 305.133 395.875 478.485
51300000 -88.6012 473.395 297.963 384.794 478.461
51400000 -73.9245 479.606 301.872 405.682 479.26
51500000 -50.212 470.887 296.384 420.675 481.061
51600000 -63.7033 473.335 297.925 409.631 481.357
51700000 -55.5683 468.487 294.874 412.919 481.602
51800000 -63.439 465.885 293.236 402.446 480.867
51900000 -74.2838 478.134 300.946 403.85 480.667
52000000 -73.0516 478.743 301.329 405.691 480.14
52100000 -96.9671 479.614 301.877 382.647 480.757
52200000 -87.8462 465.752 293.152 377.906 481.246
52300000 -89.1947 485.961 305.872 396.766 479.905
52400000 -106.821 464.44 292.327 357.619 479.836
52500000 -101.464 484.156 304.736 382.692 480.658
52600000 -106.966 474.029 298.362 367.063 479.503
52700000 -104.435 472.967 297.693 368.532 477.465
52800000 -107.24 483.744 304.477 376.504 476.302
52900000 -101.292 473.33 297.922 372.038 476.153
53000000 -120.853 472.741 297.552 351.889 475.593
53100000 -116.783 488.555 307.505 371.772 474.149
53200000 -106.856 482.623 303.771 375.767 474.085
53300000 -104.231 478.906 301.431 374.675 475.458
53400000 -111.838 469.211 295.329 357.373 476.745
53500000 -111.308 474.709 298.79 363.401 476.427
53600000 -114.992 476.607 299.985 361.615 473.511
53700000 -110.531 488.791 307.654 378.261 473.789
53800000 -106.341 478.039 300.886 371.698 473.616
53900000 -102.266 470.95 296.424 368.685 474.619
54000000 -99.1869 475.804 299.479 376.617 474.476
54100000 -99.1805 470.761 296.305 371.58 473.455
54200000 -113.766 479.14 301.579 365.374 473.98
54300000 -110.652 482.328 303.585 371.676 474.681
54400000 -90.6991 476.51 299.923 385.81 476.62
54500000 -103.679 485.308 305.461 381.63 478.253
54600000 -106.864 476.331 299.811 369.467 480.625
54700000 -101.684 486.394 306.144 384.709 482.469
54800000 -90.7946 483.084 304.061 392.289 481.593
54900000 -111.044 486.169 306.003 375.125 482.961
55000000 -98.2695 485.089 305.323 386.82 483.736
55100000 -108.717 487.108 306.594 378.39 484.278
55200000 -113.325 475.716 299.424 362.391 485.928
55300000 -101.082 473.858 298.255 372.777 483.976
55400000 -91.1815 475.766 299.455 384.585 480.883
55500000 -93.1049 484.886 305.195 391.781 479.441
55600000 -82.2626 472.505 297.402 390.242 477.211
55700000 -94.7212 474.733 298.805 380.011 475.348
55800000 -84.2648 478.156 300.959 393.891 476.013
55900000 -89.0864 471.481 296.758 382.395 477.025
56000000 -82.0584 483.568 304.366 401.51 476.114
56100000 -86.6913 478.711 301.309 392.02 477.626
56200000 -91.5474 477.157 300.331 385.61 478.757
56300000 -85.5589 484.863 305.181 399.305 479.13
56400000 -80.9359 482.561 303.732 401.625 480.272
56500000 -96.2837 481.179 302.863 384.896 479.474
56600000 -79.2868 467.067 293.98 387.78 481.842
56700000 -78.2744 480.765 302.602 402.491 481.556
56800000 -80.4776 471.017 296.466 390.54 481.211
56900000 -83.1935 479.447 301.772 396.254 482.03
57000000 -90.048 475.454 299.259 385.406 483.063
57100000 -64.7071 473.774 298.202 409.067 482.433
57200000 -80.8101 478.243 301.014 397.433 482.622
57300000 -103.324 481.52 303.077 378.196 482.371
57400000 -77.0494 474.531 298.678 397.482 481.69
57500000 -76.104 477.997 300.86 401.893 479.991
57600000 -60.632 478.907 301.432 418.275 480.164
57700000 -74.0321 471.266 296.623 397.234 479.626
57800000 -72.7868 488.89 307.716 416.103 478.85
57900000 -76.5158 475.907 299.544 399.392 478.222
58000000 -93.6773 475.19 299.093 381.513 477.723
58100000 -100.052 473.462 298.005 373.41 476.735
58200000 -104.969 471.153 296.552 366.184 478.597
58300000 -107.801 471.959 297.059 364.158 479.532
58400000 -89.683 478.727 301.319 389.044 479.33
58500000 -87.6483 478.164 300.965 390.516 479.477
58600000 -91.77 477.909 300.804 386.139 480.303
58700000 -87.4598 473.194 297.837 385.735 481.376
58800000 -87.5843 465.404 292.933 377.82 481.445
58900000 -91.6712 477.232 300.378 385.56 482.83
59000000 -90.3953 479.006 301.494 388.61 483.486
59100000 -91.5626 479.608 301.874 388.046 485.602
59200000 -80.7728 478.84 301.39 398.067 487.381
59300000 -79.9605 489.831 308.308 409.87 487.237
59400000 -72.6707 479.611 301.876 406.941 484.553
59500000 -109.823 479.653 301.902 369.83 483.443
59600000 -108.502 477.894 300.794 369.392 484.515
59700000 -107.477 476.771 300.088 369.294 483.367
59800000 -98.1529 480.468 302.414 382.315 483.414
59900000 -107.109 470.079 295.876 362.971 482.309
60000000 -113.381 474.364 298.573 360.982 484.882
60100000 -121.005 472.655 297.497 351.65 488.748
60200000 -108.473 468.502 294.883 360.029 493.862
60300000 -128.764 486.119 305.972 357.355 497.696
60400000 -121.458 467.847 294.471 346.389 500.156
60500000 -113.179 482.888 303.938 369.709 499.982
60600000 -118.36 483.378 304.247 365.019 499.358
60700000 -134.833 484.256 304.799 349.423 501.18
60800000 -142.854 471.075 296.503 328.221 500.824
60900000 -140.532 471.973 297.068 331.441 500.591
61000000 -127.45 473.806 298.221 346.356 499.706
61100000 -117.384 467.541 294.278 350.156 499.791
61200000 -145.086 465.335 292.89 320.249 500.557
61300000 -132.886 469.229 295.341 336.343 500.584
61400000 -138.641 476.679 300.03 338.038 499.614
61500000 -148.912 471.225 296.597 322.314 498.202
61600000 -128.271 483.374 304.244 355.103 498.046
61700000 -132.343 481.381 302.989 349.038 499.559
61800000 -135.496 477.211 300.365 341.716 500.833
61900000 -136.912 473.814 298.227 336.902 502.348
62000000 -136.369 476.982 300.22 340.613 501.392
62100000 -143.031 476.392 299.849 333.361 499.563
62200000 -144.475 478.085 300.915 333.61 499.194
62300000 -131.623 485.18 305.38 353.556 499.916
62400000 -146.97 478.117 300.935 331.147 498.905
62500000 -141.443 481.963 303.355 340.519 495.343
62600000 -144.749 480.636 302.521 335.888 494.739
62700000 -150.079 480.797 302.622 330.718 495.566
62800000 -155.686 479.163 301.593 323.477 496.717
62900000 -143.85 478.914 301.437 335.064 497.925
63000000 -152.903 475.628 299.369 322.725 500.231
63100000 -144.549 478.767 301.344 334.218 502.114
63200000 -160.846 472.281 297.262 311.435 502.053
63300000 -149.943 469.597 295.572 319.654 501.713
63400000 -147.375 477.156 300.33 329.781 502.442
63500000 -153.013 475.544 299.315 322.531 502.249
63600000 -137.371 478.008 300.867 340.637 500.901
63700000 -126.48 468.037 294.59 341.557 502.277
63800000 -148.978 481.082 302.801 332.104 501.284
63900000 -156.628 478.325 301.066 321.698 501.853
64000000 -114.891 478.684 301.292 363.792 503.562
64100000 -143.372 477.48 300.534 334.108 504.991
64200000 -141.891 473.46 298.004 331.569 502.581
64300000 -149.673 477.524 300.562 327.851 501.103
64400000 -164.124 476.206 299.732 312.083 500.479
64500000 -130.747 472.235 297.233 341.488 501.14
64600000 -142.127 481.931 303.336 339.804 501.187
64700000 -133.022 475.66 299.389 342.638 500.708
64800000 -147.799 477.97 300.843 330.171 501.953
64900000 -125.914 485.989 305.89 360.075 501.721
65000000 -143.982 477.708 300.678 333.726 500.482
65100000 -120.978 473.819 298.23 352.841 500.122
65200000 -143.646 478.045 300.89 334.399 498.82
65300000 -126.755 471.273 296.627 344.518 498.026
65400000 -152.623 482.092 303.437 329.47 498.011
65500000 -129.534 469.348 295.416 339.814 497.087
65600000 -131.321 471.256 296.616 339.935 497.525
65700000 -151.549 477.23 300.377 325.681 496.915
65800000 -133.946 482.329 303.586 348.383 497.059
65900000 -140.026 473.947 298.31 333.921 497.015
66000000 -148.177 488.187 307.273 340.01 495.549
66100000 -142.109 471.694 296.892 329.585 496.512
66200000 -172.537 488.566 307.512 316.03 497.361
66300000 -161.956 474.039 298.368 312.083 497.921
66400000 -167.558 473.84 298.243 306.282 499.427
66500000 -164.003 472.152 297.18 308.148 499.135
66600000 -151.622 480.77 302.605 329.148 498.784
66700000 -165.806 477.813 300.744 312.007 498.116
66800000 -163.454 482.367 303.61 318.913 497.159
66900000 -167.916 474.332 298.553 306.416 495.59
67000000 -151.826 479.19 301.611 327.365 494.611
67100000 -162.952 485.585 305.635 322.633 496.426
67200000 -169.334 472.997 297.712 303.662 494.882
67300000 -147.234 471.519 296.782 324.286 493.883
67400000 -167.106 473.69 298.149 306.584 493.476
67500000 -154.742 478.299 301.05 323.557 493.509
67600000 -164.6 477.251 300.39 312.651 493.416
67700000 -147.396 476.309 299.797 328.913 493.413
67800000 -136.822 472.071 297.13 335.249 490.752
67900000 -136.285 473.69 298.148 337.404 490.534
68000000 -139.89 470.439 296.102 330.549 491.192
68100000 -144.412 489.751 308.257 345.339 492.78
68200000 -118.972 473.221 297.853 354.249 495.285
68300000 -150.263 469.192 295.317 318.929 496.723
68400000 -136.821 473.988 298.336 337.167 497.381
68500000 -143.455 483.461 304.299 340.006 496.102
68600000 -137.159 466.382 293.549 329.223 497.18
68700000 -147.114 477.428 300.501 330.314 496.267
68800000 -144.847 475.591 299.345 330.744 496.54
68900000 -145.902 473.192 297.835 327.29 495.692
69000000 -142.645 485.472 305.564 342.827 494.707
69100000 -143.716 463.328 291.627 319.612 494.848
69200000 -149.565 487.82 307.042 338.254 496.01
69300000 -140.865 479.732 301.951 338.867 495.348
69400000 -137.831 477.81 300.742 339.979 494.213
69500000 -124.194 483.73 304.468 359.535 493.369
69600000 -126.051 477.515 300.556 351.464 493.23
69700000 -125.045 471.63 296.852 346.585 494.695
69800000 -136.491 475.418 299.236 338.927 495.485
69900000 -144.225 482.917 303.956 338.692 495.324
70000000 -135.901 471.805 296.962 335.904 494.605
70100000 -135.518 483.44 304.286 347.922 495.746
70200000 -135.982 474.135 298.429 338.153 496.927
70300000 -146.356 474.785 298.838 328.429 496.062
70400000 -131.052 481.902 303.317 350.85 495.932
70500000 -148.543 471.585 296.824 323.042 496.639
70600000 -147.733 480.488 302.427 332.755 496.128
70700000 -154.601 477.884 300.788 323.283 496.594
70800000 -149.773 486.534 306.233 336.761 495.743
70900000 -145.024 483.78 304.5 338.757 494.252
71000000 -155.455 464.154 292.146 308.699 494.596
71100000 -158.695 478.052 300.894 319.357 494.686
71200000 -135.342 488.121 307.232 352.779 492.41
71300000 -147.65 473.931 298.3 326.281 490.892
71400000 -150.48 478.513 301.184 328.034 491.413
71500000 -161.595 475.417 299.235 313.821 492.414
71600000 -146.405 474.639 298.746 328.234 493.209
71700000 -161.51 475.186 299.09 313.677 492.433
71800000 -153.653 478.368 301.093 324.715 493.315
71900000 -146.73 480.845 302.652 334.115 494.503
72000000 -139.035 474.792 298.842 335.757 495.613
72100000 -138.018 475.147 299.066 337.13 495.479
72200000 -137.157 472.352 297.306 335.195 495.106
72300000 -129.998 468.757 295.044 338.76 496.341
72400000 -154.261 473.833 298.239 319.572 495.327
72500000 -145.499 479.459 301.779 333.96 495.147
72600000 -141.026 481.54 303.089 340.514 494.368
72700000 -171.414 475.423 299.239 304.009 495.168
72800000 -145.154 480.857 302.659 335.703 493.62
72900000 -164.014 476.404 299.857 312.39 491.842
73000000 -155.893 481.571 303.109 325.678 491.308
73100000 -160.937 469.739 295.662 308.802 491.773
73200000 -159.504 479.444 301.77 319.94 492.035
73300000 -138.508 470.297 296.013 331.789 492.806
73400000 -156.276 483.266 304.176 326.99 491.654
73500000 -150.219 468.7 295.008 318.482 490.875
73600000 -152.836 468.538 294.906 315.702 493.689
73700000 -119.126 476.544 299.945 357.418 493.16
73800000 -131.931 483.326 304.213 351.395 493.291
73900000 -142.222 479.58 301.856 337.358 494.056
74000000 -113.049 477.116 300.305 364.067 494.806
74100000 -129.127 477.497 300.545 348.369 495.197
74200000 -126.704 476.673 300.026 349.969 496.295
74300000 -121.14 485.815 305.78 364.675 498.186
74400000 -121.143 472.513 297.408 351.37 499.714
74500000 -116.027 489.329 307.992 373.302 501.203
74600000 -111.189 471.393 296.703 360.204 501.273
74700000 -107.125 478.962 301.467 371.836 501.695
74800000 -132.169 477.092 300.29 344.923 502.034
74900000 -130.307 476.988 300.224 346.681 502.765
75000000 -122.91 471.426 296.724 348.516 503.645
75100000 -147.22 481.253 302.909 334.033 504.509
75200000 -143.891 476.844 300.134 332.952 506.132
75300000 -151.063 474.008 298.348 322.945 506.787
75400000 -145.456 474.314 298.541 328.858 507.083
75500000 -145.103 478.924 301.443 333.821 509.731
75600000 -147.788 474.281 298.521 326.493 509.873
75700000 -155.69 478.516 301.186 322.827 510.627
75800000 -146.806 473.715 298.164 326.909 510.55
75900000 -136.249 475.654 299.385 339.405 510.914
76000000 -151.106 478.978 301.477 327.872 510.459
76100000 -152.886 475.243 299.126 322.357 510.347
76200000 -146.365 486.428 306.166 340.063 512.458
76300000 -145.576 482.337 303.591 336.761 514.129
76400000 -140.409 473.735 298.177 333.326 514.028
76500000 -137.74 478.73 301.321 340.991 513.237
76600000 -145.195 466.988 293.93 321.794 514.716
76700000 -140.46 478.562 301.215 338.101 516.808
76800000 -114.629 477.887 300.79 363.258 517.382
76900000 -124.161 474.377 298.581 350.217 515.657
77000000 -133.98 474.438 298.619 340.458 513.907
77100000 -139.529 490.944 309.009 351.415 512.927
77200000 -146.056 474.248 298.5 328.191 512.647
77300000 -134.811 472.168 297.19 337.357 511.03
77400000 -123.79 478.304 301.053 354.514 511.664
77500000 -136.277 479.58 301.856 343.303 512.896
77600000 -131.077 485.795 305.768 354.718 513.746
77700000 -144.413 485.563 305.622 341.151 515.023
77800000 -140.831 479.366 301.721 338.534 516.24
77900000 -146.208 472.01 297.091 325.801 519.253
78000000 -150.986 477.105 300.298 326.119 521.314
78100000 -151.619 476.749 300.074 325.13 523.748
78200000 -160.539 473.847 298.247 313.308 525.329
78300000 -164.635 470.783 296.319 306.147 526.016
78400000 -143.032 468.276 294.741 325.244 525.229
78500000 -153.063 475.163 299.075 322.1 524.63
78600000 -144.879 465.717 293.13 320.838 525.545
78700000 -141.432 469.078 295.246 327.646 524.982
78800000 -140.952 467.003 293.939 326.051 525.996
78900000 -152.707 487.004 306.529 334.297 525.483
79000000 -135.262 469.273 295.368 334.011 526.877
79100000 -137.968 475.903 299.542 337.935 527.774
79200000 -137.792 476.094 299.662 338.303 527.16
79300000 -148.047 479.215 301.626 331.168 523.26
79400000 -152.804 486.672 306.32 333.867 520.611
79500000 -123.911 480.545 302.463 356.634 520.914
79600000 -132.353 473.776 298.203 341.424 521.804
79700000 -123.1 475.75 299.445 352.651 522.558
79800000 -133.041 478.316 301.06 345.275 522.07
79900000 -139.077 472.684 297.516 333.607 521.431
80000000 -134.644 476.287 299.783 341.642 522.161
80100000 -141.533 479.305 301.683 337.772 522.058
80200000 -151.48 470.975 296.44 319.495 521.902
80300000 -159.473 483.34 304.222 323.866 521.929
80400000 -162.234 479.587 301.86 317.353 521.445
80500000 -146.914 476.064 299.643 329.15 522.039
80600000 -147.91 473.877 298.266 325.967 524.044
80700000 -144.235 483.001 304.009 338.766 526.198
80800000 -150.48 474.724 298.799 324.244 528.319
80900000 -140.902 484.802 305.143 343.9 530.668
81000000 -145.07 471.121 296.532 326.051 529.82
81100000 -143.1 479.202 301.618 336.102 530.35
81200000 -149.346 478.245 301.016 328.9 529.669
81300000 -140.091 466.473 293.606 326.382 531.207
81400000 -131.559 485.624 305.66 354.065 532.296
81500000 -142.746 476.16 299.703 333.415 532.838
81600000 -136.478 471.631 296.852 335.153 534.759
81700000 -138.972 473.908 298.286 334.936 534.937
81800000 -143.035 477.543 300.574 334.508 533.972
81900000 -138.036 472.227 297.228 334.192 535.588
82000000 -146.992 477.117 300.306 330.125 537.77
82100000 -137.834 466.332 293.517 328.498 536.916
82200000 -124.68 470.352 296.048 345.672 538.707
82300000 -122.845 476.308 299.796 353.462 539.945
82400000 -133.56 475.095 299.033 341.535 542.38
82500000 -149.534 478.53 301.195 328.996 544.465
82600000 -123.723 477.068 300.275 353.345 546.138
82700000 -161.639 476.851 300.138 315.212 547.095
82800000 -158.158 477.395 300.481 319.237 545.852
82900000 -141.531 471.889 297.015 330.358 545.834
83000000 -149.877 470.745 296.295 320.868 545.619
83100000 -141.07 477.466 300.525 336.395 544.206
83200000 -145.535 473.064 297.754 327.529 543.297
83300000 -131.548 479.384 301.733 347.836 545.089
83400000 -126.576 468.751 295.04 342.175 544.139
83500000 -143.06 478.275 301.034 335.214 544.039
83600000 -139.278 472.895 297.648 333.617 543.788
83700000 -154.464 482.675 303.804 328.21 543.752
83800000 -147.53 467.831 294.461 320.301 543.063
83900000 -158.363 471.404 296.71 313.041 544.535
84000000 -142.569 476.97 300.213 334.401 545.675
84100000 -113.182 481.737 303.214 368.555 545.223
84200000 -132.242 465.034 292.7 332.792 544.617
84300000 -155.939 472.521 297.413 316.582 544.311
84400000 -136.112 472.207 297.215 336.095 544.687
84500000 -125.771 471.933 297.042 346.161 544.33
84600000 -149.67 477.7 300.672 328.03 545.448
84700000 -138.178 474.548 298.689 336.371 545.108
84800000 -113.096 484.931 305.224 371.835 545.471
84900000 -128.637 481.945 303.344 353.308 546.593
85000000 -110.885 477.227 300.375 366.343 546.54
85100000 -118.497 485.452 305.552 366.955 546.148
85200000 -135.35 472.016 297.095 336.666 545.725
85300000 -116.265 465.824 293.198 349.559 545.425
85400000 -145.267 480.754 302.595 335.487 545.431
85500000 -162.817 470.287 296.007 307.47 546.405
85600000 -159.821 464.71 292.497 304.89 548.376
85700000 -151.461 475.301 299.163 323.84 548.371
85800000 -141.518 474.729 298.803 333.211 549.709
85900000 -153.258 480.548 302.465 327.291 551.424
86000000 -149.017 474.845 298.876 325.828 550.918
86100000 -138.165 472.499 297.399 334.335 550.64
86200000 -142.794 478.873 301.411 336.079 551.862
86300000 -157.048 478.421 301.126 321.373 552.215
86400000 -167.211 476.563 299.957 309.352 552.043
86500000 -144.548 487.049 306.557 342.501 553.319
86600000 -151.282 466.329 293.515 315.046 552.813
86700000 -135.271 473.842 298.244 338.57 551.498
86800000 -119.626 477.017 300.243 357.391 551.684
86900000 -119.966 475.527 299.305 355.562 551.233
87000000 -132.61 483.247 304.164 350.637 551.651
87100000 -134.508 476.945 300.197 342.437 553.344
87200000 -132.954 483.583 304.375 350.629 553.184
87300000 -141.233 478.3 301.05 337.067 554.741
87400000 -131.302 483.992 304.633 352.69 556.331
87500000 -147.464 481.494 303.06 334.029 556.986
87600000 -139.77 477.653 300.643 337.883 557.173
87700000 -155.87 467.337 294.15 311.467 555.577
87800000 -146.406 476.214 299.737 329.807 556.397
87900000 -145.971 478.835 301.387 332.865 556.921
88000000 -159.561 476.976 300.217 317.415 557.35
88100000 -155.546 468.809 295.077 313.263 558.697
88200000 -154.5 484.258 304.8 329.758 559.074
88300000 -163.051 471.033 296.476 307.982 559.508
88400000 -157.793 480.721 302.574 322.928 560.948
88500000 -159.57 479.254 301.651 319.684 563.8
88600000 -154.418 484.973 305.251 330.556 563.953
88700000 -147.764 477.647 300.639 329.882 563.919
88800000 -141.39 472.629 297.481 331.239 564.437
88900000 -147.461 481.157 302.849 333.697 563.864
89000000 -162.469 482.95 303.977 320.481 562.148
89100000 -124.916 474.737 298.807 349.821 562.203
89200000 -137.692 479.716 301.942 342.024 562.782
89300000 -155.489 472.053 297.118 316.564 562.164
89400000 -159.741 476.246 299.757 316.505 563.257
89500000 -153.561 478.437 301.136 324.875 564.071
89600000 -142.565 475.372 299.207 332.807 564.941
89700000 -144.968 480.997 302.748 336.029 566.586
89800000 -163.899 481.024 302.765 317.125 567.451
89900000 -164.833 473.021 297.727 308.188 567.292
90000000 -157.661 477.852 300.768 320.19 566.775
90100000 -148.548 482.185 303.495 333.637 566.81
90200000 -155.509 469.793 295.696 314.284 566.328
90300000 -160.977 475.737 299.437 314.76 565.124
90400000 -164.317 488.219 307.293 323.902 565.603
90500000 -159.515 481.834 303.275 322.32 564.589
90600000 -166.983 468.745 295.036 301.762 564.217
90700000 -131.982 478.73 301.321 346.747 563.976
90800000 -134.423 468.936 295.156 334.513 563.796
90900000 -135.872 473.552 298.062 337.68 564.65
91000000 -151.234 467.181 294.052 315.947 565.342
91100000 -136.486 470.73 296.286 334.244 565.191
91200000 -134.101 473.766 298.196 339.664 565.391
91300000 -152.311 480.157 302.219 327.846 565.794
91400000 -146.434 481.571 303.109 335.137 566.534
91500000 -127.401 479.915 302.066 352.514 567.71
91600000 -147.165 478.338 301.074 331.173 569.161
91700000 -167.232 475.181 299.087 307.949 568.984
91800000 -171.431 481.729 303.208 310.298 568.335
91900000 -130.921 480.684 302.551 349.763 568.502
92000000 -137.64 479.182 301.605 341.543 568.691
92100000 -153.405 474.949 298.941 321.543 568.439
92200000 -158.013 470.569 296.184 312.556 570.06
92300000 -144.202 481.775 303.238 337.574 569.471
92400000 -140.559 475.008 298.978 334.449 568.616
92500000 -138.573 471.182 296.57 332.608 566.71
92600000 -154.925 476.762 300.082 321.836 568.269
92700000 -135.709 476.635 300.002 340.926 569.635
92800000 -166.27 480.378 302.358 314.108 569.17
92900000 -151.859 469.991 295.82 318.132 569.379
93000000 -142.098 480.564 302.475 338.467 569.312
93100000 -131.382 485.059 305.305 353.677 569.194
93200000 -132.574 480.848 302.654 348.274 568.408
93300000 -114.734 478.368 301.093 363.634 568.023
93400000 -143.693 480.835 302.646 337.142 568.025
93500000 -147.789 473.321 297.916 325.532 567.135
93600000 -141.949 472.404 297.339 330.455 567.452
93700000 -140.541 483.362 304.236 342.821 567.654
93800000 -130.642 468.584 294.935 337.942 567.558
93900000 -149.183 472.217 297.221 323.034 568.608
94000000 -134.897 486.23 306.041 351.333 570.088
94100000 -145.42 474.158 298.443 328.739 570.264
94200000 -145.309 473.163 297.817 327.854 569.903
94300000 -146.194 476.133 299.687 329.939 570.245
94400000 -143.531 466.349 293.528 322.818 569.461
94500000 -135.176 472.729 297.544 337.553 569.069
94600000 -122.374 473.344 297.931 350.97 569.481
94700000 -144.309 473.387 297.958 329.077 568.556
94800000 -159.574 478.744 301.33 319.171 569.138
94900000 -166.531 489.67 308.207 323.139 568.758
95000000 -148.367 476.388 299.847 328.021 567.847
95100000 -160.684 482.398 303.629 321.714 568.01
95200000 -149.308 476.695 300.04 327.387 567.436
95300000 -142.755 478.058 300.898 335.303 566.67
95400000 -147.971 468.297 294.754 320.326 564.068
95500000 -135.356 479.955 302.092 344.599 564.779
95600000 -149.466 479.429 301.761 329.962 566.65
95700000 -148.808 475.093 299.032 326.285 568.138
95800000 -143.802 481.58 303.115 337.779 568.134
95900000 -160.369 490.623 308.807 330.254 568.446
96000000 -147.478 475.977 299.588 328.499 568.875
96100000 -154.835 485.168 305.373 330.334 569.56
96200000 -148.507 481.904 303.318 333.397 569.346
96300000 -147.626 476.624 299.995 328.998 568.629
96400000 -143.907 481.157 302.848 337.25 568.896
96500000 -137.451 477.919 300.81 340.468 569.567
96600000 -132.327 479.275 301.664 346.948 568.464
96700000 -139.605 477.04 300.257 337.435 567.544
96800000 -125.847 485.046 305.296 359.199 568.811
96900000 -122.428 478.563 301.216 356.135 569.895
97000000 -135.4 477.816 300.745 342.416 567.719
97100000 -133.101 487.87 307.074 354.769 566.134
97200000 -139.556 475.314 299.171 335.758 565.549
97300000 -123.46 461.979 290.778 338.519 565.606
97400000 -127.026 477.84 300.761 350.814 566.558
97500000 -132.902 478.972 301.473 346.07 567.865
97600000 -121.695 470.353 296.048 348.658 569.922
97700000 -120.9 487.921 307.106 367.021 570.704
97800000 -117.565 480.238 302.27 362.673 569.336
97900000 -128.391 473.372 297.948 344.981 569.091
98000000 -126.988 472.744 297.553 345.756 569.356
98100000 -100.719 473.129 297.796 372.411 570.626
98200000 -128.073 475.923 299.554 347.85 570.622
98300000 -105.548 462.874 291.341 357.326 572.61
98400000 -110.064 475.085 299.027 365.021 574.511
98500000 -120.111 478.848 301.395 358.737 574.288
98600000 -129.569 473.961 298.319 344.392 574.701
98700000 -122.124 485.649 305.676 363.525 575.612
98800000 -136.776 484.28 304.814 347.504 576.204
98900000 -130.895 476.053 299.636 345.158 574.642
99000000 -114.858 468.459 294.856 353.6 575.587
99100000 -107.223 481.318 302.95 374.095 574.72
99200000 -100.982 475.039 298.997 374.056 574.702
99300000 -130.097 471.512 296.778 341.415 576.585
99400000 -130.065 479.682 301.92 349.618 576.43
99500000 -129.196 471.621 296.846 342.425 576
99600000 -127.463 483.438 304.284 355.975 574.659
99700000 -114.622 473.715 298.164 359.092 575.355
99800000 -118.79 464.444 292.329 345.654 576.833
99900000 -124.782 473.134 297.799 348.352 576.507
100000000 -120.888 479.999 302.12 359.112 577.756
100100000 -121.902 484.407 304.894 362.506 579.035
100200000 -135.728 478.027 300.879 342.299 578.255
100300000 -132.507 478.412 301.12 345.905 581.09
100400000 -121.21 480.128 302.201 358.918 582.883
100500000 -107.799 477.599 300.609 369.8 584.768
100600000 -90.8257 477.392 300.479 386.566 583.288
100700000 -86.8387 470.393 296.073 383.554 583.377
100800000 -110.975 489.324 307.989 378.349 585.215
100900000 -91.8998 481.214 302.884 389.314 585.365
101000000 -92.2996 478.662 301.278 386.362 586.319
101100000 -105.284 476.063 299.642 370.779 585.369
101200000 -91.9941 479.853 302.028 387.859 583.911
101300000 -95.7486 480.387 302.363 384.638 583.297
101400000 -116.572 477.365 300.462 360.793 582.628
101500000 -108.667 474.835 298.869 366.168 582.059
101600000 -104.4 481.612 303.135 377.212 583.163
101700000 -111.557 473.492 298.024 361.935 584.685
101800000 -102.511 475.621 299.364 373.11 586.143
101900000 -111.074 472.79 297.582 361.716 588.551
102000000 -105.682 477.595 300.607 371.913 591.467
102100000 -93.8546 472.29 297.267 378.436 592.691
102200000 -104.114 475.802 299.478 371.687 592.178
102300000 -92.8757 482.541 303.719 389.665 593.188
102400000 -112.202 474.079 298.394 361.877 592.626
102500000 -110.267 475.412 299.232 365.144 592.687
102600000 -116.431 474.969 298.954 358.538 592.669
102700000 -117.159 480.424 302.387 363.265 593.474
102800000 -125.464 475.812 299.484 350.348 594.399
102900000 -122.216 471.346 296.673 349.129 595.868
103000000 -123.671 478.317 301.061 354.647 596.262
103100000 -107.772 485.048 305.297 377.276 597.039
103200000 -145.07 472.944 297.679 327.874 597.912
103300000 -106.009 469.532 295.532 363.524 598.137
103400000 -108.261 483.47 304.305 375.21 595.403
103500000 -105.425 472.48 297.387 367.055 594.802
103600000 -131.212 476.739 300.068 345.528 595.364
103700000 -113.894 473.022 297.728 359.128 595.056
103800000 -117.007 470.471 296.123 353.464 596.33
103900000 -106.363 466.22 293.447 359.857 597.279
104000000 -100.608 476.278 299.778 375.67 598.908
104100000 -90.4819 478.114 300.933 387.632 599.634
104200000 -77.3535 480.953 302.72 403.6 598.515
104300000 -96.1723 488.022 307.169 391.85 599.072
104400000 -87.9513 481.399 303 393.447 599.258
104500000 -100.386 474.494 298.655 374.108 597.477
104600000 -102.545 481.747 303.22 379.202 596.278
104700000 -97.9882 468.367 294.798 370.379 596.69
104800000 -95.004 486.152 305.992 391.148 597.014
104900000 -94.5894 480.51 302.441 385.92 596.15
105000000 -98.7185 478.549 301.207 379.83 594.192
