# Time-averaged data for fix favg
# TimeStep v_vpe v_vke v_vT v_vE v_vRg
5100000 -29.3523 252.834 301.852 223.482 126.301
5200000 -16.4887 259.825 310.199 243.336 126.869
5300000 -18.9192 245.047 292.556 226.128 127.302
5400000 -7.25519 255.813 305.409 248.558 126.64
5500000 -14.8875 245.594 293.209 230.706 128.799
5600000 27.3159 252.435 301.376 279.751 128.958
5700000 15.7921 256.368 306.072 272.16 129.149
5800000 9.09593 247.273 295.213 256.369 128.913
5900000 -0.0432884 249.304 297.638 249.26 129.358
6000000 -7.51524 248.581 296.775 241.065 130.384
6100000 -13.7058 257.3 307.184 243.594 129.98
6200000 -2.60629 254.163 303.439 251.556 131.466
6300000 -7.80673 248.318 296.461 240.511 130.7
6400000 1.27589 256.678 306.442 257.954 129.894
6500000 -3.30735 253.088 302.155 249.78 129.952
6600000 15.8879 255.18 304.653 271.068 131.129
6700000 29.1291 254.611 303.974 283.74 131.814
6800000 9.86578 250.874 299.512 260.739 130.292
6900000 13.5205 254.852 304.262 268.373 132.817
7000000 -7.99183 254.614 303.978 246.622 132.161
7100000 3.84525 249.049 297.334 252.895 134.739
7200000 16.3449 247.563 295.56 263.908 136.016
7300000 17.6343 253.756 302.953 271.39 137.199
7400000 9.48034 256.047 305.689 265.528 136.325
7500000 13.4863 252.69 301.68 266.176 136.042
7600000 26.2217 244.638 292.067 270.859 139.139
7700000 18.242 250.78 299.4 269.022 139.628
7800000 11.7762 251.572 300.345 263.348 140.072
7900000 9.06625 252.979 302.025 262.045 143.771
8000000 -2.15515 244.395 291.778 242.24 143.568
8100000 1.60943 254.709 304.091 256.318 147.142
8200000 1.48189 251.236 299.945 252.718 151.72
8300000 15.0311 254.157 303.432 269.188 154.004
8400000 20.5916 247.433 295.405 268.025 155.203
8500000 18.4444 253.47 302.612 271.915 156.665
8600000 11.7798 250.874 299.512 262.653 157.763
8700000 10.2014 254.473 303.809 264.674 158.915
8800000 3.24307 247.586 295.588 250.83 160.147
8900000 15.0382 255.632 305.194 270.671 159.379
9000000 -10.7132 251.137 299.826 240.424 161.592
9100000 11.1923 254.039 303.291 265.231 163.874
9200000 9.6616 251.065 299.741 260.727 160.149
9300000 -5.8605 255.96 305.584 250.099 157.115
9400000 -13.5218 261.667 312.398 248.145 154.918
9500000 -19.9672 258.556 308.683 238.588 154.689
9600000 -31.1716 252.233 301.135 221.061 153.414
9700000 8.39403 250.372 298.914 258.767 153.258
9800000 -15.7695 259.782 310.148 244.012 155.954
9900000 -5.60514 254.683 304.06 249.078 161.363
10000000 17.2317 261.323 311.988 278.555 160.917
10100000 12.4992 253.782 302.985 266.281 165.803
10200000 12.3003 251.415 300.158 263.715 168.562
10300000 5.12977 255.719 305.297 260.849 168.374
10400000 -4.38994 247.468 295.446 243.078 169.616
10500000 -11.7285 250.77 299.389 239.042 170.652
10600000 -8.63814 247.948 296.02 239.31 171.797
10700000 -17.4294 249.824 298.259 232.394 172.753
10800000 -32.5061 248.304 296.444 215.798 174.097
10900000 -26.3101 256.998 306.824 230.688 174.964
11000000 -7.85352 254.064 303.321 246.211 177.193
11100000 -8.72664 255.629 305.189 246.902 178.354
11200000 -8.87267 245.838 293.501 236.966 178.229
11300000 -12.0154 254.222 303.51 242.207 180.257
11400000 -35.1557 250.619 299.208 215.464 180.765
11500000 -25.6923 251.44 300.188 225.747 179.54
11600000 2.18978 253.154 302.234 255.344 177.951
11700000 -9.09525 247.721 295.748 238.626 178.043
11800000 -16.3411 248.668 296.879 232.327 176.677
11900000 -13.1093 248.979 297.25 235.87 177.773
12000000 -10.5181 251.3 300.022 240.782 178.631
12100000 -3.93764 254.641 304.01 250.703 176.889
12200000 -23.0632 248.394 296.552 225.331 174.77
12300000 -20.2181 253.091 302.16 232.873 176.487
12400000 3.50725 246.315 294.069 249.822 175.198
12500000 5.7284 249.619 298.014 255.348 176.689
12600000 10.0076 251.069 299.746 261.077 178.156
12700000 -9.36664 255.917 305.533 246.55 178.8
12800000 -20.5831 247.447 295.421 226.864 182.368
12900000 10.9041 252.512 301.468 263.416 185.1
13000000 6.67599 248.982 297.253 255.658 184.853
13100000 -14.0228 249.763 298.186 235.74 185.434
13200000 -8.32374 255.404 304.92 247.08 186.031
13300000 -4.02602 250.163 298.664 246.137 187.773
13400000 0.737352 251.693 300.491 252.431 188.603
13500000 -6.84569 247.758 295.793 240.913 188.959
13600000 -6.73263 251.369 300.104 244.637 188.458
13700000 -21.3038 253.564 302.724 232.26 189.973
13800000 -7.31746 249.458 297.822 242.141 189.273
13900000 -2.37401 253.514 302.665 251.14 190.391
14000000 3.25235 251.267 299.982 254.519 191.791
14100000 2.11944 246.134 293.854 248.253 191.598
14200000 10.5117 255 304.439 265.512 193.93
14300000 4.51066 250.106 298.595 254.616 196.556
14400000 12.4749 247.187 295.111 259.662 196.597
14500000 9.45445 255.4 304.916 264.854 195.876
14600000 0.613799 246.614 294.427 247.228 198.153
14700000 22.1853 258.518 308.638 280.703 200.425
14800000 -1.75803 252.057 300.924 250.299 199.575
14900000 26.658 248.628 296.832 275.286 200.061
15000000 21.7538 253.786 302.989 275.54 202.427
15100000 19.842 253.457 302.596 273.299 204.727
15200000 15.8855 249.663 298.066 265.548 208.218
15300000 -0.293646 250.657 299.253 250.363 208.359
15400000 -25.6175 247.094 295 221.476 209.38
15500000 -18.0615 250.157 298.657 232.096 210.755
15600000 -25.1751 254.193 303.475 229.018 211.602
15700000 -35.8447 248.613 296.813 212.768 210.994
15800000 -29.9509 252.214 301.113 222.263 212.606
15900000 -18.1433 253.206 302.297 235.063 212.18
16000000 -8.58677 252.806 301.819 244.219 210.651
16100000 -10.074 252.033 300.896 241.959 210.605
16200000 0.521651 250.235 298.75 250.757 210.099
16300000 5.88618 248.993 297.267 254.879 212.984
16400000 6.06085 255.924 305.541 261.985 212.993
16500000 -9.18723 245.366 292.936 236.178 213.307
16600000 -12.7123 259.301 309.574 246.589 212.758
16700000 3.40494 247.717 295.743 251.122 213.738
16800000 2.30617 249.685 298.093 251.991 215.36
16900000 8.14129 243.425 290.619 251.566 214.897
17000000 -4.61479 248.522 296.704 243.907 213.796
17100000 6.9196 250.967 299.623 257.886 215.077
17200000 19.5275 246.943 294.819 266.47 218.231
17300000 17.6049 246.322 294.078 263.927 220.788
17400000 34.2299 249.187 297.499 283.417 221.765
17500000 38.7827 254.942 304.369 293.725 223.013
17600000 19.5216 248.794 297.03 268.316 223.598
17700000 -16.3122 253.233 302.329 236.921 225.304
17800000 -7.81489 253.145 302.223 245.33 225.031
17900000 -13.6777 251.812 300.632 238.134 226.361
18000000 -1.71151 246.878 294.742 245.167 228.304
18100000 7.11882 252.445 301.389 259.564 226.882
18200000 -7.30964 253.559 302.718 246.249 226.26
18300000 -8.15128 250.533 299.105 242.382 227.243
18400000 -12.7425 243.21 290.363 230.467 228.596
18500000 -9.03124 257.405 307.31 248.374 229.068
18600000 7.06867 247.378 295.338 254.446 228.752
18700000 1.73497 250.879 299.518 252.613 230.649
18800000 -5.82796 245.325 292.887 239.497 231.651
18900000 15.2824 251.049 299.722 266.332 231.357
19000000 20.659 257.622 307.569 278.281 233.529
19100000 18.8521 253.011 302.063 271.863 235.939
19200000 7.50027 248.478 296.652 255.978 235.893
19300000 9.83851 246.654 294.474 256.492 237.435
19400000 26.6852 248.567 296.758 275.252 240.341
19500000 24.7709 255.782 305.372 280.553 243.01
19600000 17.7825 257.165 307.023 274.948 241.145
19700000 -12.4105 248.971 297.241 236.56 240.725
19800000 -5.65497 244.918 292.402 239.263 242.991
19900000 -10.4256 248.776 297.008 238.351 243.017
20000000 -28.5298 250.062 298.543 221.532 242.941
20100000 -10.721 252.837 301.856 242.116 244.615
20200000 -0.94657 249.234 297.554 248.287 243.887
20300000 -3.72082 250.486 299.049 246.765 242.378
20400000 -18.1517 255.93 305.549 237.779 244.283
20500000 -3.84559 255.459 304.987 251.614 244.073
20600000 -23.9472 254.47 303.806 230.523 242.76
20700000 -15.9955 257.637 307.587 241.642 242.434
20800000 -10.6686 255.511 305.048 244.842 243.744
20900000 2.94865 247.459 295.436 250.408 242.824
21000000 11.7903 254.441 303.772 266.232 243.875
21100000 29.2624 249.636 298.035 278.898 244.369
21200000 19.1901 250.992 299.654 270.182 242.465
21300000 14.5676 255.597 305.151 270.164 241.355
21400000 28.2806 252.309 301.225 280.589 240.318
21500000 30.9694 250.932 299.582 281.901 239.188
21600000 -6.4021 252.234 301.136 245.832 239.577
21700000 -22.7449 257.223 307.092 234.478 240.296
21800000 -20.779 251.599 300.378 230.82 238.289
21900000 -15.0611 248.693 296.909 233.632 241.125
22000000 -21.9572 252.511 301.467 230.554 242.901
22100000 -3.63785 253.934 303.166 250.296 244.498
22200000 6.63132 251.579 300.355 258.211 246.082
22300000 8.60628 248.229 296.354 256.835 246.949
22400000 -12.385 254.159 303.435 241.774 247.987
22500000 -0.325077 257.149 307.004 256.824 249.661
22600000 6.49074 255.644 305.208 262.135 251.103
22700000 0.290962 253.975 303.215 254.266 251.479
22800000 6.61687 254.6 303.961 261.217 250.213
22900000 8.1869 248.957 297.224 257.144 248.986
23000000 2.20813 252.949 301.989 255.157 248.23
23100000 3.221 254.019 303.268 257.24 249.486
23200000 12.9398 252.1 300.976 265.04 249.344
23300000 26.2583 256.3 305.99 282.558 248.494
23400000 24.5095 251.44 300.188 275.949 250.362
23500000 20.2364 246.693 294.52 266.929 251.706
23600000 55.36 251.482 300.239 306.842 252.679
23700000 57.1787 246.728 294.563 303.907 251.111
23800000 53.4541 251.891 300.727 305.345 250.321
23900000 47.1536 249.806 298.237 296.959 251.509
24000000 60.5332 248.555 296.744 309.088 254.966
24100000 68.594 258.163 308.215 326.757 253.001
24200000 55.423 245.715 293.354 301.138 250.271
24300000 69.2306 249.715 298.129 318.945 250.292
24400000 78.7278 254.167 303.444 332.894 250.167
24500000 73.1696 257.891 307.89 331.061 252.235
24600000 61.6834 256.618 306.37 318.302 254.383
24700000 52.3983 251.353 300.085 303.752 257.195
24800000 50.9931 250.241 298.756 301.234 261.93
24900000 43.8617 256.309 306.001 300.17 263.847
25000000 18.2581 246.948 294.826 265.207 267.352
25100000 10.7218 253.632 302.806 264.354 266.216
25200000 12.3329 252.861 301.885 265.194 266.007
25300000 -15.4119 246.971 294.853 231.559 266.488
25400000 -2.40981 254.058 303.314 251.648 268.922
25500000 2.0322 248.788 297.022 250.82 271.787
25600000 15.4705 254.181 303.461 269.652 273.011
25700000 30.5916 253.428 302.562 284.02 273.518
25800000 24.8996 248.375 296.53 273.275 271.152
25900000 20.893 252.528 301.488 273.421 273.568
26000000 32.452 248.691 296.906 281.143 274.261
26100000 39.6493 255.626 305.186 295.275 275.395
26200000 35.5285 253.003 302.055 288.532 276.302
26300000 23.1526 251.909 300.748 275.061 277.066
26400000 30.4237 255.323 304.825 285.747 278.811
26500000 28.9822 252.437 301.378 281.419 279.444
26600000 30.0772 253.304 302.414 283.381 276.774
26700000 15.4748 247.338 295.291 262.812 279.544
26800000 -0.268471 258.196 308.254 257.928 280.091
26900000 9.12062 249.616 298.011 258.737 280.314
27000000 -1.37931 248.262 296.394 246.882 277.596
27100000 0.789975 253.271 302.375 254.061 278.51
27200000 0.707256 248.576 296.769 249.284 280.138
27300000 12.7589 254.617 303.981 267.376 280.67
27400000 26.0914 244.708 292.151 270.799 279.95
27500000 25.0287 250.031 298.506 275.06 280.833
27600000 27.4188 252.167 301.056 279.586 284.55
27700000 42.5078 246.424 294.2 288.932 284.183
27800000 22.9582 255.134 304.599 278.092 286.592
27900000 14.0591 249.682 298.089 263.741 285.044
28000000 18.8578 247.181 295.104 266.039 284.691
28100000 22.8535 254.007 303.253 276.861 284.78
28200000 13.8786 252.667 301.654 266.546 285.331
28300000 11.3732 255.309 304.807 266.682 283.876
28400000 4.84388 255.838 305.439 260.682 285.225
28500000 -0.658618 252.552 301.516 251.893 285.88
28600000 5.72305 255.938 305.558 261.661 287.802
28700000 -6.02668 247.464 295.442 241.438 288.971
28800000 10.4599 253.219 302.312 263.679 289.601
28900000 -25.2122 257.539 307.47 232.327 289.02
29000000 -16.9303 250.29 298.816 233.36 289.378
29100000 -19.295 249.391 297.742 230.096 292.272
29200000 -2.84072 251.804 300.623 248.964 292.56
29300000 -3.05873 251.548 300.317 248.489 291.287
29400000 10.1251 252.279 301.189 262.404 291.261
29500000 14.2891 250.84 299.472 265.129 289.779
29600000 -12.7468 250.239 298.755 237.493 290.157
29700000 -8.38145 253.807 303.014 245.426 289.631
29800000 -9.23407 252.098 300.974 242.864 289.666
29900000 -7.09394 250.669 299.268 243.576 289.518
30000000 -3.61197 250.26 298.78 246.648 290.683
30100000 -16.7435 245.701 293.337 228.958 291.047
30200000 -32.1644 243.891 291.176 211.727 288.389
30300000 -19.74 245.063 292.575 225.323 288.998
30400000 -8.05177 252.181 301.073 244.129 291.991
30500000 -15.7067 249.571 297.957 233.864 292.635
30600000 -11.3713 246.022 293.72 234.65 294.404
30700000 -13.7361 250.699 299.304 236.963 295.689
30800000 6.48907 251.339 300.068 257.828 299.315
30900000 20.2674 258.455 308.563 278.722 302.474
31000000 19.1938 248.927 297.188 268.121 301.33
31100000 28.6606 251.437 300.185 280.098 302.422
31200000 19.7718 256.558 306.299 276.33 304.426
31300000 18.3609 253.81 303.018 272.171 304.005
31400000 16.4526 258.992 309.205 275.445 305.463
31500000 9.74056 252.59 301.561 262.33 304.063
31600000 6.01406 246.317 294.072 252.331 304.824
31700000 11.1947 253.956 303.193 265.151 304.834
31800000 29.5548 254.299 303.602 283.854 305.715
31900000 20.1958 256.371 306.075 276.567 304.064
32000000 22.1715 252.355 301.28 274.526 303.588
32100000 21.9871 262.606 313.52 284.593 305.679
32200000 20.8374 246.611 294.423 267.448 304.719
32300000 7.59931 250.883 299.523 258.482 302.499
32400000 -10.3729 248.471 296.644 238.099 304.044
32500000 -2.61448 250.665 299.263 248.05 304.905
32600000 -2.29895 247.674 295.693 245.375 303.815
32700000 -9.12691 247.104 295.012 237.978 304.53
32800000 -1.84769 248.49 296.666 246.642 304.983
32900000 -13.1989 253.252 302.351 240.053 305.404
33000000 -13.6786 248.042 296.131 234.363 305.899
33100000 -1.41598 253.643 302.818 252.227 305.34
33200000 6.28344 251.349 300.079 257.632 305.433
33300000 29.0491 253.829 303.04 282.878 306.886
33400000 38.6328 250.34 298.875 288.973 307.072
33500000 21.4856 252.159 301.046 273.644 306.085
33600000 30.5576 249.574 297.961 280.132 305.932
33700000 54.6239 250.243 298.759 304.867 308.059
33800000 40.592 245.264 292.814 285.856 310.855
33900000 30.5355 247.96 296.033 278.495 310.16
34000000 3.26712 253.201 302.29 256.468 309.159
34100000 1.45661 249.515 297.89 250.972 310.448
34200000 18.0937 250.482 299.045 268.576 312.181
34300000 14.2493 249.348 297.691 263.598 312.469
34400000 17.4692 243.382 290.568 260.852 314.235
34500000 7.92483 256.392 306.101 264.317 315.972
34600000 8.91875 251.716 300.518 260.635 317.755
34700000 0.926257 252.32 301.239 253.246 316.211
34800000 -16.1228 255.514 305.052 239.391 314.193
34900000 -12.0635 256.559 306.3 244.496 313.193
35000000 6.23562 252.876 301.903 259.111 309.614
35100000 -9.65722 253.881 303.103 244.224 310.706
35200000 -26.272 241.655 288.506 215.383 310.889
35300000 -37.6882 249.69 298.099 212.002 311.808
35400000 -22.5107 257.189 307.052 234.678 311.289
35500000 -7.34527 251.761 300.571 244.415 311.35
35600000 -4.69739 247.39 295.353 242.693 310.296
35700000 13.1361 250.898 299.541 264.034 313.521
35800000 24.9098 247.268 295.208 272.178 313.701
35900000 24.9409 251.642 300.43 276.583 314.72
36000000 3.94566 252.026 300.887 255.971 316.087
36100000 -2.74716 254 303.245 251.253 317.247
36200000 7.50312 248.44 296.607 255.943 315.941
36300000 10.2402 253.696 302.882 263.937 316.217
36400000 7.61949 260.312 310.78 267.931 314.759
36500000 -2.68828 255.232 304.715 252.544 313.247
36600000 3.46521 250.713 299.32 254.178 314.129
36700000 -7.57514 259.404 309.697 251.829 314.657
36800000 1.09577 254.546 303.897 255.642 315.43
36900000 19.3683 249.926 298.381 269.295 317.055
37000000 17.0914 252.876 301.903 269.968 318.655
37100000 22.8987 251.126 299.814 274.025 320.279
37200000 9.40935 251.537 300.305 260.947 321.39
37300000 -2.99251 250.222 298.734 247.229 319.319
37400000 8.41633 256.68 306.444 265.096 321.236
37500000 40.3845 246.581 294.388 286.966 322.432
37600000 26.2291 247.339 295.292 273.568 322.2
37700000 14.0689 249.439 297.8 263.508 319.762
37800000 12.0936 252.94 301.98 265.034 319.191
37900000 18.6395 250.243 298.759 268.882 317.852
38000000 10.4959 251.182 299.881 261.678 317.281
38100000 26.5567 253.522 302.674 280.079 317.331
38200000 12.6832 249.966 298.428 262.649 315.479
38300000 29.7437 250.072 298.556 279.816 315.533
38400000 21.0342 252.528 301.487 273.562 318.267
38500000 14.7261 249.299 297.632 264.025 319.616
38600000 23.0417 244.334 291.705 267.376 320.043
38700000 16.5267 246.447 294.227 262.973 319.49
38800000 2.25423 258.887 309.079 261.141 315.659
38900000 6.71106 251.944 300.79 258.655 313.742
39000000 -2.84772 248.272 296.407 245.425 311.279
39100000 -9.22312 252.958 302 243.734 306.784
39200000 -7.31002 249.093 297.386 241.783 307.006
39300000 1.58899 246.49 294.278 248.079 309.002
39400000 9.97305 251.594 300.372 261.567 310.388
39500000 15.4496 258.238 308.304 273.687 312.279
39600000 -2.90413 248.611 296.811 245.707 313.229
39700000 -1.74087 245.414 292.994 243.673 312.986
39800000 -15.9296 256.62 306.372 240.69 312.753
39900000 -19.8307 250.727 299.337 230.896 313.553
40000000 -30.0661 250.446 299.001 220.38 315.551
40100000 -16.7404 247.581 295.581 230.84 316.424
40200000 -22.8317 247.304 295.251 224.473 314.213
40300000 -17.1756 246.927 294.801 229.752 315.69
40400000 -0.392868 252.582 301.552 252.189 317.506
40500000 35.2637 250.438 298.992 285.702 317.289
40600000 29.4143 256.654 306.413 286.069 318.109
40700000 45.8066 251.694 300.492 297.501 318.597
40800000 24.1289 249.321 297.658 273.45 318.311
40900000 6.41981 250.666 299.265 257.086 317.03
41000000 12.2992 254.483 303.821 266.782 317.603
41100000 19.0069 256.767 306.548 275.774 319.421
41200000 9.40572 249.478 297.846 258.884 317.278
41300000 10.9409 255.201 304.678 266.142 318.082
41400000 22.7868 251.875 300.707 274.662 320.806
41500000 24.5042 250.04 298.517 274.544 323.499
41600000 18.3563 247.709 295.733 266.065 325.37
41700000 -5.65617 250.294 298.82 244.638 325.394
41800000 11.9757 255.113 304.574 267.089 327.429
41900000 20.7946 250.052 298.531 270.847 325.332
42000000 19.8145 246.089 293.8 265.904 325.938
42100000 5.11034 251.821 300.643 256.931 327.49
42200000 -2.02059 246.928 294.801 244.907 327.443
42300000 6.16819 250.693 299.296 256.861 327.031
42400000 5.96657 250.048 298.526 256.015 327.058
42500000 -1.09241 251.606 300.387 250.514 324.945
42600000 -7.61649 250.235 298.75 242.619 326.572
42700000 -0.383114 253.176 302.261 252.793 325.973
42800000 19.0874 250.319 298.85 269.407 326.039
42900000 3.44467 249.717 298.132 253.162 326.115
43000000 25.2994 256.147 305.807 281.446 324.459
43100000 38.6445 248.953 297.219 287.597 322.929
43200000 14.4188 250.63 299.221 265.049 324.973
43300000 30.6739 251.205 299.908 281.879 326.354
43400000 20.3923 249.692 298.102 270.085 327.073
43500000 12.9544 252.666 301.652 265.62 326.471
43600000 4.11787 253.301 302.41 257.419 324.076
43700000 -19.1768 248.753 296.981 229.576 325.671
43800000 -14.1979 253.903 303.129 239.705 325.646
43900000 -17.3848 254.132 303.402 236.747 324.578
44000000 -20.0222 255.175 304.647 235.152 324.219
44100000 -10.8368 256.989 306.814 246.153 324.313
44200000 -7.2179 252.414 301.352 245.197 325.235
44300000 -9.12258 253.784 302.987 244.661 326.594
44400000 -0.00010125 251.994 300.85 251.994 327.978
44500000 3.15063 253.911 303.139 257.062 330.096
44600000 11.3192 252.202 301.098 263.521 330.778
44700000 5.25299 249.915 298.368 255.168 331.103
44800000 4.31089 257.103 306.949 261.414 330.313
44900000 1.786 251.898 300.735 253.684 330.949
45000000 11.4147 252.552 301.515 263.966 329.675
45100000 8.36245 252.014 300.873 260.376 331.091
45200000 -5.90685 250.717 299.325 244.81 333.267
45300000 14.6077 246.355 294.117 260.962 335.448
45400000 30.9745 254.478 303.816 285.453 335.095
45500000 47.0032 248.128 296.234 295.131 338.753
45600000 29.6037 257.478 307.397 287.082 338.093
45700000 11.9739 249.347 297.69 261.321 338.17
45800000 -1.94152 251.87 300.702 249.929 336.724
45900000 -7.97178 252.76 301.764 244.788 338.311
46000000 8.85272 247.826 295.873 256.679 339.18
46100000 9.52589 243.613 290.844 253.139 341.687
46200000 6.41594 248.598 296.795 255.014 343.258
46300000 -7.32112 251.404 300.145 244.083 344.527
46400000 -4.1211 253.459 302.599 249.338 346.54
46500000 4.49858 257.517 307.443 262.015 347.698
46600000 17.1537 249.075 297.365 266.229 351.585
46700000 26.744 246.123 293.841 272.867 354.182
46800000 10.57 244.17 291.509 254.74 353.614
46900000 2.84846 249.464 297.829 252.313 351.346
47000000 -5.30316 244.507 291.911 239.203 349.946
47100000 -10.7067 258.158 308.208 247.451 353.013
47200000 -22.5633 245.106 292.626 222.542 352.4
47300000 -17.8588 250.441 298.995 232.582 350.336
47400000 3.30034 251.307 300.03 254.607 348.744
47500000 8.23104 249.067 297.355 257.298 348.12
47600000 -10.3875 252.798 301.81 242.411 347.355
47700000 4.68939 251.137 299.826 255.826 347.139
47800000 5.87545 252.035 300.899 257.911 349.069
47900000 11.8437 247.904 295.967 259.748 349.916
48000000 18.7607 252.966 302.011 271.727 348.867
48100000 9.12673 250.471 299.031 259.597 350.445
48200000 -3.48945 249.952 298.412 246.463 350.773
48300000 -0.828184 249.302 297.636 248.474 349.594
48400000 -8.68815 243.401 290.59 234.712 351.997
48500000 -7.3134 256.847 306.643 249.533 349.956
48600000 4.63569 246.061 293.766 250.697 348.138
48700000 5.78831 252.62 301.597 258.408 345.143
48800000 44.6032 250.847 299.48 295.45 346.097
48900000 37.4027 241.958 288.868 279.361 348.496
49000000 15.3151 248.316 296.459 263.631 349.661
49100000 24.8982 246.253 293.996 271.151 349.967
49200000 19.3403 253.437 302.572 272.777 350.817
49300000 3.90426 252.264 301.173 256.169 350.614
49400000 5.18236 256.949 306.766 262.132 349.068
49500000 -2.2275 251.433 300.18 249.205 347.185
49600000 0.78349 248.917 297.176 249.7 349.571
49700000 -11.4279 249.09 297.382 237.662 351.349
49800000 14.851 251.525 300.29 266.376 350.079
49900000 21.3115 248.147 296.257 269.458 348.674
50000000 12.5087 248.597 296.794 261.106 349.811
50100000 3.76339 252.372 301.301 256.135 351.725
50200000 -0.626641 253.556 302.715 252.93 351.352
50300000 4.84745 248.129 296.235 252.976 352.552
50400000 -7.67359 251.511 300.273 243.837 353.77
50500000 -5.01951 248.608 296.807 243.589 355.137
50600000 2.39114 251.349 300.08 253.74 356.995
50700000 -16.3043 255.125 304.588 238.821 358.988
50800000 -17.3627 246.792 294.639 229.429 360.483
50900000 -3.6031 255.892 305.503 252.289 359.024
51000000 -11.3485 252.337 301.26 240.989 358.979
51100000 -13.5115 248.923 297.183 235.411 359.747
51200000 10.6518 251.063 299.739 261.715 359.589
51300000 -4.86254 254.856 304.267 249.994 357.784
51400000 -12.6921 254.098 303.362 241.406 357.617
51500000 -15.5741 255.364 304.873 239.79 357.577
51600000 -18.0562 250.252 298.77 232.196 357.874
51700000 -1.33083 248.596 296.793 247.265 358.406
51800000 -3.19919 246.612 294.425 243.413 359.005
51900000 -15.0848 256.53 306.265 241.445 360.217
52000000 1.19832 257.073 306.914 258.272 358.828
52100000 -10.1054 244.183 291.525 234.078 358.269
52200000 -0.464987 248.356 296.506 247.891 358.914
52300000 -5.27769 247.8 295.843 242.523 357.844
52400000 -1.18361 248.911 297.169 247.727 357.456
52500000 -0.45319 251.691 300.488 251.238 357.957
52600000 -8.15362 249.407 297.761 241.253 358.112
52700000 -27.635 251.854 300.682 224.219 358.173
52800000 -16.9072 253.363 302.484 236.456 360.107
52900000 -13.5427 252.469 301.417 238.926 361.894
53000000 -21.0643 250.27 298.791 229.205 363.296
53100000 -30.4029 246.599 294.408 216.196 360.095
53200000 -33.1544 250.616 299.204 217.461 357.243
53300000 -19.6072 250.248 298.765 230.641 357.062
53400000 -17.1821 243.394 290.582 226.212 355.842
53500000 7.12819 252.546 301.509 259.675 356.77
53600000 9.38403 260.069 310.49 269.453 358.607
53700000 -18.5988 248.532 296.716 229.933 359.646
53800000 1.85763 250.816 299.444 252.674 359.053
53900000 -2.63677 251.06 299.734 248.423 359.028
54000000 24.5109 252.801 301.813 277.312 358.746
54100000 25.6591 243.399 290.588 269.058 357.671
54200000 22.1201 250.801 299.426 272.921 356.316
54300000 20.8606 253.44 302.576 274.301 355.607
54400000 -16.5263 257.194 307.058 240.668 357.22
54500000 -18.9403 256.123 305.779 237.183 359.89
54600000 18.5899 247.088 294.993 265.678 362.543
54700000 9.11338 251.135 299.824 260.249 366.666
54800000 -5.65844 252.838 301.858 247.18 366.963
54900000 -24.8298 248.981 297.252 224.151 364.97
55000000 -19.9461 249.523 297.9 229.577 361.085
55100000 12.8367 255.396 304.912 268.233 359.877
55200000 16.2582 247.214 295.143 263.472 359.505
55300000 12.5187 256.831 306.624 269.349 359.267
55400000 -3.37088 246.373 294.139 243.002 361.406
55500000 -1.48855 250.697 299.301 249.208 367.022
55600000 -16.6612 254.515 303.859 237.854 366.791
55700000 -14.1436 249.859 298.301 235.715 367.81
55800000 -2.48539 253.889 303.112 251.404 366.165
55900000 5.32781 246.229 293.967 251.557 365.249
56000000 -11.7543 252.148 301.034 240.394 366.554
56100000 -19.117 253.732 302.925 234.615 367.756
56200000 11.4454 253.918 303.146 265.363 367.449
56300000 2.4557 253.995 303.239 256.451 364.734
56400000 17.1523 249.445 297.807 266.598 364.821
56500000 9.80289 251.103 299.786 260.906 365.105
56600000 -7.72869 246.158 293.882 238.429 365.116
56700000 -10.03 251.565 300.338 241.535 365.795
56800000 0.767821 246.967 294.849 247.735 368.081
56900000 -11.1381 247.87 295.926 236.732 368.774
57000000 -2.88216 253.107 302.179 250.225 369.336
57100000 24.2667 251.365 300.099 275.632 372.213
57200000 40.9893 251.301 300.023 292.291 371.153
57300000 35.9144 251.066 299.741 286.98 371.913
57400000 32.6678 239.692 286.163 272.36 369.801
57500000 19.2816 250.134 298.629 269.415 369.222
57600000 16.8172 254.314 303.62 271.131 368.896
57700000 35.5081 260.316 310.785 295.824 369.5
57800000 21.4995 244.55 291.962 266.049 367.067
57900000 8.07084 251.957 300.806 260.028 369.19
58000000 -9.46091 246.099 293.812 236.638 370.448
58100000 -13.4572 248.944 297.208 235.487 368.591
58200000 -8.30566 245.511 293.109 237.205 366.985
58300000 -24.5414 260.021 310.433 235.479 367.771
58400000 -20.3648 252.92 301.955 232.555 368.672
58500000 -9.36586 249.52 297.896 240.154 367.631
58600000 -7.78309 254.527 303.874 246.744 370.136
58700000 -13.1506 250.966 299.623 237.816 372.264
58800000 -1.1814 254.277 303.575 253.096 371.449
58900000 -16.9999 252.107 300.985 235.107 371.452
59000000 -4.18202 250.488 299.052 246.306 370.591
59100000 -16.7153 250.717 299.325 234.002 371.229
59200000 -15.2975 251.801 300.619 236.503 370.213
59300000 -14.6076 244.226 291.576 229.619 371.458
59400000 2.94755 254.146 303.419 257.094 372.487
59500000 2.33974 246.912 294.782 249.252 371.738
59600000 -7.8385 244.152 291.488 236.314 373.784
59700000 0.417732 252.997 302.047 253.415 373.494
59800000 20.9364 249.172 297.481 270.109 374.812
59900000 24.3624 253.187 302.274 277.549 376.126
60000000 2.36948 250.147 298.645 252.517 379.202
60100000 -17.3878 254.825 304.23 237.437 379.68
60200000 -11.1606 251.159 299.853 239.999 378.328
60300000 -11.1385 251.795 300.612 240.656 378.763
60400000 -8.85238 255.553 305.099 246.701 379.623
60500000 -16.4965 249.452 297.815 232.956 378.681
60600000 -18.4747 253.93 303.161 235.456 376.28
60700000 -22.2527 251.793 300.609 229.54 374.956
60800000 -20.1027 252.048 300.914 231.945 374.517
60900000 -19.9003 252.945 301.985 233.045 375.774
61000000 -18.861 255.116 304.577 236.255 378.13
61100000 -27.8246 250.197 298.704 222.372 379.184
61200000 -21.4643 252.663 301.648 231.199 378.325
61300000 -6.49894 251.354 300.086 244.855 378.275
61400000 -5.1744 250.037 298.514 244.863 379.468
61500000 -2.42299 250.665 299.264 248.242 380.809
61600000 -8.72512 259.116 309.352 250.391 382.442
61700000 -2.88859 248.091 296.19 245.202 383.016
61800000 -14.5139 248.22 296.344 233.706 382.626
61900000 -12.865 252.924 301.96 240.059 382.617
62000000 -15.41 243.878 291.16 228.468 381.846
62100000 -6.9777 244.033 291.345 237.055 379.113
62200000 1.03065 244.284 291.645 245.315 378.28
62300000 6.63829 249.911 298.363 256.55 377.747
62400000 20.6422 252.312 301.229 272.954 379.436
62500000 0.978452 251.042 299.714 252.021 379.327
62600000 -15.9721 247.732 295.761 231.76 376.732
62700000 -17.3437 252.409 301.345 235.065 377.965
62800000 -9.57286 255.383 304.896 245.811 380.581
62900000 -3.85725 255.939 305.559 252.082 379.729
63000000 -2.56333 254.277 303.576 251.714 381.089
63100000 3.75116 254.034 303.285 257.785 381.374
63200000 -0.0628841 251.634 300.42 251.571 381.65
63300000 -24.8747 254.028 303.278 229.154 381.942
63400000 -12.2747 250.419 298.969 238.144 379.198
63500000 -1.92348 252.68 301.669 250.757 379.246
63600000 32.1141 249.395 297.747 281.509 382.149
63700000 15.4701 246.54 294.339 262.01 383.694
63800000 17.2827 259.541 309.859 276.823 381.051
63900000 5.02488 251.699 300.497 256.723 381.464
64000000 -2.04326 257.299 307.184 255.256 382.729
64100000 15.1136 252.431 301.371 267.545 382.016
64200000 -1.6008 247.468 295.446 245.867 385.806
64300000 9.6091 252.308 301.225 261.917 386.831
64400000 34.4136 247.272 295.213 281.686 388.597
64500000 13.8686 253.011 302.064 266.88 387.31
64600000 23.9817 257.725 307.692 281.707 387.371
64700000 29.6217 259.679 310.024 289.301 386.352
64800000 35.0136 249.711 298.124 284.724 384.64
64900000 32.8325 255.225 304.708 288.058 382.131
65000000 34.7355 261.173 311.808 295.908 384.3
65100000 27.6141 246.349 294.111 273.964 386.831
65200000 11.847 248.218 296.341 260.065 387.642
65300000 16.1594 255.214 304.694 271.374 389.222
65400000 -6.03367 248.417 296.579 242.383 391.494
65500000 -1.25537 251.012 299.677 249.756 393.776
65600000 -15.9687 250.582 299.164 234.613 395.742
65700000 -13.8152 249.157 297.463 235.342 394.512
65800000 -6.01588 254.257 303.552 248.241 393.42
65900000 -20.8324 253.939 303.171 233.106 393.129
66000000 -6.5227 251.255 299.967 244.732 395.281
66100000 -1.37353 255.359 304.867 253.985 393.885
66200000 -13.5917 249.75 298.171 236.159 391.682
66300000 4.39047 252.265 301.173 256.655 392.78
66400000 -1.60559 256.91 306.718 255.304 393.379
66500000 -3.56363 253.301 302.41 249.738 394.409
66600000 -3.78299 247.249 295.185 243.466 395.12
66700000 4.3737 246.291 294.041 250.664 396.894
66800000 -2.06145 250.878 299.517 248.816 397.782
66900000 13.9477 252.039 300.903 265.986 396.494
67000000 27.4632 249.398 297.751 276.862 394.693
67100000 26.2863 253.34 302.457 279.627 396.927
67200000 23.5805 251.942 300.787 275.522 397.808
67300000 29.9374 259.044 309.266 288.981 396.149
67400000 34.0373 248.457 296.627 282.494 395.615
67500000 26.6911 246.637 294.454 273.328 394.899
67600000 24.9701 248.81 297.049 273.78 393.653
67700000 19.064 249.565 297.95 268.629 396.513
67800000 41.5504 254.013 303.26 295.563 397.09
67900000 16.0158 249.027 297.308 265.043 396.674
68000000 8.2099 252.182 301.074 260.392 395.091
68100000 -0.160237 259.781 310.146 259.62 396.034
68200000 0.643951 255.724 305.303 256.368 398.132
68300000 6.20146 247.266 295.205 253.467 399.919
68400000 -4.74511 253.474 302.616 248.729 401.781
68500000 -4.84381 252.848 301.869 248.004 404.833
68600000 -7.48786 248.452 296.622 240.965 406.886
68700000 6.62664 242.977 290.085 249.604 404.872
68800000 13.7644 245.879 293.549 259.644 402.999
68900000 -7.24061 248.507 296.687 241.267 400.264
69000000 -7.20369 250.333 298.867 243.129 400.843
69100000 -18.2206 244.873 292.348 226.652 401.522
69200000 -19.4631 250.861 299.497 231.397 402.809
69300000 2.23369 250.562 299.14 252.796 405.264
69400000 -6.76634 249.365 297.711 242.599 407.585
69500000 -7.73822 251.036 299.705 243.297 407.431
69600000 6.95788 252.743 301.744 259.701 407.272
69700000 7.66602 250.048 298.526 257.714 408.505
69800000 24.206 256.323 306.018 280.529 410.113
69900000 22.3258 251.519 300.283 273.845 410.907
70000000 15.4123 252.501 301.455 267.913 412.721
70100000 27.223 253.538 302.693 280.761 411.743
70200000 27.5942 252.574 301.542 280.168 409.751
70300000 20.2446 248.348 296.496 268.592 411.421
70400000 17.4057 251.465 300.218 268.871 411.254
70500000 9.12924 251.423 300.168 260.552 413.286
70600000 -5.72484 261.559 312.269 255.834 412.528
70700000 -11.3969 251.577 300.352 240.18 413.066
70800000 0.822737 251.264 299.978 252.087 412.133
70900000 -5.92089 252.409 301.345 246.488 412.969
71000000 -28.2528 243.441 290.638 215.188 413.476
71100000 -19.5826 254.764 304.156 235.181 413.923
71200000 3.40073 246.929 294.802 250.329 414.785
71300000 6.76294 245.982 293.673 252.745 415.4
71400000 7.37337 253.582 302.746 260.955 412.986
71500000 -6.63415 254.628 303.995 247.994 409.896
71600000 10.1439 254.957 304.387 265.101 410.3
71700000 10.9085 252.807 301.82 263.716 411.228
71800000 -3.47194 251.413 300.156 247.941 411.181
71900000 -9.60974 254.722 304.107 245.112 410.922
72000000 -24.3778 251.192 299.892 226.814 411.699
72100000 -22.3092 250.45 299.006 228.14 411.656
72200000 -0.262014 249.322 297.66 249.06 412.14
72300000 13.6694 253.382 302.507 267.051 412.968
72400000 -1.90543 259.681 310.028 257.776 413.196
72500000 0.041088 244.938 292.425 244.979 413.985
72600000 0.250452 255.749 305.332 255.999 417.498
72700000 -13.8218 251.659 300.449 237.837 417.084
72800000 -15.412 253.258 302.359 237.846 415.319
72900000 -24.0923 250.441 298.995 226.348 413.47
73000000 -26.7468 248.928 297.189 222.181 413.741
73100000 -40.4227 255.584 305.135 215.161 412.894
73200000 -29.0367 252.89 301.919 223.853 412.854
73300000 -25.9406 251.634 300.42 225.693 413.269
73400000 -14.6602 253.458 302.597 238.798 416.443
73500000 5.33366 244.14 291.473 249.473 421.076
73600000 17.9563 249.073 297.363 267.029 423.546
73700000 16.9246 255.496 305.031 272.421 424.423
73800000 36.6574 255.132 304.596 291.789 423.489
73900000 39.3357 252.503 301.457 291.839 424.098
74000000 14.7856 246.016 293.712 260.801 425.051
74100000 2.34588 246.471 294.256 248.817 425.634
74200000 3.93538 252.175 301.065 256.11 425.714
74300000 -13.3144 250.477 299.039 237.163 426.679
74400000 0.0975237 250.065 298.547 250.163 428.935
74500000 15.5054 253.296 302.404 268.802 428.909
74600000 15.2663 251.836 300.661 267.102 429.919
74700000 7.69998 252.121 301.002 259.821 431.238
74800000 5.19205 247.162 295.081 252.354 434.316
74900000 2.22914 247.481 295.461 249.71 436.212
75000000 14.8167 241.501 288.323 256.318 433.417
75100000 22.0015 251.013 299.678 273.014 433.255
75200000 12.2935 240.872 287.571 253.165 436.449
75300000 0.251099 247.408 295.375 247.659 435.539
75400000 -7.61399 245.607 293.224 237.993 435.305
75500000 -5.97425 251.184 299.883 245.21 434.48
75600000 -6.80817 248.857 297.105 242.049 432.579
75700000 -10.3608 248.989 297.262 238.628 429.85
75800000 -11.6026 249.57 297.956 237.967 429.027
75900000 16.9752 248.391 296.548 265.366 430.345
76000000 20.587 254.817 304.22 275.404 432.542
76100000 10.1745 249.589 297.978 259.763 432.648
76200000 -2.34841 260.193 310.638 257.845 435.692
76300000 -8.69664 249.703 298.114 241.006 437.233
76400000 -12.9291 249.116 297.413 236.186 439.04
76500000 -20.7582 255.56 305.107 234.802 439.295
76600000 -3.48204 258.565 308.694 255.083 440.413
76700000 -9.34237 252.878 301.905 243.535 437.239
76800000 2.91817 259.266 309.531 262.184 436.927
76900000 -1.70909 248.257 296.388 246.548 437.902
77000000 -4.898 247.918 295.983 243.02 440.407
77100000 15.2157 250.688 299.29 265.903 439.596
77200000 16.5402 253.423 302.556 269.964 440.555
77300000 18.9663 258.943 309.146 277.909 442.797
77400000 16.7234 248.695 296.911 265.419 443.275
77500000 27.0575 248.534 296.719 275.591 446.214
77600000 3.15863 253.827 303.038 256.986 446.386
77700000 9.59753 255.991 305.622 265.589 446.032
77800000 -10.0886 245.494 293.09 235.406 444.731
77900000 8.88445 248.131 296.238 257.016 446.521
78000000 -0.669989 254.178 303.458 253.508 446.193
78100000 6.78603 246.026 293.724 252.812 446.84
78200000 7.02201 246.658 294.48 253.68 447.693
78300000 13.5648 252.27 301.179 265.835 450.718
78400000 -2.22764 248.448 296.616 246.22 452.127
78500000 -1.86923 251.251 299.962 249.381 452.845
78600000 -20.7108 249.557 297.94 228.846 455.439
78700000 -20.4147 253.552 302.71 233.138 453.391
78800000 -10.1227 254.357 303.67 244.234 453.552
78900000 5.61084 248.18 296.296 253.791 455.691
79000000 8.59205 243.598 290.826 252.19 456.147
79100000 3.28268 250.568 299.147 253.85 457.099
79200000 -7.0051 249.089 297.382 242.084 460.603
79300000 -10.2712 247.416 295.384 237.145 458.373
79400000 -13.172 245.967 293.654 232.795 456.993
79500000 -9.05386 248.663 296.873 239.609 455.286
79600000 0.854701 251.719 300.522 252.574 453.52
79700000 -15.2268 246.997 294.884 231.771 454.933
79800000 -15.3924 248.471 296.643 233.078 456.086
79900000 -7.21648 251.602 300.382 244.386 456.279
80000000 -6.48259 255.978 305.606 249.496 457.329
80100000 12.8277 252.473 301.422 265.301 458.486
80200000 11.9355 253.598 302.764 265.533 458.992
80300000 36.8819 251.512 300.274 288.394 461.271
80400000 42.3656 251.204 299.906 293.569 461.387
80500000 43.8152 254.5 303.841 298.315 461.555
80600000 8.03613 247.902 295.964 255.938 461.539
80700000 6.77359 251.777 300.591 258.551 461.108
80800000 13.897 252.101 300.977 265.998 463.137
80900000 16.8633 251.624 300.408 268.487 465.478
81000000 -0.184483 255.399 304.915 255.215 465.58
81100000 10.0704 250.99 299.651 261.06 467.023
81200000 -12.3716 247.853 295.906 235.482 468.515
81300000 -8.89422 261.829 312.591 252.935 467.957
81400000 -6.30827 250.375 298.917 244.067 466.614
81500000 10.2868 256.114 305.768 266.4 464.41
81600000 14.7141 250.447 299.003 265.161 463.037
81700000 11.0249 251.258 299.971 262.283 459.566
81800000 29.9 249.96 298.421 279.859 460.245
81900000 9.63902 246.898 294.765 256.537 462.569
82000000 31.1054 258.239 308.305 289.344 463.654
82100000 25.5844 248.012 296.095 273.596 463.801
82200000 30.9934 252.039 300.903 283.032 462.249
82300000 46.872 250.787 299.409 297.659 462.689
82400000 53.0676 244.508 291.912 297.576 461.793
82500000 40.2901 247.158 295.076 287.448 460.761
82600000 48.3489 257.03 306.862 305.378 461.458
82700000 37.0382 252.863 301.888 289.902 460.426
82800000 39.9022 250.985 299.645 290.887 461.493
82900000 26.5604 244.734 292.182 271.294 465.117
83000000 8.12782 251.237 299.946 259.365 465.84
83100000 13.8239 252.825 301.842 266.649 465.347
83200000 0.662238 245.576 293.188 246.239 463.786
83300000 25.3002 255.507 305.044 280.808 458.902
83400000 28.2685 252.339 301.262 280.607 458.431
83500000 23.5855 252.054 300.921 275.639 461.594
83600000 6.43639 257.061 306.899 263.497 461.857
83700000 9.42332 249.586 297.975 259.01 460.347
83800000 8.5657 248.784 297.017 257.35 460.32
83900000 17.5778 251.043 299.714 268.62 458.878
84000000 17.1547 253.822 303.032 270.977 458.958
84100000 17.451 249.635 298.033 267.086 460.949
84200000 14.9721 246.154 293.878 261.126 462.853
84300000 1.66602 253.762 302.961 255.428 463.717
84400000 12.3918 257.046 306.881 269.438 463.93
84500000 14.5091 254.623 303.988 269.132 465.838
84600000 25.035 249.344 297.686 274.379 466.01
84700000 13.7442 255.18 304.653 268.924 462.547
84800000 14.2443 255.002 304.441 269.246 460.941
84900000 33.8157 255.782 305.373 289.598 459.84
85000000 36.979 253.015 302.068 289.994 459.149
85100000 35.0094 255.711 305.288 290.721 459.038
85200000 23.0491 254.74 304.128 277.789 461.268
85300000 15.5218 252.795 301.806 268.317 464.043
85400000 26.5227 257.879 307.876 284.402 466.094
85500000 16.7586 250.918 299.565 267.677 468.918
85600000 26.7791 254.16 303.436 280.939 468.193
85700000 5.69643 255.5 305.035 261.196 470.251
85800000 20.9732 256.696 306.463 277.669 471.166
85900000 9.05286 245.601 293.217 254.654 471.781
86000000 -8.91211 243.93 291.222 235.017 469.679
86100000 7.49233 247.488 295.471 254.981 469.208
86200000 24.1845 254.245 303.538 278.43 468.402
86300000 39.8719 248.053 296.145 287.925 470.792
86400000 51.0812 250.342 298.877 301.423 471.47
86500000 58.0108 254.347 303.658 312.357 473.295
86600000 30.2585 252.839 301.858 283.097 472.345
86700000 28.4911 250.513 299.081 279.004 468.949
86800000 17.2541 246.145 293.867 263.399 468.35
86900000 6.71239 247.538 295.53 254.25 469.96
87000000 -19.5806 252.157 301.044 232.576 471.222
87100000 -5.16581 253.821 303.031 248.655 469.802
87200000 9.52966 247.778 295.816 257.307 469.824
87300000 22.1715 252.429 301.37 274.601 472.108
87400000 23.3092 253.563 302.723 276.873 472.91
87500000 18.4234 250.65 299.245 269.074 470.164
87600000 -3.63425 250.299 298.826 246.665 470.701
87700000 6.48592 253.057 302.118 259.543 475.151
87800000 -7.59399 257.339 307.23 249.745 476.282
87900000 8.6845 249.476 297.843 258.16 475.121
88000000 23.164 250.39 298.935 273.554 475.129
88100000 34.0037 256.137 305.796 290.141 475.629
88200000 22.8637 241.07 287.808 263.934 473.815
88300000 30.3451 253.133 302.209 283.478 474.085
88400000 37.1525 253.021 302.076 290.174 473.281
88500000 33.1955 256.548 306.286 289.743 472.698
88600000 17.8866 249.332 297.672 267.219 473.344
88700000 38.4967 256.665 306.427 295.162 470.656
88800000 42.7981 252.651 301.634 295.449 470.262
88900000 52.196 250.95 299.604 303.146 470.351
89000000 39.1647 258.715 308.874 297.88 469.183
89100000 32.0159 247.873 295.93 279.889 469.164
89200000 26.1198 253.93 303.161 280.05 471.291
89300000 28.9511 251.441 300.19 280.392 474.22
89400000 30.2964 252.88 301.907 283.176 477.176
89500000 28.2128 250.984 299.643 279.196 478.691
89600000 36.4312 256.018 305.654 292.449 479.597
89700000 23.2221 248.727 296.949 271.949 477.407
89800000 26.529 253.34 302.456 279.869 475.61
89900000 43.9348 253.061 302.123 296.995 472.045
90000000 21.271 256.062 305.706 277.333 471.351
90100000 23.717 245.853 293.518 269.57 469.063
90200000 7.46367 245.609 293.227 253.073 467.881
90300000 -3.38018 255.058 304.508 251.678 469.726
90400000 -7.87486 257.533 307.463 249.658 470.116
90500000 22.9485 253.961 303.199 276.91 469.137
90600000 7.02143 253.621 302.792 260.642 470.104
90700000 22.5003 253.323 302.436 275.823 470.989
90800000 22.447 250.773 299.392 273.22 471.27
90900000 25.191 248.674 296.886 273.865 471.182
91000000 16.2352 247.968 296.043 264.203 469.102
91100000 15.1401 256.318 306.012 271.458 466.238
91200000 13.0177 250.901 299.545 263.919 465.275
91300000 25.5557 248.485 296.66 274.041 465.434
91400000 12.9216 247.937 296.007 260.859 466.503
91500000 10.9913 254.62 303.985 265.612 468
91600000 -6.5008 252.244 301.149 245.744 470.427
91700000 2.94776 251.965 300.815 254.912 470.382
91800000 3.67318 254.064 303.321 257.737 471.193
91900000 10.1949 254.427 303.755 264.622 472.413
92000000 21.7996 249.371 297.719 271.171 473.808
92100000 16.1396 245.378 292.95 261.517 475.73
92200000 8.04585 263.523 314.614 271.569 475.34
92300000 11.5788 253.359 302.479 264.938 474.549
92400000 2.0381 253.514 302.664 255.552 475.277
92500000 5.49992 249.341 297.682 254.841 476.074
92600000 -1.75274 248.229 296.354 246.476 476.508
92700000 -4.11557 250.781 299.402 246.666 476.171
92800000 -30.0648 250.535 299.108 220.471 475.664
92900000 -23.1638 246.541 294.339 223.377 475.697
93000000 -18.3884 252.304 301.22 233.915 475.641
93100000 -25.2264 256.327 306.022 231.1 474.449
93200000 -31.9331 247.658 295.672 215.724 473.488
93300000 -11.2176 259.527 309.843 248.309 469.605
93400000 -7.75381 244.767 292.222 237.013 467
93500000 2.50707 252.386 301.318 254.893 465.178
93600000 -11.5516 254.577 303.934 243.026 465.001
93700000 -14.0538 252.808 301.821 238.754 464.82
93800000 -9.27325 256.898 306.705 247.625 466.839
93900000 -1.26021 252.443 301.386 251.183 467.855
94000000 2.11406 249.858 298.3 251.972 469.965
94100000 -4.18673 252.378 301.308 248.191 468.828
94200000 8.03884 253.63 302.803 261.669 468.626
94300000 4.49739 250.133 298.628 254.63 469.431
94400000 -6.77815 252.254 301.16 245.476 471.897
94500000 -10.348 257.391 307.294 247.043 473.643
94600000 -22.2992 243.372 290.557 221.073 477.008
94700000 -4.09992 250.122 298.615 246.022 480.374
94800000 0.469194 258.958 309.164 259.427 481.361
94900000 16.6643 250.516 299.086 267.181 480.471
95000000 18.576 255.045 304.493 273.621 479.356
95100000 35.8408 251.299 300.02 287.14 482.846
95200000 29.3138 257.333 307.224 286.647 483.248
95300000 28.5208 252.203 301.099 280.724 480.654
95400000 29.0457 253.082 302.148 282.127 478.595
95500000 12.1908 247.212 295.14 259.403 480.419
95600000 37.4171 249.516 297.892 286.933 482.309
95700000 23.8451 250.635 299.227 274.48 482.076
95800000 5.45546 254.663 304.036 260.118 482.722
95900000 -3.14449 249.733 298.15 246.588 483.093
96000000 0.955307 252.304 301.22 253.26 484.996
96100000 15.373 246.833 294.688 262.206 484.544
96200000 10.4708 251.517 300.281 261.988 486.693
96300000 11.5265 254.519 303.864 266.045 487.619
96400000 -8.15505 249.441 297.801 241.286 488.034
96500000 -15.5575 256.02 305.656 240.463 488.33
96600000 -7.26177 249.418 297.774 242.156 489.65
96700000 1.72242 245.849 293.514 247.572 488.398
96800000 10.3679 253.023 302.078 263.39 492.045
96900000 -3.2865 253.431 302.565 250.145 497.02
97000000 -4.06717 251.573 300.347 247.505 496.963
97100000 -7.95483 251.033 299.702 243.078 494.439
97200000 16.2084 253.593 302.758 269.801 495.624
97300000 4.66719 255.283 304.776 259.95 495.427
97400000 0.988731 249.809 298.241 250.798 496.407
97500000 -1.08357 249.235 297.556 248.151 497.319
97600000 -4.38409 255.53 305.071 251.146 498.018
97700000 0.249693 253.975 303.215 254.225 495.149
97800000 6.39929 254.566 303.921 260.966 495.252
97900000 11.6541 246.032 293.731 257.686 495.377
98000000 6.90814 253.001 302.052 259.909 494.205
98100000 -8.22715 246.443 294.223 238.216 497.077
98200000 -4.78962 250.767 299.384 245.977 498.536
98300000 -5.69046 244.865 292.338 239.174 500.065
98400000 -10.3464 248.881 297.134 238.535 501.009
98500000 -15.329 246.519 294.314 231.19 501.449
98600000 -5.62362 258.114 308.156 252.49 503.412
98700000 -9.00906 248.04 296.129 239.031 505.001
98800000 -25.5696 251.259 299.973 225.69 503.865
98900000 0.919434 251.161 299.855 252.08 504.673
99000000 -11.2243 254.05 303.305 242.826 505.809
99100000 -20.3854 244.134 291.466 223.749 506.507
99200000 -21.8561 249.761 298.184 227.905 507.273
99300000 -27.1449 252.425 301.364 225.28 508.047
99400000 -4.68305 253.249 302.348 248.566 509.356
99500000 11.2464 249.568 297.953 260.814 508.473
99600000 12.5936 259.903 310.292 272.497 508.304
99700000 6.9423 246.193 293.925 253.136 507.607
99800000 21.1908 249.231 297.551 270.422 508.485
99900000 26.2859 248.74 296.964 275.026 507.082
100000000 11.1295 258.951 309.155 270.08 508.038
100100000 9.67565 259.885 310.27 269.561 509.84
100200000 4.39928 255.585 305.137 259.985 509.06
100300000 2.81266 251.08 299.759 253.893 509.668
100400000 9.25334 248.297 296.437 257.551 508.261
100500000 -5.68063 248.508 296.688 242.828 508.922
100600000 -37.4693 252.361 301.288 214.891 510.623
100700000 -10.2101 251.042 299.713 240.832 510.555
100800000 -6.33708 257.088 306.931 250.751 512.352
100900000 -3.87998 254.578 303.934 250.698 513.872
101000000 1.46086 250.573 299.153 252.033 514.917
101100000 14.7677 251.401 300.142 266.169 512.111
101200000 14.7509 246.242 293.983 260.993 512.255
101300000 7.15979 257.145 307 264.305 511.211
101400000 0.450057 249.467 297.833 249.917 513.483
101500000 13.7089 243.426 290.62 257.135 515.277
101600000 1.78371 252.882 301.91 254.666 518.514
101700000 13.765 249.81 298.243 263.575 519.717
101800000 23.3145 251.179 299.877 274.494 522.07
101900000 -1.52234 244.372 291.75 242.849 522.71
102000000 -5.1992 254.459 303.793 249.26 522.02
102100000 16.4619 246.601 294.411 263.063 522.257
102200000 5.30051 257.015 306.844 262.316 524.801
102300000 -9.05842 254.008 303.254 244.949 527.566
102400000 12.6587 251.978 300.831 264.637 525.537
102500000 21.3505 251.901 300.739 273.252 525.194
102600000 -4.75936 252.88 301.907 248.12 524.763
102700000 9.35939 259.758 310.118 269.117 524.957
102800000 4.03694 247.623 295.631 251.66 527.811
102900000 11.1926 256.961 306.779 268.153 528.557
103000000 21.6466 250.783 299.404 272.43 531.13
103100000 32.0083 258.481 308.594 290.489 532.35
103200000 14.2029 251.981 300.834 266.183 530.893
103300000 10.8609 254.659 304.032 265.52 528.506
103400000 26.3683 254.678 304.054 281.046 525.824
103500000 37.2501 253.925 303.156 291.176 526.397
103600000 35.0071 247.815 295.861 282.822 526.156
103700000 42.9343 255.321 304.822 298.255 527.236
103800000 25.3493 250.889 299.531 276.239 527.196
103900000 26.5001 256.559 306.299 283.059 528.116
104000000 44.9018 251.223 299.929 296.125 528.35
104100000 39.3349 248.424 296.587 287.758 528.674
104200000 47.1242 245.005 292.505 292.129 528.517
104300000 22.2347 258.265 308.337 280.5 531.122
104400000 17.3482 243.947 291.243 261.295 530.657
104500000 22.3433 251.422 300.167 273.765 532.673
104600000 23.651 243.526 290.74 267.177 535.68
104700000 23.8021 255.366 304.876 279.168 536.662
104800000 14.6659 255.889 305.5 270.555 536.982
104900000 27.085 248.542 296.729 275.627 536.631
105000000 3.85373 255.079 304.533 258.933 536.719
