# Time-averaged data for fix favg
# TimeStep v_vpe v_vke v_vT v_vE v_vRg
5100000 -117.918 917.729 298.622 799.812 125.037
5200000 -135.173 919.121 299.075 783.948 125.889
5300000 -111.346 922.894 300.302 811.548 128.065
5400000 -54.0366 920.579 299.549 866.542 127.546
5500000 -82.6238 917.987 298.706 835.363 129.252
5600000 -99.5428 927.55 301.817 828.007 129.613
5700000 -63.994 932.672 303.484 868.678 129.976
5800000 -90.7526 930.655 302.828 839.903 130.313
5900000 -86.5411 924.596 300.856 838.054 130.827
6000000 -77.7135 929.773 302.541 852.059 131.92
6100000 -98.0899 922.282 300.103 824.192 132.276
6200000 -100.129 914.218 297.479 814.088 132.408
6300000 -84.805 909.383 295.906 824.578 133.133
6400000 -82.207 923.856 300.616 841.649 133.435
6500000 -117.266 902.137 293.548 784.872 136.124
6600000 -103.99 921.642 299.895 817.653 136.512
6700000 -82.8557 910.55 296.286 827.694 135.796
6800000 -70.5093 930.293 302.71 859.784 135.958
6900000 -57.1594 917.84 298.658 860.68 135.896
7000000 -28.6279 925.721 301.222 897.093 137.18
7100000 -61.1738 910.036 296.119 848.862 137.59
7200000 -92.0613 913.293 297.178 821.232 137.302
7300000 -76.0995 917.464 298.536 841.365 136.25
7400000 -81.564 912.877 297.043 831.313 136.516
7500000 -76.868 921.662 299.902 844.794 136.964
7600000 -108.57 911.257 296.516 802.687 138.235
7700000 -111.118 920.744 299.603 809.626 139.136
7800000 -132.371 917.405 298.516 785.034 140.973
7900000 -156.539 921.971 300.002 765.432 141.367
8000000 -134.902 912.086 296.786 777.184 141.476
8100000 -117.55 924.001 300.663 806.451 140.418
8200000 -108.783 931.409 303.073 822.627 141.346
8300000 -150.489 929.3 302.387 778.811 142.782
8400000 -126.807 926.576 301.501 799.769 143.32
8500000 -120.351 915.625 297.937 795.274 144.804
8600000 -123.879 924.676 300.882 800.797 145.284
8700000 -99.7848 902.262 293.589 802.477 144.225
8800000 -133.012 919.323 299.14 786.31 144.719
8900000 -153.175 927.102 301.672 773.928 146.776
9000000 -140.351 924.549 300.841 784.198 148.541
9100000 -138.167 926.041 301.326 787.874 150.163
9200000 -96.9089 915.253 297.816 818.344 150.827
9300000 -104.513 913.137 297.128 808.624 151.722
9400000 -108.016 914.155 297.459 806.139 153.513
9500000 -137.621 916.926 298.36 779.304 154.01
9600000 -106.912 919.715 299.268 812.803 153.106
9700000 -111.308 925.679 301.209 814.372 152.662
9800000 -86.3537 912.617 296.958 826.263 153.036
9900000 -102.827 927.982 301.958 825.155 154.123
10000000 -106.072 926.28 301.404 820.208 154.323
10100000 -56.5186 930.398 302.744 873.88 155.942
10200000 -56.3708 923.616 300.537 867.245 157.559
10300000 -68.5166 914.966 297.723 846.449 157.63
10400000 -76.679 917.093 298.415 840.414 157.486
10500000 -75.5078 921.332 299.794 845.824 158.253
10600000 -52.2765 922.888 300.3 870.611 159.16
10700000 -70.4679 918.272 298.799 847.804 158.816
10800000 -79.4382 937.979 305.211 858.541 158.721
10900000 -93.1986 927.307 301.738 834.108 159.687
11000000 -81.7229 916.207 298.127 834.485 160.606
11100000 -75.21 916.927 298.361 841.717 162.647
11200000 -95.2119 919.119 299.074 823.908 163.93
11300000 -102.4 915.44 297.877 813.039 163.858
11400000 -108.023 925.515 301.155 817.493 164.71
11500000 -111.916 931.583 303.13 819.667 165.987
11600000 -107.139 930.304 302.713 823.165 166.789
11700000 -91.6991 919.718 299.269 828.019 165.966
11800000 -87.86 919.14 299.081 831.28 166.151
11900000 -104.63 926.34 301.424 821.711 168.03
12000000 -108.581 921.695 299.912 813.115 168.104
12100000 -134.414 920.87 299.644 786.456 168.465
12200000 -117.193 926.83 301.583 809.638 168.758
12300000 -84.8825 935.177 304.299 850.294 169.429
12400000 -107.367 914.447 297.554 807.081 170.612
12500000 -112.166 917.447 298.53 805.28 171.001
12600000 -95.7416 932.727 303.502 836.986 171.636
12700000 -74.8845 921.433 299.827 846.548 172.986
12800000 -110.779 931.727 303.177 820.948 173.124
12900000 -83.7247 931.969 303.255 848.244 173.341
13000000 -87.9014 933.06 303.61 845.158 175.034
13100000 -107.614 914.137 297.453 806.523 174.327
13200000 -123.917 928.463 302.115 804.546 174.383
13300000 -139.488 924.552 300.842 785.064 175.364
13400000 -118.497 908.447 295.601 789.949 176.061
13500000 -139.354 922.71 300.243 783.356 176.402
13600000 -125.55 917.215 298.455 791.665 176.426
13700000 -113.492 927.423 301.776 813.932 175.988
13800000 -112.401 917.953 298.695 805.552 176.533
13900000 -97.6624 922.39 300.138 824.728 176.929
14000000 -67.3196 909.644 295.991 842.324 176.232
14100000 -106.27 921.908 299.982 815.638 176.098
14200000 -129.652 916.467 298.211 786.815 175.951
14300000 -139.675 912.091 296.787 772.416 176.611
14400000 -122.094 928.242 302.043 806.148 178.141
14500000 -90.2186 918.276 298.8 828.057 179.787
14600000 -105.846 924.255 300.745 818.408 180.105
14700000 -93.3808 925.489 301.147 832.109 180.101
14800000 -117.036 903.906 294.124 786.87 180.738
14900000 -115.862 933.632 303.796 817.77 181.456
15000000 -91.003 935.245 304.321 844.242 181.946
15100000 -119.784 922.759 300.259 802.975 183.206
15200000 -143.841 932.719 303.499 788.878 185.898
15300000 -131.435 924.577 300.85 793.141 186.788
15400000 -151.567 918.103 298.743 766.535 187.766
15500000 -154.488 929.992 302.612 775.503 188.261
15600000 -137.745 923.167 300.391 785.421 189.255
15700000 -141.75 927.595 301.832 785.844 188.118
15800000 -108.251 921.084 299.714 812.833 188.713
15900000 -123.655 931.802 303.201 808.147 188.528
16000000 -99.6383 919.41 299.169 819.772 188.847
16100000 -85.4735 913.156 297.134 827.683 189.007
16200000 -89.7104 931.368 303.06 841.657 189.923
16300000 -130.591 925.201 301.053 794.61 189.691
16400000 -119.837 917.822 298.652 797.986 189.822
16500000 -153.169 926.793 301.571 773.625 189.809
16600000 -112.656 914.395 297.537 801.739 190.946
16700000 -119.415 917.815 298.65 798.4 191.199
16800000 -115.774 921.269 299.774 805.494 191.252
16900000 -128.969 911.537 296.607 782.568 191.356
17000000 -130.191 912.958 297.069 782.767 192.925
17100000 -131.683 920.055 299.379 788.373 193.678
17200000 -116.935 937.352 305.007 820.418 193.935
17300000 -138.729 927.65 301.85 788.921 194.725
17400000 -119.891 913.075 297.108 793.184 194.331
17500000 -103.862 917.302 298.483 813.44 194.184
17600000 -90.296 916.961 298.372 826.665 195.068
17700000 -82.1543 915.662 297.949 833.508 194.966
17800000 -33.6588 926.371 301.434 892.713 194.599
17900000 -65.9554 921.367 299.806 855.412 194.862
18000000 -84.3067 920.772 299.612 836.465 195.453
18100000 -123.809 915.911 298.03 792.102 194.83
18200000 -99.6031 929.495 302.45 829.892 195.121
18300000 -94.6542 920.434 299.502 825.78 196.583
18400000 -34.6787 927.306 301.738 892.627 196.704
18500000 -55.4355 923.304 300.436 867.869 198.649
18600000 -88.962 929.211 302.358 840.249 200.326
18700000 -58.5513 927.14 301.684 868.589 200.085
18800000 -69.5304 917.202 298.45 847.672 200.335
18900000 -67.3923 920.859 299.64 853.467 201.819
19000000 -125.151 930.327 302.721 805.176 202.092
19100000 -142.609 925.587 301.179 782.978 201.548
19200000 -103.163 914.786 297.664 811.623 202.843
19300000 -55.5228 931.976 303.258 876.453 203.058
19400000 -45.335 924.277 300.753 878.942 203.9
19500000 -66.4821 917.288 298.478 850.806 204.011
19600000 -145.253 926.585 301.504 781.332 204.232
19700000 -148.55 916.843 298.334 768.294 205.53
19800000 -137.959 926.573 301.5 788.614 206.516
19900000 -143.151 929.742 302.531 786.59 208.309
20000000 -159.44 909.192 295.844 749.752 209.488
20100000 -113.748 926.186 301.374 812.439 209.145
20200000 -92.0905 916.685 298.282 824.594 209.134
20300000 -35.8902 906.208 294.873 870.318 209.798
20400000 -108.797 920.149 299.409 811.353 211.171
20500000 -97.2341 923.327 300.443 826.093 211.791
20600000 -98.8598 934.061 303.936 835.202 213.166
20700000 -154.817 919.131 299.078 764.314 213.231
20800000 -140.909 924.94 300.968 784.032 211.935
20900000 -111.561 936.712 304.799 825.151 212.217
21000000 -89.271 922.345 300.124 833.074 213.474
21100000 -128.619 915.892 298.024 787.273 214.691
21200000 -98.6646 914.92 297.708 816.256 215.397
21300000 -83.4618 915.542 297.91 832.08 217.501
21400000 -100.29 919.087 299.064 818.797 218.554
21500000 -146.152 929.837 302.562 783.685 220.067
21600000 -155.14 928.123 302.004 772.983 221.32
21700000 -135.451 918.715 298.943 783.264 221.24
21800000 -91.7973 941.936 306.499 850.139 222.184
21900000 -33.2063 935.761 304.489 902.555 222.48
22000000 -69.8668 931.31 303.041 861.444 223.271
22100000 -59.9857 926.588 301.505 866.603 224.151
22200000 -79.6932 921.495 299.847 841.802 224.637
22300000 -99.3863 909.559 295.963 810.172 224.375
22400000 -122.578 910.788 296.363 788.21 224.816
22500000 -108.112 930.435 302.756 822.323 225.411
22600000 -94.7233 916.558 298.241 821.834 226.52
22700000 -53.7651 930.094 302.645 876.329 226.349
22800000 -79.2456 918.15 298.759 838.904 227.185
22900000 -124.32 921.352 299.801 797.031 227.46
23000000 -115.112 912.329 296.865 797.217 227.829
23100000 -56.5417 933.975 303.908 877.433 228.847
23200000 -90.0166 931.568 303.125 841.551 229.69
23300000 -125.678 910.889 296.396 785.211 230.283
23400000 -76.5744 917.379 298.508 840.805 231.19
23500000 -119.259 915.265 297.82 796.006 231.102
23600000 -111.18 937.011 304.896 825.832 231.755
23700000 -114.342 919.561 299.218 805.219 232.882
23800000 -90.0498 925.634 301.194 835.584 232.514
23900000 -97.7833 930.855 302.893 833.072 232.945
24000000 -106.389 923.538 300.512 817.149 233.903
24100000 -126.141 931.165 302.994 805.025 234.918
24200000 -102.601 919.318 299.139 816.717 235.677
24300000 -86.7651 933.33 303.698 846.565 236.464
24400000 -78.0504 929.282 302.381 851.231 237.69
24500000 -109.705 930.149 302.663 820.444 237.702
24600000 -65.1823 928.424 302.102 863.241 237.767
24700000 -42.2838 927.779 301.892 885.495 237.851
24800000 -59.8285 922.299 300.109 862.47 238.604
24900000 -45.8666 912.702 296.986 866.835 239.151
25000000 -85.8868 915.194 297.797 829.307 239.309
25100000 -100.158 928.437 302.106 828.278 240.985
25200000 -101.948 917.48 298.541 815.532 241.926
25300000 -65.3025 921.756 299.932 856.453 242.002
25400000 -61.7157 919.437 299.178 857.721 241.58
25500000 -61.5085 923.569 300.522 862.061 242.031
25600000 -105.195 912.259 296.842 807.064 242.14
25700000 -112.255 917.393 298.512 805.138 243.178
25800000 -153.186 933.572 303.777 780.386 243.828
25900000 -94.7874 916.216 298.129 821.428 244.184
26000000 -98.7552 936.306 304.666 837.551 242.881
26100000 -115.719 914.96 297.721 799.242 243.618
26200000 -77.2504 934.239 303.994 856.989 244.439
26300000 -50.3045 926.764 301.562 876.459 244.754
26400000 -105.302 929.178 302.347 823.877 244.871
26500000 -96.3897 916.085 298.087 819.695 245.593
26600000 -104.898 912.976 297.075 808.078 245.738
26700000 -59.6158 922.649 300.223 863.033 245.621
26800000 -79.3978 907.44 295.274 828.042 244.842
26900000 -78.2504 924.741 300.903 846.491 243.993
27000000 -105.923 926.658 301.527 820.736 244.673
27100000 -114.228 918.637 298.917 804.409 244.902
27200000 -96.7472 909.374 295.903 812.626 244.005
27300000 -54.4147 922.448 300.157 868.033 244.749
27400000 -89.3222 927.585 301.829 838.263 244.981
27500000 -63.9251 929.07 302.312 865.145 244.631
27600000 -98.1014 916.308 298.159 818.207 244.592
27700000 -71.9919 918.074 298.734 846.082 245.467
27800000 -84.2079 919.288 299.129 835.08 246.374
27900000 -106.704 930.61 302.813 823.905 246.256
28000000 -140.822 919.668 299.253 778.846 245.576
28100000 -150.196 925.107 301.023 774.911 244.435
28200000 -149.352 927.471 301.792 778.118 245.098
28300000 -74.0422 909.031 295.791 834.988 245.279
28400000 -97.2665 921.952 299.996 824.686 245.645
28500000 -89.1628 927.509 301.804 838.346 246.814
28600000 -136.257 909.705 296.011 773.447 247.187
28700000 -113.181 926.692 301.538 813.511 247.7
28800000 -99.1926 909.579 295.97 810.386 247.823
28900000 -106.065 909.73 296.019 803.666 248.007
29000000 -78.2544 920.974 299.678 842.72 248.862
29100000 -102.142 923.273 300.426 821.131 250.065
29200000 -90.2083 928.114 302.001 837.905 250.503
29300000 -102.532 909.577 295.969 807.044 249.829
29400000 -75 923.438 300.479 848.438 249.682
29500000 -50.9315 923.086 300.365 872.155 249.907
29600000 -94.8004 908.839 295.729 814.039 250.529
29700000 -94.3195 920.579 299.549 826.26 251.506
29800000 -88.4692 909.418 295.917 820.949 251.27
29900000 -34.6233 922.219 300.083 887.596 252.377
30000000 -56.6572 912.919 297.057 856.261 252.667
30100000 -77.8544 924.615 300.862 846.761 252.818
30200000 -99.6331 921.247 299.767 821.614 253.663
30300000 -123.469 914.248 297.489 790.779 253.444
30400000 -127.618 920.451 299.508 792.833 252.315
30500000 -120.561 918.262 298.795 797.701 252.513
30600000 -92.0776 928.564 302.147 836.486 252.961
30700000 -114.138 919.255 299.118 805.117 254.26
30800000 -108.859 924.917 300.961 816.057 254.598
30900000 -126.2 914.227 297.482 788.028 254.163
31000000 -128.758 920.764 299.609 792.005 254.121
31100000 -99.8358 915.721 297.968 815.885 254.332
31200000 -85.585 922.563 300.195 836.978 254.442
31300000 -97.4219 921.275 299.776 823.853 256.021
31400000 -100.692 919.958 299.347 819.266 256.713
31500000 -105.731 926.107 301.348 820.376 256.982
31600000 -82.9531 911.108 296.467 828.155 257.32
31700000 -90.3644 915.147 297.781 824.782 257.365
31800000 -123.86 920.707 299.591 796.847 256.806
31900000 -152.784 920.15 299.41 767.366 256.551
32000000 -147.758 920.593 299.554 772.835 255.541
32100000 -127.183 909.303 295.88 782.12 255.389
32200000 -102.849 925.804 301.249 822.955 255.655
32300000 -124.788 929.571 302.475 804.783 255.588
32400000 -142.122 911.597 296.626 769.475 255.627
32500000 -95.1097 928.104 301.998 832.994 256.526
32600000 -61.1287 920.998 299.686 859.87 257.313
32700000 -93.9588 923.238 300.414 829.279 256.875
32800000 -112.687 916.105 298.093 803.418 257.186
32900000 -105.377 925.787 301.244 820.41 257.475
33000000 -64.8632 915.503 297.897 850.64 258.226
33100000 -72.839 917.29 298.479 844.451 259.312
33200000 -94.3661 914.182 297.468 819.816 260.238
33300000 -87.7073 918.338 298.82 830.631 260.945
33400000 -101.135 925.556 301.168 824.42 260.244
33500000 -115.397 926.204 301.379 810.806 260.598
33600000 -83.4678 930.675 302.834 847.208 261.871
33700000 -64.1543 907.11 295.166 842.956 262.655
33800000 -104.653 932.997 303.59 828.344 262.964
33900000 -75.3388 919.979 299.354 844.641 263.302
34000000 -71.7134 940.828 306.138 869.114 262.559
34100000 -79.5787 927.082 301.665 847.503 263.075
34200000 -97.4777 933.526 303.762 836.048 264.186
34300000 -82.7539 919.394 299.164 836.64 264.491
34400000 -114.724 927.027 301.647 812.302 265.437
34500000 -88.0552 909.033 295.792 820.978 266.433
34600000 -111.961 927.332 301.747 815.371 267.739
34700000 -121.588 905.232 294.555 783.644 267.111
34800000 -128.76 924.86 300.942 796.1 267.773
34900000 -151.192 921.514 299.853 770.323 267.549
35000000 -116.665 929.317 302.392 812.652 266.925
35100000 -101.924 914.877 297.694 812.953 266.352
35200000 -84.0605 911.193 296.495 827.132 266.108
35300000 -62.3972 921.066 299.708 858.669 265.177
35400000 -88.9252 923.188 300.398 834.262 264.865
35500000 -99.4055 919.572 299.221 820.167 264.544
35600000 -106.479 926.546 301.491 820.067 264.807
35700000 -150.491 917.218 298.456 766.727 263.953
35800000 -95.4204 922.918 300.31 827.497 264.287
