# Time-averaged data for fix favg
# TimeStep v_vpe v_vke v_vT v_vE v_vRg
5100000 -104.294 656.91 301.477 552.616 158.382
5200000 -93.2696 656.16 301.133 562.89 157.298
5300000 -88.9199 662.895 304.224 573.975 158.924
5400000 -49.1121 642.371 294.804 593.259 160.497
5500000 -56.4903 654.456 300.351 597.966 161.223
5600000 -99.5108 648.322 297.536 548.811 161.785
5700000 -125.52 660.697 303.215 535.177 162.099
5800000 -107.544 649.867 298.245 542.322 162.747
5900000 -83.6079 640.625 294.003 557.017 164.268
6000000 -89.5916 653.481 299.903 563.889 163.967
6100000 -101.285 662.536 304.059 561.251 161.76
6200000 -77.8418 660.393 303.076 582.551 161.808
6300000 -118.373 640.722 294.048 522.349 163.691
6400000 -111.419 667.902 306.521 556.483 165.255
6500000 -125.795 660.075 302.93 534.28 165.799
6600000 -97.9656 656.527 301.301 558.562 166.229
6700000 -110.423 657.202 301.611 546.779 166.85
6800000 -85.3717 658.282 302.107 572.91 168.394
6900000 -75.2979 657.474 301.736 582.177 170.468
7000000 -66.75 642.393 294.815 575.643 171.21
7100000 -81.7349 645.763 296.361 564.028 171.531
7200000 -93.8358 657.939 301.949 564.104 173.467
7300000 -113.337 654.636 300.434 541.299 175.202
7400000 -88.5602 656.355 301.222 567.795 175.168
7500000 -92.9278 657.016 301.526 564.088 175.898
7600000 -90.3367 642.494 294.861 552.157 175.997
7700000 -105.582 654.089 300.182 548.507 176.963
7800000 -80.1229 655.134 300.662 575.011 176.293
7900000 -89.1588 653.62 299.967 564.461 176.844
8000000 -117.692 658.229 302.082 540.536 176.44
8100000 -96.7803 667.648 306.405 570.868 178.033
8200000 -89.5114 660.935 303.324 571.423 179.085
8300000 -133.745 660.199 302.987 526.454 181.006
8400000 -155.708 656.832 301.441 501.124 182.247
8500000 -124.084 652.696 299.543 528.613 182.794
8600000 -78.2532 655.566 300.86 577.313 183.658
8700000 -69.9455 663.774 304.627 593.829 184.599
8800000 -80.3315 650.493 298.532 570.161 185.805
8900000 -104.071 656.919 301.481 552.848 187.192
9000000 -98.5321 652.933 299.652 554.401 187.839
9100000 -84.5219 664.852 305.122 580.33 188.02
9200000 -92.2969 656.374 301.231 564.077 188.365
9300000 -77.4241 653.501 299.912 576.077 189.846
9400000 -100.438 638.895 293.209 538.457 190.577
9500000 -94.5277 651.512 299 556.984 191.352
9600000 -97.4294 653.795 300.047 556.366 192.611
9700000 -54.1682 647.72 297.259 593.552 193.845
9800000 -62.0175 648.483 297.61 586.466 195.754
9900000 -85.4178 653.032 299.697 567.614 197.218
10000000 -96.6612 650.233 298.413 553.572 200.159
10100000 -83.4913 656.425 301.254 572.933 201.926
10200000 -112.801 647.881 297.333 535.081 203.156
10300000 -121.471 650.429 298.503 528.958 203.101
10400000 -93.9059 648.813 297.761 554.907 204.786
10500000 -115.292 661.206 303.448 545.914 207.105
10600000 -99.2406 655.795 300.965 556.554 208.18
10700000 -74.8394 656.725 301.392 581.885 210.761
10800000 -65.6655 661.853 303.746 596.188 214.209
10900000 -106.904 665.139 305.254 558.235 215.306
11000000 -76.0539 648.341 297.545 572.287 214.647
11100000 -64.9111 659.57 302.698 594.659 214.283
11200000 -75.2636 658.469 302.192 583.205 213.576
11300000 -71.2984 653.984 300.134 582.685 215.304
11400000 -71.9778 643.462 295.306 571.485 218.757
11500000 -112.348 647.141 296.994 534.793 220.853
11600000 -111.285 649.337 298.001 538.051 221.817
11700000 -69.1676 658.446 302.182 589.278 222.192
11800000 -55.6429 659.109 302.486 603.466 223.119
11900000 -90.5671 644.206 295.647 553.639 223.762
12000000 -91.0147 654.687 300.457 563.673 224.737
12100000 -88.1988 650.597 298.58 562.398 225.779
12200000 -91.0466 655.722 300.932 564.675 226.246
12300000 -113.185 647.498 297.157 534.313 225.497
12400000 -85.6083 664.497 304.959 578.888 226.159
12500000 -133.704 650.573 298.569 516.87 228.837
12600000 -122.103 645.954 296.449 523.851 230.282
12700000 -83.0477 654.073 300.175 571.026 229.928
12800000 -64.1488 656.874 301.461 592.726 231.121
12900000 -79.6661 642.802 295.003 563.136 233.068
13000000 -41.9536 644.723 295.884 602.77 233.568
13100000 -55.9561 647.509 297.163 591.553 235.226
13200000 -60.2733 648.847 297.777 588.574 237.762
13300000 -48.6196 655.123 300.657 606.503 238.785
13400000 -45.405 648.16 297.461 602.755 239.303
13500000 -41.8095 659.421 302.629 617.611 239.742
13600000 -69.0883 651.734 299.102 582.646 239.711
13700000 -57.2754 663.854 304.664 606.579 239.245
13800000 -72.4926 654.305 300.282 581.813 240.562
13900000 -66.1473 649.024 297.858 582.877 243.055
14000000 -67.8021 664.385 304.908 596.583 243.714
14100000 -76.7052 656.574 301.323 579.869 242.575
14200000 -78.0574 652.307 299.364 574.249 242.181
14300000 -56.3157 647.04 296.948 590.725 242.198
14400000 -91.1876 670.224 307.587 579.036 242.62
14500000 -77.3795 659.086 302.475 581.706 240.59
14600000 -87.4385 652.023 299.234 564.585 240.369
14700000 -64.1345 655.315 300.745 591.181 241.732
14800000 -84.1557 651.394 298.946 567.238 243.218
14900000 -60.9918 656.021 301.069 595.03 244.722
15000000 -55.2959 657.359 301.683 602.063 246.425
15100000 -43.0518 655.032 300.615 611.98 245.709
15200000 -55.173 661.256 303.471 606.083 246
15300000 -72.989 653.607 299.961 580.618 246.231
15400000 -94.9876 655.688 300.916 560.701 248.246
15500000 -107.11 642.613 294.916 535.504 249.744
15600000 -91.3133 651.877 299.167 560.564 250.89
15700000 -83.0859 654.807 300.512 571.721 252.039
15800000 -114.508 663.553 304.526 549.045 251.991
15900000 -98.8437 653.519 299.921 554.675 251.098
16000000 -104.007 657.059 301.545 553.052 251.994
16100000 -82.3514 661.104 303.402 578.752 251.945
16200000 -81.7722 651.792 299.128 570.02 253.087
16300000 -53.1059 654.109 300.192 601.004 254.749
16400000 -64.8455 647.807 297.299 582.962 255.39
16500000 -66.2664 648.932 297.816 582.666 256.275
16600000 -90.3682 666.176 305.729 575.808 255.18
16700000 -111.187 661.499 303.583 550.312 255.567
16800000 -96.821 650.654 298.606 553.833 255.359
16900000 -65.5742 645.629 296.3 580.055 255.807
17000000 -41.1015 642.646 294.931 601.545 256.194
17100000 -58.1947 652.69 299.54 594.495 256.506
17200000 -44.1844 638.298 292.935 594.113 257.135
17300000 -69.3377 658.938 302.408 589.6 258.811
17400000 -87.3279 643.69 295.41 556.362 257.234
17500000 -79.7756 649.355 298.01 569.58 257.572
17600000 -64.3707 646.282 296.599 581.911 257.689
17700000 -70.853 643.35 295.254 572.497 258.752
17800000 -92.9266 657.094 301.562 564.168 259.4
17900000 -104.746 645.887 296.418 541.141 260.626
18000000 -51.8902 647.917 297.35 596.027 260.632
18100000 -67.9239 653.802 300.051 585.878 262.008
18200000 -67.4419 655.641 300.894 588.199 261.68
18300000 -103.363 650.172 298.385 546.809 263.424
18400000 -97.2042 659.841 302.822 562.637 265.418
18500000 -55.4985 648.332 297.54 592.833 266.503
18600000 -66.4891 653.668 299.989 587.179 265.485
18700000 -108.982 658.143 302.043 549.161 265.779
18800000 -77.5083 665.708 305.515 588.2 266.888
18900000 -91.7218 649.2 297.939 557.478 268.096
19000000 -85.5575 661.01 303.359 575.453 268.597
19100000 -110.605 654.086 300.181 543.48 269.427
19200000 -70.1663 643.172 295.172 573.006 271.142
19300000 -77.3742 653.321 299.83 575.947 272.081
19400000 -98.6599 663.201 304.364 564.541 273.577
19500000 -81.8799 654.059 300.169 572.179 273.687
19600000 -77.122 649.922 298.27 572.8 273.263
19700000 -97.0871 656.263 301.18 559.176 272.834
19800000 -92.25 649.014 297.853 556.764 272.704
19900000 -73.2102 651.968 299.209 578.758 273.455
20000000 -55.3018 657.663 301.823 602.361 274.735
20100000 -47.5568 653.142 299.748 605.585 274.578
20200000 -82.593 653.538 299.93 570.945 275.851
20300000 -70.8759 656.033 301.074 585.157 277.516
20400000 -54.5908 657.916 301.939 603.325 277.607
20500000 -53.9932 650.49 298.531 596.497 277.289
20600000 -70.7351 655.581 300.867 584.845 277.536
20700000 -76.4144 656.754 301.405 580.339 277.568
20800000 -81.5203 649.243 297.958 567.723 279.536
20900000 -70.212 663.745 304.614 593.533 281.183
21000000 -49.6619 650.637 298.598 600.975 281.853
21100000 -85.6564 672.832 308.784 587.175 279.343
21200000 -78.2638 650.668 298.612 572.404 278.739
21300000 -78.4831 656.818 301.435 578.335 278.501
21400000 -72.4687 661.906 303.77 589.437 278.857
21500000 -98.696 653.543 299.932 554.847 278.183
21600000 -97.3088 664.541 304.979 567.232 278.842
21700000 -110.062 641.385 294.352 531.323 278.301
21800000 -125.58 646.651 296.769 521.072 279.227
21900000 -89.4616 654.648 300.439 565.186 279.715
22000000 -125.748 657.606 301.797 531.859 280.891
22100000 -99.6574 654.039 300.159 554.382 281.107
22200000 -87.8976 666.445 305.853 578.548 280.479
22300000 -79.7032 648.498 297.617 568.795 280.767
22400000 -51.9717 658.477 302.196 606.505 280.896
22500000 -89.0333 650.519 298.544 561.486 281.17
22600000 -93.826 652.954 299.662 559.128 281.973
22700000 -113.724 646.357 296.634 532.633 283.288
22800000 -106.473 654.489 300.366 548.016 283.707
22900000 -74.8063 658.24 302.087 583.433 284.638
23000000 -35.3465 647.766 297.28 612.419 285.163
23100000 -40.8385 650.381 298.48 609.542 284.639
23200000 -77.3859 653.819 300.059 576.434 283.922
23300000 -117.008 647.074 296.963 530.067 282.334
23400000 -106.284 654.999 300.6 548.715 283.827
23500000 -117.793 655.631 300.89 537.838 284.189
23600000 -94.8754 642.394 294.815 547.519 283.907
23700000 -65.2623 649.669 298.154 584.406 284.395
23800000 -89.3234 658.526 302.219 569.203 284.902
23900000 -100.182 657.144 301.584 556.962 284.187
24000000 -92.9648 635.514 291.658 542.549 284.475
24100000 -87.5838 650.967 298.749 563.383 286.642
24200000 -56.2383 650.964 298.748 594.725 288.47
24300000 -34.6877 650.218 298.406 615.53 290.225
24400000 -38.994 656.049 301.082 617.055 291.738
24500000 -69.8813 653.465 299.896 583.583 292.093
24600000 -58.9611 666.827 306.028 607.866 292.797
24700000 -40.7651 656.579 301.325 615.814 294.159
24800000 -59.847 657.44 301.72 597.593 293.402
24900000 -88.671 657.906 301.934 569.235 293.445
25000000 -53.6219 654.694 300.46 601.072 295.554
25100000 -60.7156 648.206 297.483 587.491 295.95
25200000 -73.3455 654.534 300.386 581.188 294.726
25300000 -70.5294 643.759 295.442 573.23 296.392
25400000 -120.204 654.332 300.294 534.129 297.219
25500000 -145.53 668.927 306.992 523.397 296.744
25600000 -113.112 650.057 298.332 536.945 296.573
25700000 -104.66 656.014 301.066 551.354 296.317
25800000 -88.4285 651.734 299.101 563.305 297.681
25900000 -52.4076 647.331 297.081 594.923 298.562
26000000 -39.1309 655.774 300.955 616.643 298.468
26100000 -71.9678 663.702 304.594 591.734 299.879
26200000 -72.3928 659.478 302.655 587.085 300.577
26300000 -73.3508 655.744 300.942 582.394 300.87
26400000 -78.5944 652.472 299.44 573.878 302.62
26500000 -59.8058 653.078 299.718 593.272 303.314
26600000 -58.1594 646.512 296.705 588.353 304.074
26700000 -56.1399 644.802 295.92 588.662 303.844
26800000 -49.363 656.052 301.083 606.689 304.247
26900000 -67.4732 658.012 301.983 590.539 303.347
27000000 -58.7364 656.795 301.424 598.058 304.308
27100000 -47.3191 650.249 298.42 602.929 306.172
27200000 -65.109 657.09 301.56 591.981 306.994
27300000 -65.6488 659.453 302.644 593.804 306.203
27400000 -58.1348 658.985 302.429 600.851 306.039
27500000 -83.3767 659.722 302.767 576.345 304.833
27600000 -110.841 653.681 299.995 542.84 305.387
27700000 -114.053 655.898 301.013 541.845 303.917
27800000 -152.673 650.65 298.604 497.978 304.17
27900000 -159.193 648.747 297.731 489.554 304.187
28000000 -94.0461 655.482 300.822 561.436 305.116
28100000 -115.78 650.029 298.319 534.248 304.382
28200000 -98.3774 651.144 298.831 552.767 304.901
28300000 -101.58 660.189 302.982 558.609 304.557
28400000 -116.568 641.753 294.521 525.185 305.368
28500000 -85.2322 653.741 300.023 568.509 307.035
28600000 -91.0215 655.96 301.041 564.939 307.695
28700000 -100.545 648.454 297.596 547.909 309.268
28800000 -70.6271 640.756 294.064 570.129 310.406
28900000 -45.2361 665.548 305.441 620.312 313.205
29000000 -38.5286 647.698 297.249 609.169 313.875
29100000 -62.8256 656.059 301.087 593.234 314.198
29200000 -94.273 649.153 297.917 554.88 313.554
29300000 -89.8703 655.709 300.926 565.838 315.588
29400000 -22.7588 651.835 299.148 629.076 317.055
29500000 -82.5943 662.284 303.943 579.69 317.825
29600000 -74.6316 665.178 305.271 590.546 318.734
29700000 -74.8413 655.374 300.772 580.533 320.238
29800000 -39.117 654.276 300.268 615.159 321.559
29900000 -62.8558 639.043 293.277 576.188 322.863
30000000 -88.38 652.766 299.575 564.386 323.346
30100000 -93.1313 656.893 301.469 563.761 325.301
30200000 -95.3595 659.132 302.497 563.773 325.348
30300000 -82.9508 643.655 295.394 560.705 325.639
30400000 -102.145 650.267 298.428 548.122 325.474
30500000 -68.892 653.352 299.844 584.46 325.911
30600000 -76.0394 645.589 296.282 569.55 326.754
30700000 -61.0573 644.838 295.937 583.781 329.291
30800000 -105.181 646.853 296.861 541.672 332.147
30900000 -86.1942 663.955 304.71 577.76 332.484
31000000 -57.9908 655.348 300.76 597.357 333.681
31100000 -57.5971 650.039 298.324 592.442 335.38
31200000 -80.0146 654.287 300.273 574.273 335.673
31300000 -99.1122 654.977 300.59 555.864 336.382
31400000 -106.463 651.01 298.769 544.547 336.881
31500000 -105.066 653.522 299.922 548.456 337.369
31600000 -95.6063 649.957 298.286 554.351 336.544
31700000 -102.355 652.55 299.476 550.195 335.291
31800000 -50.3069 649.359 298.012 599.052 335.852
31900000 -55.0256 642.442 294.837 587.417 335.753
32000000 -95.5212 651.715 299.093 556.194 337.08
32100000 -98.8672 645.802 296.379 546.935 338.658
32200000 -110.983 663.294 304.407 552.312 340.491
32300000 -100.514 653.156 299.754 552.642 342.604
32400000 -82.7606 654.009 300.146 571.248 343.95
32500000 -93.2692 652.572 299.486 559.303 344.709
32600000 -97.5999 654.076 300.176 556.476 345.725
32700000 -70.7325 644.482 295.773 573.749 346.068
32800000 -86.3938 643.429 295.29 557.035 347.596
32900000 -81.3837 661.751 303.699 580.367 348.861
33000000 -79.0615 668.448 306.772 589.387 348.567
33100000 -62.2325 650.45 298.512 588.218 349.158
33200000 -54.3425 654.035 300.158 599.693 350.252
33300000 -68.2203 657.715 301.846 589.495 351.51
33400000 -69.303 661.405 303.54 592.102 352.6
33500000 -93.2058 656.924 301.483 563.718 354.368
33600000 -81.9865 654.03 300.155 572.044 354.613
33700000 -86.8494 651.742 299.105 564.893 355.877
33800000 -71.941 652.148 299.292 580.207 356.035
33900000 -88.4292 648.786 297.748 560.356 357.094
34000000 -53.9248 657.307 301.659 603.383 357.757
34100000 -37.395 656.315 301.204 618.92 359.093
34200000 -66.9738 651.782 299.124 584.809 359.411
34300000 -120.206 651.367 298.933 531.161 359.443
34400000 -85.529 663.949 304.707 578.42 360.258
34500000 -47.3629 665.035 305.206 617.672 361.289
34600000 -76.5102 641.987 294.628 565.477 362.321
34700000 -95.1483 646.197 296.56 551.049 363.172
34800000 -95.9824 653.67 299.99 557.688 364.649
34900000 -106.38 653.551 299.935 547.171 362.516
35000000 -100.296 644.667 295.858 544.371 360.791
35100000 -79.8161 658.027 301.99 578.211 360.055
35200000 -75.0874 644.673 295.861 569.585 359.046
35300000 -94.4002 651.245 298.877 556.845 359.848
35400000 -58.7169 655.632 300.891 596.916 361.234
35500000 -76.9996 644.608 295.831 567.609 361.24
35600000 -13.8537 652.743 299.565 638.889 364.543
35700000 -31.7936 656.79 301.422 624.997 365.31
35800000 -57.7019 666.568 305.91 608.866 363.716
35900000 -74.6099 642.941 295.066 568.332 365.358
36000000 -54.2479 661.659 303.657 607.412 366.359
36100000 -42.9122 647.969 297.374 605.057 367.709
36200000 -79.1691 644.519 295.791 565.35 368.876
36300000 -81.6847 654.222 300.243 572.537 369.508
36400000 -75.0975 651.43 298.962 576.333 368.846
36500000 -94.8186 658.489 302.202 563.67 368.985
36600000 -60.0916 659.875 302.838 599.783 371.005
36700000 -68.5544 659.372 302.607 590.818 372.846
36800000 -60.8296 648.959 297.828 588.129 372.69
36900000 -54.6336 658.425 302.172 603.791 371.627
37000000 -96.5253 651.616 299.048 555.091 371.923
37100000 -86.6218 652.187 299.31 565.565 372.949
37200000 -73.5128 647.884 297.335 574.371 373.199
37300000 -78.8285 658.762 302.327 579.933 373.103
37400000 -55.6438 662.162 303.887 606.518 372.946
37500000 -61.8574 656.669 301.366 594.811 374.55
37600000 -95.8357 658.418 302.169 562.582 374.407
37700000 -102.593 650.471 298.522 547.878 373.336
37800000 -81.1645 659.28 302.565 578.115 373.867
37900000 -90.0498 656.622 301.345 566.573 374.631
38000000 -103.646 657.843 301.905 554.198 374.709
38100000 -95.6273 645.017 296.019 549.389 374.373
38200000 -89.7116 655.991 301.055 566.279 376.936
38300000 -97.6531 662.662 304.117 565.008 378.355
38400000 -89.2205 644.399 295.735 555.178 378.772
38500000 -76.0499 662.678 304.124 586.628 378.207
38600000 -60.6057 651.146 298.832 590.54 379.004
38700000 -64.67 641.335 294.329 576.665 379.209
38800000 -36.6737 669.197 307.116 632.524 378.122
38900000 -76.5658 653.832 300.064 577.266 378.568
39000000 -60.0416 649.9 298.26 589.858 380.275
39100000 -46.0905 659.129 302.495 613.038 381.35
39200000 -81.6095 653.174 299.763 571.565 381.82
39300000 -78.4241 656.675 301.369 578.251 384.826
39400000 -93.4208 654.422 300.335 561.001 386.757
39500000 -92.413 652.952 299.66 560.539 387.636
39600000 -61.6952 666.6 305.924 604.905 387.811
39700000 -57.0053 654.334 300.295 597.329 389.098
39800000 -60.5036 651.99 299.219 591.487 389.507
39900000 -74.4272 662.335 303.967 587.908 390.576
40000000 -81.6492 656.628 301.348 574.979 390.986
40100000 -111.105 657.584 301.786 546.479 391.051
40200000 -97.5758 640.988 294.17 543.412 391.57
40300000 -99.5589 661.387 303.532 561.828 392.324
40400000 -67.6161 655.975 301.048 588.359 391.997
40500000 -90.7945 656.978 301.508 566.183 391.228
40600000 -83.5166 647.678 297.24 564.161 392.297
40700000 -90.6126 645.204 296.105 554.591 393.397
40800000 -81.5624 654.549 300.393 572.987 395.18
40900000 -90.6948 648.983 297.839 558.289 396.12
41000000 -91.8188 644.872 295.952 553.053 397.529
41100000 -89.9634 656.346 301.218 566.383 400.242
41200000 -82.6908 649.936 298.276 567.245 399.634
41300000 -81.0104 660.5 303.124 579.489 399.441
41400000 -103.089 651.126 298.823 548.037 398.808
41500000 -89.1786 652.298 299.36 563.119 399.531
41600000 -56.9039 660.105 302.943 603.201 400.729
41700000 -64.4714 651.068 298.796 586.597 401.927
41800000 -57.8762 644.146 295.619 586.27 402.819
41900000 -103.794 657.686 301.833 553.892 405.032
42000000 -101.207 663.537 304.518 562.33 406.064
42100000 -74.8325 656.095 301.103 581.263 405.718
42200000 -64.9121 648.808 297.759 583.896 406.428
42300000 -4.72017 647.983 297.38 643.263 408.279
42400000 -40.0595 652.619 299.508 612.56 409.253
42500000 -44.5536 647.935 297.358 603.381 408.233
42600000 -20.0451 647.653 297.229 627.608 408.695
42700000 -78.7906 645.455 296.22 566.664 409.24
42800000 -71.252 659.806 302.806 588.554 409.762
42900000 -99.5906 646.492 296.696 546.902 409.686
43000000 -91.4562 656.914 301.479 565.458 409.162
43100000 -77.7485 650.792 298.669 573.044 409.345
43200000 -76.7206 646.024 296.481 569.304 409.498
43300000 -71.9335 661.143 303.42 589.209 409.657
43400000 -96.7644 646.87 296.869 550.105 409.943
43500000 -110.893 643.586 295.362 532.693 411.011
43600000 -107.505 656.434 301.259 548.929 412.807
43700000 -122.347 643.1 295.139 520.752 413.223
43800000 -142.213 644.345 295.71 502.132 414.137
43900000 -114.677 654.214 300.24 539.537 413.466
44000000 -96.4158 648.261 297.507 551.845 413.495
44100000 -82.1642 664.468 304.946 582.304 414.247
44200000 -48.1737 664.166 304.807 615.992 414.68
44300000 -44.0187 648.846 297.776 604.827 415.551
44400000 -40.4904 645.208 296.106 604.717 415.516
44500000 -73.2784 653.539 299.93 580.261 414.914
44600000 -118.899 651.748 299.108 532.849 414.937
44700000 -120.879 641.531 294.419 520.652 414.228
44800000 -89.0093 648.727 297.722 559.718 415.14
44900000 -106.051 658.818 302.353 552.767 416.314
45000000 -88.2553 652.603 299.5 564.348 417.028
45100000 -99.9524 651.035 298.781 551.082 416.698
45200000 -116.264 658.294 302.112 542.029 416.083
45300000 -107.612 643.337 295.248 535.726 415.742
45400000 -56.8902 652.364 299.391 595.474 416.7
45500000 -84.1452 664.598 305.005 580.453 418.831
45600000 -105.198 648.697 297.708 543.499 419.671
45700000 -101.94 650.808 298.677 548.868 419.72
45800000 -106 650.203 298.399 544.203 420.162
45900000 -104.757 660.106 302.944 555.349 420.251
46000000 -88.2798 646.923 296.894 558.643 420.731
46100000 -83.31 649.232 297.953 565.922 421.977
46200000 -78.5368 650.242 298.417 571.706 423.041
46300000 -88.8415 650.457 298.516 561.616 423.294
46400000 -89.3152 655.567 300.861 566.252 425.219
46500000 -111.58 654.885 300.548 543.305 425.428
46600000 -123.641 654.451 300.349 530.81 425.486
46700000 -98.7964 648.061 297.416 549.264 425.952
46800000 -96.5196 657.105 301.566 560.585 425.646
46900000 -121.342 654.455 300.35 533.113 426.161
47000000 -100.122 649.489 298.071 549.366 425.483
47100000 -90.0954 655.933 301.029 565.838 425.327
47200000 -72.0528 645.56 296.268 573.508 426.748
47300000 -61.8892 651.18 298.847 589.291 426.431
47400000 -68.643 654.403 300.327 585.76 427.535
47500000 -55.9168 653.304 299.822 597.387 427.32
47600000 -63.4199 665.16 305.263 601.74 428.633
47700000 -61.1793 655.926 301.026 594.747 430.292
47800000 -58.2733 662.616 304.096 604.342 431.957
47900000 -73.8289 652.076 299.259 578.247 433.437
48000000 -37.468 652.514 299.46 615.046 435.196
48100000 -66.7376 652.42 299.416 585.682 435.611
48200000 -56.9115 657.754 301.864 600.843 434.217
48300000 -66.9897 658.48 302.198 591.491 432.657
48400000 -96.71 654.052 300.165 557.342 432.212
48500000 -117.062 663.367 304.44 546.305 432.957
48600000 -98.5467 659.636 302.728 561.089 434.581
48700000 -135.036 652.18 299.306 517.144 436.518
48800000 -121.325 659.605 302.714 538.279 436.491
48900000 -94.9705 661.439 303.555 566.468 435.46
49000000 -63.4367 653.26 299.802 589.823 435.438
49100000 -63.0816 645.927 296.437 582.845 436.221
49200000 -68.8333 658.638 302.27 589.804 437.339
49300000 -68.7476 652.253 299.34 583.505 436.988
49400000 -81.9269 663.291 304.405 581.364 437.84
49500000 -96.7218 659.948 302.871 563.226 438.68
49600000 -107.241 667.839 306.493 560.598 439.111
49700000 -96.5691 646.76 296.819 550.191 439.872
49800000 -94.544 658.289 302.11 563.745 441.912
49900000 -67.1448 657.361 301.684 590.216 442.326
50000000 -71.9891 655.897 301.012 583.908 443.098
50100000 -74.8667 650.139 298.37 575.273 443.41
50200000 -120.205 645.111 296.062 524.906 443.825
50300000 -138.902 650.253 298.422 511.351 443.937
50400000 -114.408 650.745 298.648 536.338 445.671
50500000 -72.9596 646.782 296.829 573.822 446.772
50600000 -38.6397 656.428 301.256 617.789 448.461
50700000 -94.1354 655.694 300.919 561.559 451.321
50800000 -70.1366 659.122 302.492 588.985 450.373
50900000 -50.219 659.132 302.497 608.913 449.611
51000000 -50.2905 652.548 299.475 602.257 449.034
51100000 -87.7219 653.291 299.816 565.569 449.539
51200000 -87.3365 649.555 298.102 562.219 449.874
51300000 -98.3376 655.089 300.641 556.751 449.243
51400000 -84.9878 660.221 302.997 575.234 448.919
51500000 -71.6182 659.526 302.677 587.907 448.193
51600000 -81.7632 643.472 295.31 561.709 446.714
51700000 -23.6306 652.466 299.438 628.836 446.076
51800000 -23.7309 651.899 299.177 628.168 446.551
51900000 -90.3818 655.917 301.021 565.535 449.038
52000000 -51.6189 644.026 295.564 592.407 449.22
52100000 -77.7544 649.655 298.148 571.901 449.931
52200000 -83.0983 664.202 304.824 581.104 449.95
52300000 -93.0415 658.514 302.213 565.472 449.375
52400000 -35.7839 646.802 296.838 611.018 450.156
52500000 -51.4206 653.528 299.925 602.108 451.901
52600000 -39.7192 661.377 303.527 621.658 453.139
52700000 -60.7723 665.601 305.466 604.829 454.807
52800000 -48.0053 655.757 300.948 607.752 455.974
52900000 -55.8056 659.48 302.656 603.674 457.486
53000000 -80.7608 642.915 295.054 562.154 460.131
53100000 -44.7271 653.467 299.897 608.74 459.182
53200000 -73.1743 647.077 296.964 573.902 459.229
53300000 -86.3969 648.054 297.413 561.657 460.293
53400000 -87.0667 655.462 300.813 568.395 461.769
53500000 -98.0337 645.4 296.195 547.366 461.525
53600000 -110.733 660.071 302.928 549.338 461.2
53700000 -79.3938 645.658 296.313 566.265 460.531
53800000 -70.64 661.112 303.405 590.472 461.067
53900000 -50.0291 655.631 300.89 605.602 462.305
54000000 -93.567 649.081 297.884 555.514 464.461
54100000 -81.2536 657.11 301.569 575.857 465.398
54200000 -90.7783 653.832 300.064 563.054 466.323
54300000 -89.8391 649.208 297.942 559.369 466.817
54400000 -43.6857 662.793 304.177 619.107 467.704
54500000 -41.4113 650.725 298.639 609.314 468.714
54600000 -57.8475 657.677 301.829 599.83 469.652
54700000 -46.8115 660.614 303.177 613.802 470.302
54800000 -81.0737 651.956 299.203 570.882 471.474
54900000 -66.2261 646.843 296.857 580.617 471.834
55000000 -76.2578 662.196 303.903 585.938 471.285
55100000 -97.6968 641.086 294.215 543.389 471.91
55200000 -106.173 653.1 299.728 546.927 472.186
55300000 -136.512 651.074 298.798 514.561 473.652
55400000 -148.362 655.592 300.872 507.23 474.766
55500000 -93.9917 648.218 297.488 554.227 475.586
55600000 -62.2984 656.121 301.115 593.823 478.137
55700000 -71.5844 651.522 299.004 579.937 479.408
55800000 -69.5576 658.29 302.11 588.733 480.766
55900000 -77.8648 647.839 297.314 569.974 481.133
56000000 -66.3485 665.036 305.206 598.687 481.376
56100000 -92.8244 646.882 296.875 554.057 483.039
56200000 -97.8125 649.116 297.9 551.304 483.24
56300000 -104.672 654.77 300.495 550.098 484.17
56400000 -122.699 656.099 301.105 533.4 484.613
56500000 -88.0066 649.801 298.215 561.795 485.524
56600000 -57.7936 645.797 296.377 588.003 486.115
56700000 -96.6075 661.27 303.478 564.663 485.865
56800000 -85.846 638.956 293.237 553.11 484.72
56900000 -101.635 645.769 296.364 544.134 484.731
57000000 -93.488 641.402 294.36 547.914 483.037
57100000 -60.9536 649.856 298.24 588.903 484.216
57200000 -29.6781 638.057 292.825 608.379 486.232
57300000 -57.513 651.579 299.031 594.066 487.693
57400000 -67.5323 659.519 302.675 591.987 487.759
57500000 -46.2612 652.73 299.559 606.469 488.179
57600000 -69.6591 657.797 301.884 588.138 488.246
57700000 -85.9447 662.631 304.103 576.687 489.53
57800000 -39.9564 642.169 294.712 602.212 490.631
57900000 -64.2653 659.235 302.544 594.969 490.011
58000000 -98.7127 654.261 300.261 555.549 488.757
58100000 -84.7602 658.166 302.054 573.406 489.657
58200000 -56.7607 643.187 295.179 586.427 490.092
58300000 -84.4989 658.815 302.351 574.316 489.94
58400000 -88.4948 653.559 299.939 565.064 490.565
58500000 -94.3097 655.491 300.826 561.181 491.556
58600000 -93.9446 654.228 300.246 560.283 492.093
58700000 -99.0313 650.922 298.729 551.89 491.602
58800000 -63.3999 652.131 299.284 588.732 492.7
58900000 -63.0884 649.566 298.106 586.477 493.027
59000000 -86.7676 648.152 297.458 561.384 492.953
59100000 -44.2182 655.193 300.689 610.975 492.993
59200000 -64.1527 657.246 301.631 593.093 492.519
59300000 -82.8261 659.914 302.856 577.088 491.965
59400000 -58.2639 662.224 303.916 603.96 492.11
59500000 -53.0541 656.363 301.226 603.309 492.416
59600000 -64.3725 646.547 296.721 582.174 491.54
59700000 -51.7927 661.127 303.412 609.334 491.43
59800000 -52.8031 657.668 301.825 604.865 492.782
59900000 -83.3419 654.248 300.255 570.906 493.545
60000000 -73.494 661.571 303.616 588.077 495.896
60100000 -62.517 645.422 296.205 582.905 496.175
60200000 -44.1325 658.163 302.052 614.031 495.551
60300000 -36.4397 655.19 300.687 618.75 496.656
60400000 -69.9987 654.129 300.201 584.13 497.359
60500000 -92.48 643.019 295.102 550.539 496.435
60600000 -74.1572 647.26 297.048 573.103 498.393
60700000 -59.3765 654.084 300.18 594.707 499.565
60800000 -93.4998 650.832 298.687 557.332 499.725
60900000 -88.7595 648.657 297.69 559.898 501.672
61000000 -68.3095 656.948 301.494 588.638 502.644
61100000 -105.874 653.482 299.904 547.608 501.401
61200000 -135.342 655.957 301.04 520.615 501.565
61300000 -83.04 657.484 301.741 574.444 501.249
61400000 -87.4417 652.068 299.255 564.626 502.935
61500000 -109.462 656.017 301.067 546.555 501.175
61600000 -85.5088 650.422 298.5 564.913 501.734
61700000 -59.7602 657.272 301.643 597.512 502.807
61800000 -84.0901 641.247 294.289 557.157 504.395
61900000 -108.546 630.93 289.554 522.384 504.56
62000000 -73.4434 642.092 294.677 568.649 503.735
62100000 -88.1815 657.749 301.862 569.567 504.208
62200000 -72.3583 658.912 302.396 586.554 504.368
62300000 -80.0925 655.84 300.986 575.748 503.177
62400000 -76.0922 655.873 301.001 579.781 503.699
62500000 -71.6188 649.101 297.893 577.482 503.276
62600000 -91.9059 650.387 298.483 558.481 503.75
62700000 -97.9139 655.916 301.021 558.002 504.303
62800000 -99.1941 647.948 297.364 548.754 504.672
62900000 -89.1851 652.87 299.623 563.685 504.653
63000000 -57.7236 645.54 296.259 587.816 505.699
63100000 -78.8588 656.852 301.45 577.993 506.715
63200000 -59.4029 662.56 304.07 603.157 507.891
63300000 -78.6468 656.334 301.213 577.687 508.337
63400000 -71.1198 655.29 300.733 584.17 508.618
63500000 -76.3875 652.289 299.356 575.902 508.717
63600000 -68.8029 648.403 297.573 579.6 508.794
63700000 -73.0197 651.603 299.041 578.583 508.837
63800000 -89.1511 657.078 301.554 567.927 509.51
63900000 -88.6131 654.587 300.411 565.974 510.129
64000000 -58.1472 645.006 296.014 586.859 508.81
64100000 -44.7193 650.467 298.52 605.747 509.012
64200000 -94.3922 650.981 298.756 556.589 509.997
64300000 -109.177 654.264 300.263 545.087 510.108
64400000 -105.994 656.332 301.212 550.338 509.056
64500000 -105.151 658.476 302.196 553.325 510.208
64600000 -77.8614 663.959 304.712 586.098 511.316
64700000 -63.6435 670.581 307.751 606.937 510.766
64800000 -80.8982 643.033 295.108 562.134 510.257
64900000 -46.6484 651.924 299.189 605.276 511.127
65000000 -36.8569 659.052 302.46 622.195 510.679
65100000 -89.4688 648.003 297.389 558.535 511.778
65200000 -84.1285 657.84 301.904 573.712 511.502
65300000 -92.8625 657.921 301.941 565.059 513.232
65400000 -124.043 650.841 298.692 526.798 513.845
65500000 -118.486 648.999 297.847 530.513 514.222
65600000 -122.213 651.423 298.959 529.211 514.305
65700000 -124.53 651.619 299.049 527.089 512.754
65800000 -132.46 648.566 297.648 516.105 510.721
65900000 -128.684 645.047 296.033 516.363 509.132
66000000 -89.7694 657.378 301.692 567.609 510.681
66100000 -89.3413 649.605 298.125 560.264 511.273
66200000 -50.7453 653.2 299.774 602.454 511.208
66300000 -78.2842 654.252 300.257 575.967 511.216
66400000 -71.6649 660.921 303.318 589.256 511.293
66500000 -68.0017 647.922 297.352 579.92 510.015
66600000 -88.4641 645.686 296.326 557.221 510.188
66700000 -85.392 646.061 296.498 560.669 511.756
66800000 -78.7719 642.799 295.001 564.027 512.121
66900000 -86.3214 651.998 299.223 565.677 511.898
67000000 -63.2536 649.843 298.234 586.59 512.355
67100000 -67.4852 642.048 294.656 574.562 512.199
67200000 -45.0001 654.996 300.599 609.996 512.607
67300000 -67.9912 652.877 299.626 584.885 513.042
67400000 -77.0896 651.736 299.102 574.646 513.312
67500000 -63.7322 650.881 298.71 587.149 513.571
67600000 -60.5058 649.466 298.061 588.961 513.241
67700000 -39.7513 661.628 303.642 621.877 515.799
67800000 -91.6564 653.944 300.116 562.287 517.055
67900000 -66.8971 641.155 294.247 574.258 516.598
68000000 -63.8888 663.09 304.313 599.201 516.587
68100000 -82.5684 657.817 301.893 575.248 517.699
68200000 -103.457 665.547 305.441 562.09 516.35
68300000 -88.5954 653.659 299.985 565.063 514.968
68400000 -101.431 658.26 302.097 556.829 514.494
68500000 -84.2791 649.854 298.239 565.575 513.277
68600000 -91.2125 659.641 302.731 568.429 513.531
68700000 -112.079 662.039 303.831 549.96 514.339
68800000 -107.957 644.699 295.873 536.742 514.426
68900000 -92.3827 644.442 295.755 552.059 513.912
69000000 -91.5803 658.135 302.039 566.554 512.851
69100000 -56.6041 668.05 306.589 611.446 513.872
69200000 -63.2302 663.339 304.428 600.109 513.147
69300000 -53.6301 647.002 296.93 593.372 514.245
69400000 -98.8521 652.566 299.483 553.714 516.615
69500000 -96.9343 653.396 299.864 556.462 516.853
69600000 -93.3385 663.095 304.316 569.757 515.759
69700000 -86.1987 663.222 304.374 577.023 514.119
69800000 -77.7888 657.52 301.757 579.732 515.225
69900000 -114.8 652.966 299.667 538.166 517.127
70000000 -100.802 656.484 301.282 555.682 518.15
70100000 -67.3428 651.201 298.857 583.858 517.334
70200000 -112.196 657.169 301.596 544.973 516.753
70300000 -125.96 661.39 303.533 535.429 517.265
70400000 -128.756 651.284 298.895 522.528 518.212
70500000 -135.287 649.092 297.889 513.805 519.921
70600000 -121.833 654.286 300.273 532.454 521.486
70700000 -99.1704 649.532 298.091 550.362 522.636
70800000 -123.299 644.142 295.618 520.844 521.952
70900000 -121.75 646.992 296.925 525.242 522.143
71000000 -97.0865 651.829 299.145 554.742 522.915
71100000 -69.3671 657.625 301.805 588.258 524.484
71200000 -69.804 653.39 299.861 583.586 524.38
71300000 -78.7133 653.964 300.125 575.251 524.335
71400000 -82.9805 650.138 298.369 567.158 523.777
