# Time-averaged data for fix favg
# TimeStep v_vpe v_vke v_vT v_vE v_vRg
5100000 -87.9004 925.575 301.175 837.674 135.881
5200000 -94.0597 922.06 300.031 828.001 136.389
5300000 -130.973 926.809 301.576 795.836 139.409
5400000 -131.655 920.726 299.597 789.072 141.278
5500000 -136.793 913.35 297.197 776.557 141.963
5600000 -141.453 920.894 299.652 779.44 142.15
5700000 -134.961 917.829 298.654 782.868 142.77
5800000 -127.232 912.681 296.979 785.449 144.319
5900000 -86.068 918.557 298.891 832.489 145.696
6000000 -81.8763 927.932 301.942 846.055 146.534
6100000 -68.2302 917.48 298.541 849.25 146.884
6200000 -77.3834 917.767 298.634 840.383 148.098
6300000 -103.727 923.402 300.468 819.675 148.942
6400000 -104.139 922.518 300.18 818.379 150.762
6500000 -137.259 937.576 305.08 800.318 152.069
6600000 -121.834 918.833 298.981 796.998 153.381
6700000 -104.537 928.41 302.097 823.873 152.759
6800000 -105.348 920.005 299.362 814.657 153.542
6900000 -124.411 921.766 299.935 797.355 154.277
7000000 -105.439 916.231 298.134 810.793 155.676
7100000 -68.4626 921.59 299.878 853.127 155.511
7200000 -70.149 923.081 300.363 852.932 156.806
7300000 -95.1862 906.706 295.035 811.52 157.047
7400000 -116.095 932.379 303.389 816.284 157.7
7500000 -118.413 921.517 299.854 803.104 158.362
7600000 -91.3919 929.265 302.375 837.873 159.697
7700000 -89.6928 931.139 302.985 841.446 159.592
7800000 -65.6311 926.076 301.338 860.445 160.216
7900000 -73.9006 923.205 300.404 849.304 160.467
8000000 -81.4678 928.41 302.097 846.942 161.332
8100000 -81.3504 933.171 303.647 851.821 161.494
8200000 -80.1922 913.56 297.265 833.368 162.441
8300000 -88.1685 910.776 296.359 822.608 163.809
8400000 -86.3211 926.099 301.345 839.778 164.293
8500000 -96.5769 921.93 299.989 825.353 164.258
8600000 -114.864 933.858 303.87 818.994 164.385
8700000 -92.2407 917.986 298.705 825.745 164.564
8800000 -100.904 918.417 298.846 817.512 165.289
8900000 -121.656 912.775 297.01 791.119 165.48
9000000 -89.8312 920.788 299.617 830.956 165.453
9100000 -86.8653 924.661 300.877 837.795 166.905
9200000 -75.7649 920.875 299.646 845.11 166.35
9300000 -63.0551 918.561 298.893 855.506 165.697
9400000 -53.6933 924.668 300.88 870.975 167.006
9500000 -113.923 908.013 295.46 794.09 167.147
9600000 -131.35 917.474 298.539 786.124 167.266
9700000 -126.59 928.789 302.221 802.198 167.987
9800000 -92.2255 931.718 303.174 839.493 168.088
9900000 -104.455 934.337 304.026 829.882 168.035
10000000 -106.587 911.559 296.614 804.972 169.374
10100000 -129.836 915.586 297.924 785.75 170.194
10200000 -114.737 915.227 297.808 800.49 170.336
10300000 -96.6846 932.767 303.515 836.082 170.719
10400000 -126.938 919.721 299.27 792.783 171.639
10500000 -88.4238 923.134 300.381 834.71 172.711
10600000 -109.064 917.69 298.609 808.626 172.907
10700000 -91.9384 920.44 299.504 828.502 173.726
10800000 -105.187 917.008 298.387 811.821 174.395
10900000 -83.8208 921.809 299.949 837.988 175.286
11000000 -101.457 915.499 297.896 814.042 176.703
11100000 -100.817 918.688 298.934 817.87 177.754
11200000 -116.204 922.937 300.317 806.733 178.815
11300000 -102.486 931.183 303 828.697 178.966
11400000 -143.835 926.031 301.323 782.196 179.424
11500000 -141.299 926.119 301.352 784.82 180.78
11600000 -120.653 919.844 299.31 799.19 182.378
11700000 -128.05 913.165 297.137 785.115 183.201
11800000 -106.618 921.971 300.002 815.353 183.248
11900000 -92.8493 923.775 300.589 830.926 184.542
12000000 -81.9033 924.829 300.932 842.925 185.845
12100000 -110.874 927.897 301.93 817.023 185.552
12200000 -119.097 924.654 300.875 805.558 185.974
12300000 -141.525 927.785 301.894 786.26 187.207
12400000 -112.929 926.156 301.364 813.227 187.844
12500000 -81.6153 920.533 299.534 838.918 188.574
12600000 -84.4879 928.426 302.103 843.939 189.452
12700000 -137.364 929.221 302.361 791.857 189.268
12800000 -95.9031 918.797 298.969 822.894 189.108
12900000 -74.0401 917.18 298.443 843.14 189.331
13000000 -99.5678 923.877 300.622 824.309 190.299
13100000 -96.4907 926.246 301.393 829.755 190.022
13200000 -59.1665 930.345 302.727 871.178 190.633
13300000 -39.3714 926.985 301.634 887.613 191.429
13400000 -30.9812 918.34 298.821 887.359 193.982
13500000 -61.5061 924.695 300.889 863.189 194.709
13600000 -114.545 920.933 299.664 806.388 195.11
13700000 -102.182 909.592 295.974 807.41 195.446
13800000 -95.8184 923.012 300.341 827.194 195.818
13900000 -97.6501 920.86 299.641 823.21 195.785
14000000 -107.879 919.068 299.057 811.189 196.283
14100000 -112.323 922.949 300.32 810.626 198.16
14200000 -117.302 926.348 301.426 809.046 198.972
14300000 -75.8956 920.131 299.403 844.235 200.215
14400000 -94.1455 923.975 300.654 829.829 201.568
14500000 -122.232 926.274 301.402 804.042 202.906
14600000 -149.918 932.305 303.365 782.387 202.358
14700000 -185.743 923.297 300.433 737.554 202.541
14800000 -122.202 936.578 304.755 814.376 203.318
14900000 -153.746 922.039 300.024 768.293 204.549
15000000 -130.278 929.646 302.499 799.368 203.743
15100000 -107.645 922.248 300.092 814.603 203.195
15200000 -144.358 917.362 298.502 773.005 204.776
15300000 -154.139 928.186 302.024 774.046 204.245
15400000 -99.7611 915.591 297.926 815.83 204.796
15500000 -144.567 923.116 300.375 778.549 205.536
15600000 -172.056 903.883 294.116 731.827 205.884
15700000 -123.726 908.135 295.5 784.409 205.832
15800000 -88.5077 917.396 298.514 828.889 206.206
15900000 -72.0171 939.601 305.739 867.584 207.584
16000000 -104.461 918.024 298.718 813.563 207.744
16100000 -78.8953 937.859 305.172 858.963 209.317
16200000 -116.247 915.78 297.988 799.533 210.325
16300000 -96.7255 925.084 301.015 828.359 211.55
16400000 -72.892 915.611 297.933 842.719 212.871
16500000 -119.717 933.9 303.884 814.183 213.631
16600000 -95.9494 910.191 296.169 814.241 213.336
16700000 -142.034 922.255 300.094 780.221 214.672
16800000 -149.637 918.133 298.753 768.496 216.684
16900000 -107.814 911.601 296.628 803.787 218.467
17000000 -71.8426 929.12 302.328 857.277 218.712
17100000 -139.15 925.733 301.226 786.583 220.518
17200000 -106.462 912.656 296.971 806.194 220.939
17300000 -103.589 927.768 301.888 824.179 220.089
17400000 -72.3333 916.281 298.151 843.948 219.756
17500000 -89.1534 941.97 306.51 852.817 220.249
17600000 -141.311 936.281 304.659 794.971 220.604
17700000 -137.515 927.01 301.642 789.495 221.294
17800000 -115.265 926.913 301.61 811.647 222.375
17900000 -138.887 925.874 301.272 786.988 222.177
18000000 -129.161 916.02 298.066 786.859 222.32
18100000 -101.736 921.622 299.889 819.887 222.658
18200000 -120.988 915.477 297.889 794.489 223.71
18300000 -107.991 927.454 301.786 819.463 224.362
18400000 -88.4527 920.001 299.361 831.548 224.78
18500000 -128.311 922.545 300.189 794.233 224.79
18600000 -96.476 920.227 299.435 823.751 225.862
18700000 -123.451 923.211 300.405 799.76 227.381
18800000 -147.451 917.388 298.511 769.937 229.101
18900000 -154.356 924.334 300.771 769.978 228.789
19000000 -192.353 917.354 298.5 725 228.74
19100000 -151.261 914.191 297.47 762.93 229.949
19200000 -142.997 929.744 302.531 786.747 229.996
19300000 -79.6091 917.07 298.407 837.461 230.73
19400000 -68.9306 927.949 301.947 859.019 232.05
19500000 -106.882 916.16 298.111 809.279 231.693
19600000 -82.1067 918.54 298.886 836.434 230.877
19700000 -107.034 917.679 298.605 810.645 230.832
19800000 -138.374 923.849 300.613 785.474 231.246
19900000 -114.555 910.567 296.291 796.011 231.686
20000000 -132.243 928.642 302.173 796.399 231.766
20100000 -132.052 922.179 300.07 790.127 232.94
20200000 -126.081 914.313 297.51 788.233 233.239
20300000 -160.216 911.762 296.68 751.546 232.691
20400000 -162.639 931.303 303.039 768.665 232.97
20500000 -143.113 924.397 300.791 781.284 232.613
20600000 -132.545 922.709 300.242 790.165 233.442
20700000 -108.543 934.986 304.237 826.443 234.605
20800000 -85.0396 918.934 299.014 833.894 235.415
20900000 -113.348 928.318 302.067 814.97 236.022
21000000 -151.075 915.426 297.872 764.351 236.072
21100000 -145.236 922.415 300.147 777.179 235.747
21200000 -150.153 921.029 299.696 770.876 236.386
21300000 -141.203 919.513 299.202 778.31 235.734
21400000 -125.467 908.877 295.742 783.41 236.403
21500000 -136.88 917.035 298.396 780.155 236.671
21600000 -120.798 924.02 300.669 803.222 235.64
21700000 -142.362 918.436 298.852 776.074 235.027
21800000 -131.044 925.506 301.152 794.462 234.94
21900000 -108.694 914.136 297.453 805.442 236.017
22000000 -103.515 916.153 298.109 812.639 237.204
22100000 -115.417 918.783 298.965 803.366 238.074
22200000 -133.072 926.45 301.46 793.379 238.67
22300000 -122.317 923.398 300.467 801.081 239.404
22400000 -114.095 911.883 296.72 797.789 239.821
22500000 -143.719 911.374 296.554 767.656 240.613
22600000 -128.856 924.699 300.89 795.843 241.128
22700000 -145.522 916.974 298.376 771.452 241.587
22800000 -134.408 942.321 306.624 807.913 240.968
22900000 -151.993 921.033 299.697 769.039 240.036
23000000 -120.788 924.192 300.725 803.405 239.971
23100000 -144.853 923.996 300.661 779.143 239.731
23200000 -111.259 915.526 297.905 804.267 239.88
23300000 -82.9987 927.218 301.71 844.22 240.727
23400000 -89.2852 914.195 297.472 824.909 242.207
23500000 -89.3112 916.658 298.273 827.347 242.614
23600000 -106.904 920.562 299.544 813.658 243.465
23700000 -109.643 918.626 298.914 808.983 242.602
23800000 -107.781 923.442 300.481 815.66 243.504
23900000 -115.456 913.273 297.172 797.816 243.283
24000000 -127.447 907.775 295.383 780.329 243.362
24100000 -112.213 916.892 298.349 804.679 244.301
24200000 -124.931 900.472 293.007 775.541 245.897
24300000 -93.6238 927.532 301.812 833.908 246.258
24400000 -96.4678 915.719 297.968 819.251 246.749
24500000 -91.906 935.582 304.431 843.676 246.5
24600000 -131.102 922.611 300.21 791.508 247.387
24700000 -105.291 921.397 299.815 816.106 247.473
24800000 -88.3645 904.884 294.442 816.519 247.486
24900000 -61.4866 929.691 302.514 868.205 247.133
25000000 -93.5601 906.491 294.965 812.931 247.973
25100000 -79.7614 922.011 300.015 842.25 248.875
25200000 -57.1068 931.973 303.257 874.866 249.962
25300000 -60.5977 913.715 297.316 853.118 249.618
25400000 -78.6097 910.67 296.325 832.06 248.888
25500000 -57.6774 913.084 297.11 855.407 248.875
25600000 -69.7404 921.234 299.762 851.494 249.83
25700000 -81.4744 934.069 303.939 852.594 249.75
25800000 -124.717 923.67 300.555 798.953 249.596
25900000 -97.3789 923.743 300.579 826.364 250.742
26000000 -106.713 919.583 299.225 812.87 251.243
26100000 -63.3899 919.843 299.31 856.453 251.985
26200000 -108.335 923.059 300.356 814.724 253.124
26300000 -100.165 936.905 304.862 836.74 254.472
26400000 -82.5454 926.726 301.549 844.181 255.004
26500000 -75.6956 916.637 298.267 840.942 255.392
26600000 -116.46 925.296 301.084 808.835 255.964
26700000 -119.438 913.009 297.086 793.57 255.24
26800000 -75.5866 926.523 301.483 850.937 254.991
26900000 -104.35 916.596 298.253 812.246 254.962
27000000 -130.792 924.447 300.808 793.655 255.328
27100000 -119.63 928.716 302.197 809.086 255.889
27200000 -120.869 919.953 299.345 799.083 256.662
27300000 -111.446 937.739 305.133 826.292 258.294
27400000 -72.7768 918.287 298.803 845.51 257.59
27500000 -109.133 921.946 299.994 812.813 258.272
27600000 -139.438 930.047 302.63 790.609 258.891
27700000 -153.072 914.027 297.417 760.955 258.823
27800000 -164.276 912.65 296.969 748.374 259.13
27900000 -176.875 905.24 294.558 728.365 259.926
28000000 -194.214 916.82 298.326 722.606 260.172
28100000 -134.093 920.177 299.418 786.084 260.941
28200000 -118.737 908.468 295.608 789.731 261.61
28300000 -152.43 923.037 300.349 770.607 261.515
28400000 -111.886 915.185 297.794 803.299 261.949
28500000 -89.4245 908.472 295.61 819.047 262.002
28600000 -82.1301 924.84 300.936 842.71 262.205
28700000 -94.1277 904.799 294.414 810.671 263.88
28800000 -98.0808 913.016 297.088 814.935 265.305
28900000 -87.6027 931.635 303.147 844.032 265.289
29000000 -55.7417 913.946 297.391 858.204 265.545
29100000 -56.9255 921.569 299.871 864.644 265.563
29200000 -39.0087 917.792 298.642 878.783 266.358
29300000 -75.8361 913.954 297.393 838.118 265.914
29400000 -64.8941 926.666 301.53 861.772 265.453
29500000 -76.5189 939.871 305.827 863.352 266.036
29600000 -104.278 922.943 300.318 818.665 265.968
29700000 -34.4994 925.181 301.047 890.681 265.865
29800000 -79.6838 909.446 295.927 829.762 267.279
29900000 -85.71 924.221 300.734 838.511 267.573
30000000 -85.1146 919.685 299.258 834.571 268.733
30100000 -114.717 919.241 299.114 804.525 267.844
30200000 -131.482 909.818 296.048 778.336 267.287
30300000 -91.1812 930.092 302.645 838.911 267.988
30400000 -97.1608 919.811 299.299 822.65 269.028
30500000 -139.803 928.527 302.135 788.724 269.978
30600000 -132.917 924.4 300.793 791.483 270.057
30700000 -132.115 930.511 302.781 798.396 271.535
30800000 -121.029 918.541 298.886 797.512 271.697
30900000 -129.552 915.974 298.051 786.422 271.807
31000000 -136.166 923.824 300.605 787.658 273.36
31100000 -99.9074 920.947 299.669 821.039 275.849
31200000 -110.207 924.12 300.701 813.913 276.002
31300000 -114.595 921.176 299.743 806.581 276.382
31400000 -114.402 928.853 302.241 814.451 277.313
31500000 -84.7218 915.897 298.026 831.175 278.654
31600000 -91.0703 918.878 298.996 827.807 279.417
31700000 -105.469 926.348 301.426 820.879 279.379
31800000 -101.171 914.933 297.712 813.763 279.363
31900000 -105.524 908.181 295.515 802.657 279.469
32000000 -108.088 918.539 298.885 810.451 278.778
32100000 -93.159 920.849 299.637 827.69 278.197
32200000 -111.301 930.656 302.828 819.355 277.782
32300000 -116.654 932.299 303.363 815.645 276.841
32400000 -110.958 921.649 299.897 810.69 276.032
32500000 -108.155 914.258 297.492 806.103 275.815
32600000 -85.3069 930.746 302.857 845.439 276.152
32700000 -136.687 903.117 293.867 766.43 275.941
32800000 -73.0312 939.304 305.642 866.272 275.993
32900000 -101.145 916.599 298.254 815.454 276.622
33000000 -109.545 931.726 303.176 822.181 277.319
33100000 -103.631 926.027 301.322 822.395 277.909
33200000 -122.343 931.878 303.226 809.535 278.507
33300000 -149.301 925.705 301.217 776.404 280.228
33400000 -122.742 935.583 304.431 812.841 282.025
33500000 -135.509 920.434 299.502 784.925 281.548
33600000 -76.8808 930.053 302.632 853.172 282.188
33700000 -76.5152 921.045 299.701 844.53 283.998
33800000 -91.3755 930.367 302.734 838.992 284.453
33900000 -114.557 924.592 300.855 810.035 285.242
34000000 -106.413 923.923 300.637 817.511 286.309
34100000 -103.316 924.51 300.828 821.194 286.462
34200000 -99.1901 917.5 298.547 818.31 286.757
34300000 -62.1183 922.647 300.222 860.529 287.516
34400000 -54.5299 910.693 296.332 856.163 287.712
34500000 -14.5347 912.412 296.892 897.877 287.286
34600000 -60.1446 931.511 303.106 871.366 286.029
34700000 -74.1164 939.509 305.709 865.393 285.411
34800000 -127.978 935.208 304.309 807.23 285.741
