# Time-averaged data for fix favg
# TimeStep v_vpe v_vke v_vT v_vE v_vRg
5100000 197.748 519.241 302.421 716.989 292.332
5200000 201.119 512.152 298.293 713.271 293.973
5300000 213.879 510.015 297.048 723.894 293.411
5400000 201.77 516.265 300.688 718.035 295.592
5500000 208.7 516.296 300.706 724.996 297.38
5600000 204.665 509.169 296.555 713.834 299.248
5700000 203.301 513.784 299.243 717.085 300.781
5800000 198.548 513.87 299.293 712.419 302.534
5900000 202.714 517.131 301.192 719.845 301.388
6000000 197.236 517.223 301.246 714.459 302.526
6100000 210.366 512.403 298.439 722.769 302.767
6200000 222.535 521.108 303.508 743.643 302.633
6300000 203.435 510.158 297.131 713.593 303.907
6400000 202.123 512.789 298.663 714.912 302.942
6500000 201.481 516.237 300.672 717.718 303.066
6600000 203.241 515.12 300.021 718.36 306.225
6700000 185.9 517.866 301.62 703.766 306.824
6800000 182.456 511.82 298.099 694.276 309.375
6900000 190.943 512.739 298.634 703.682 311.905
7000000 193.084 518.168 301.796 711.252 312.391
7100000 213.178 515.291 300.12 728.469 313.557
7200000 192.378 523.026 304.625 715.404 313.535
7300000 198.188 509.23 296.59 707.417 312.854
7400000 204.249 519.091 302.334 723.34 313.211
7500000 197.541 510.592 297.384 708.133 314.116
7600000 199.724 515.282 300.115 715.007 316.492
7700000 195.722 520.531 303.172 716.253 316.51
7800000 175.755 504.594 293.89 680.349 316.759
7900000 179.35 521.242 303.587 700.593 316.393
8000000 191.389 518.664 302.085 710.053 315.505
8100000 181.262 522.445 304.288 703.707 316.773
8200000 184.262 520.238 303.002 704.501 317.67
8300000 173.447 523.13 304.686 696.577 318.273
8400000 177.777 521.567 303.776 699.344 320.341
8500000 180.208 513.652 299.166 693.86 322.856
8600000 175.54 514.598 299.717 690.138 324.713
8700000 188.722 512.487 298.487 701.209 326.179
8800000 200.654 509.601 296.806 710.255 326.109
8900000 196.17 521.523 303.75 717.692 326.277
9000000 185.822 510.319 297.225 696.141 325.128
9100000 185.315 514.464 299.639 699.778 327.902
9200000 187.815 518.1 301.757 705.915 328.456
9300000 183.141 513.392 299.014 696.533 326.609
9400000 168.584 518.061 301.734 686.645 326.605
9500000 169.081 509.942 297.005 679.024 327.874
9600000 167.046 524.395 305.423 691.442 328.359
9700000 171.093 518.637 302.069 689.73 328.781
9800000 179.921 516.396 300.764 696.316 327.388
9900000 170.768 515.16 300.044 685.928 326.952
10000000 175.707 520.628 303.229 696.335 328.246
10100000 162.233 513.867 299.291 676.1 327.572
10200000 160.752 510.34 297.237 671.092 328.443
10300000 163.091 511.268 297.778 674.359 330.465
10400000 161.954 519.677 302.675 681.632 331.226
10500000 153.297 519.91 302.811 673.206 331.908
10600000 151.564 516.924 301.072 668.488 334.049
10700000 148.574 517.62 301.477 666.194 335.842
10800000 146.538 515.048 299.979 661.586 337.157
10900000 139.623 512.085 298.253 651.708 336.818
11000000 167.653 507.378 295.512 675.031 337.285
11100000 147.243 509.305 296.634 656.549 336.94
11200000 157.535 508.356 296.081 665.891 338.444
11300000 160.395 519.162 302.375 679.557 341.526
11400000 167.851 508.825 296.354 676.676 344.362
11500000 172.527 520.263 303.016 692.79 345.448
11600000 188.683 520.191 302.975 708.874 347.459
11700000 180.292 513.56 299.112 693.852 349.403
11800000 174.976 517.024 301.13 692 350.257
11900000 176.249 513.587 299.128 689.836 350.991
12000000 178.96 511.44 297.878 690.4 351.155
12100000 188.373 525.749 306.211 714.122 352.323
12200000 178.622 505.347 294.329 683.969 352.805
12300000 192.375 519.217 302.407 711.592 353.369
12400000 194.542 518.677 302.093 713.219 355.145
12500000 206.422 519.403 302.515 725.825 355.528
12600000 206.164 516.846 301.026 723.009 356.894
12700000 198.991 516.593 300.879 715.584 357.917
12800000 185.488 506.893 295.229 692.381 358.033
12900000 174.615 519.195 302.394 693.81 359.326
13000000 192.063 523.497 304.9 715.56 357.382
13100000 197.535 514.383 299.592 711.917 357.603
13200000 190.174 501.25 291.943 691.424 357.513
13300000 185.266 521.16 303.539 706.426 357.705
13400000 183.758 518.479 301.977 702.236 360.843
13500000 184.121 507.957 295.849 692.078 362.731
13600000 168.53 513.234 298.922 681.763 365.127
13700000 174.947 506.413 294.95 681.361 364.352
13800000 199.864 514.87 299.875 714.733 364.809
13900000 196.807 518.634 302.068 715.441 365.45
14000000 189.574 527.367 307.154 716.942 365.342
14100000 198.136 511.782 298.077 709.918 365.82
14200000 189.127 504.328 293.736 693.455 364.89
14300000 191.815 516.59 300.877 708.405 365.353
14400000 185.338 521.537 303.758 706.875 367.084
14500000 199.372 515.287 300.118 714.66 368.744
14600000 183.254 519.193 302.393 702.447 369.04
14700000 196.194 514.463 299.638 710.657 367.298
14800000 187.547 504.327 293.735 691.874 367.417
14900000 193.564 509.466 296.728 703.03 367.047
15000000 188.898 521.642 303.82 710.54 367.377
15100000 177.431 512.043 298.229 689.475 366.35
15200000 167.527 520.429 303.113 687.956 367.415
15300000 175.411 515.945 300.501 691.356 368.341
15400000 176.256 517.121 301.186 693.377 369.436
15500000 184.408 522.24 304.168 706.648 366.888
15600000 196.329 520.217 302.989 716.545 368.44
15700000 185.785 509.059 296.491 694.844 368.455
15800000 167.489 518.004 301.701 685.493 369.179
15900000 156.055 507.617 295.651 663.671 369.403
16000000 176.091 512.92 298.74 689.011 369.742
16100000 180.024 506.657 295.092 686.682 369.906
16200000 165.926 523.449 304.872 689.375 368.999
16300000 179.141 511.398 297.853 690.54 368.827
16400000 157.081 521.942 303.994 679.023 368.442
16500000 174.413 521.368 303.66 695.781 370.197
16600000 155.417 508.847 296.367 664.264 370.835
16700000 157.042 521.916 303.979 678.958 373.033
16800000 173.222 514.757 299.81 687.978 374.959
16900000 178.486 520.992 303.441 699.478 378.276
17000000 173.847 511.809 298.092 685.656 381.554
17100000 177.959 517.1 301.174 695.06 381.357
17200000 177.586 520.28 303.027 697.866 381.599
17300000 176.173 513.655 299.168 689.828 384.883
17400000 180.162 505.446 294.387 685.608 386.473
17500000 174.333 516.761 300.977 691.094 386.225
17600000 165.176 523.282 304.775 688.458 384.761
17700000 174.806 518.469 301.971 693.275 384.402
17800000 158.885 526.362 306.568 685.246 384.68
17900000 170.979 508.301 296.049 679.28 385.213
18000000 160.369 511.075 297.665 671.444 385.596
18100000 185.591 516.87 301.04 702.461 386.853
18200000 181.559 509.787 296.915 691.346 387.132
18300000 190.282 513.467 299.058 703.748 386.791
18400000 192.047 516.172 300.634 708.219 387.763
18500000 198.935 520.027 302.879 718.962 388.552
18600000 206.708 512.441 298.461 719.149 389.547
18700000 212.031 513.231 298.921 725.262 389.673
18800000 225.904 517.687 301.516 743.591 389.744
18900000 240.402 509.252 296.603 749.654 388.498
19000000 218.551 515.546 300.269 734.097 387.925
19100000 206.256 520.731 303.289 726.987 387.681
19200000 227.474 515.473 300.227 742.947 386.819
19300000 208.074 515.643 300.326 723.717 386.046
19400000 193.604 507.762 295.736 701.367 386.742
19500000 204.836 508.826 296.355 713.662 388.272
19600000 208.153 504.685 293.944 712.839 388.748
19700000 193.074 521.687 303.846 714.76 389.282
19800000 194.188 522.166 304.125 716.354 389.07
19900000 194.179 517.738 301.546 711.918 390.434
20000000 193.747 516.104 300.594 709.851 392.41
20100000 194.511 518.247 301.842 712.759 394.38
20200000 205.788 516.362 300.744 722.15 394.712
20300000 201.184 516.252 300.68 717.436 396.253
20400000 199.065 522.674 304.421 721.739 399.165
20500000 194.08 517.598 301.464 711.678 400.644
20600000 200.536 511.474 297.897 712.01 400.443
20700000 200.753 514.721 299.789 715.475 401.086
20800000 198.391 514.008 299.373 712.4 401.335
20900000 191.299 511.649 297.999 702.948 402.447
21000000 197.856 520.714 303.279 718.57 404.244
21100000 205.285 516.188 300.643 721.472 405.228
21200000 201.855 517.865 301.62 719.72 403.58
21300000 205.077 521.151 303.533 726.227 400.779
21400000 199.726 512.287 298.371 712.013 401.943
21500000 202.062 525.221 305.904 727.283 401.877
21600000 208.658 513.246 298.929 721.904 401.772
21700000 210.282 518.521 302.002 728.804 403.285
21800000 200.045 517.023 301.129 717.068 405.617
21900000 210.831 511.597 297.969 722.429 405.846
22000000 199.365 515.763 300.395 715.128 405.872
22100000 173.36 515.152 300.04 688.512 406.973
22200000 173.226 516.268 300.69 689.494 409.23
22300000 174.5 521.515 303.745 696.015 410.602
22400000 165.888 513.928 299.326 679.815 412.69
22500000 176.582 509.504 296.75 686.086 413.269
22600000 173.433 510.472 297.314 683.905 413.766
22700000 163.946 517.946 301.667 681.892 414.735
22800000 167.215 514.767 299.816 681.982 414.772
22900000 172.62 515.195 300.065 687.815 415.663
23000000 181.023 516.376 300.752 697.399 417.727
23100000 188.164 513.953 299.341 702.116 418.067
23200000 154.997 510.011 297.045 665.008 417.852
23300000 155.664 526.814 306.832 682.477 415.747
23400000 158.531 520.764 303.308 679.294 415.89
23500000 146.734 507.19 295.402 653.924 413.843
23600000 153.737 515.757 300.392 669.494 412.679
23700000 160.746 521.22 303.574 681.965 410.561
23800000 165.627 507.874 295.801 673.501 410.88
23900000 159.875 519.274 302.44 679.149 411.676
24000000 169.94 511.336 297.817 681.276 412.044
24100000 170.118 516.401 300.767 686.52 412.429
24200000 157.705 515.315 300.135 673.02 411.284
24300000 174.996 512.973 298.77 687.968 411.059
24400000 179.902 518.132 301.775 698.034 411.239
24500000 185.676 525.994 306.354 711.67 411.134
24600000 189.296 509.385 296.681 698.681 412.87
24700000 192.181 515.708 300.363 707.889 415.505
24800000 173.124 511.836 298.108 684.96 416.245
24900000 183.599 521.977 304.015 705.577 415.829
25000000 186.282 510.46 297.307 696.742 415.471
25100000 177.705 525.079 305.821 702.784 416.874
25200000 186.863 510.171 297.139 697.035 416.004
25300000 166.263 507.217 295.418 673.48 418.286
25400000 169.304 512.945 298.754 682.249 419.382
25500000 174.919 509.808 296.927 684.727 422.429
25600000 174.101 515.989 300.527 690.09 423.987
25700000 169.734 512.231 298.338 681.965 425.702
25800000 183.254 517.299 301.29 700.553 427.285
25900000 175.262 520.649 303.241 695.911 425.86
26000000 190.864 514.136 299.448 704.999 423.622
26100000 177.529 510.98 297.61 688.51 421.762
26200000 165.563 515.678 300.346 681.241 421.682
26300000 145.14 515.828 300.433 660.968 423.976
26400000 162.498 503.639 293.334 666.137 425.552
26500000 186.947 518.019 301.709 704.965 426.511
26600000 197.854 498.818 290.526 696.672 426.416
26700000 186.79 505.947 294.679 692.738 426.545
26800000 197.007 507.747 295.727 704.754 426.983
26900000 195.727 511.319 297.807 707.045 428.585
27000000 195.724 519.961 302.841 715.686 428.385
27100000 194.634 509.348 296.659 703.981 428.31
27200000 190.138 518.812 302.171 708.95 428.971
27300000 173.99 511.009 297.627 684.999 428.355
27400000 169.294 501.324 291.986 670.618 426.853
27500000 177.013 512.701 298.612 689.714 425.125
27600000 178.135 509.074 296.5 687.209 427.613
27700000 180.534 523.728 305.035 704.263 428.793
27800000 188.441 520.286 303.03 708.727 430.138
27900000 198.949 504.141 293.627 703.09 430.571
28000000 195.057 511.403 297.856 706.46 428.641
28100000 189.734 521.237 303.584 710.971 427.868
28200000 196.221 518.165 301.795 714.386 428.616
28300000 215.554 503.488 293.246 719.042 430.895
28400000 221.148 514.15 299.456 735.298 428.04
28500000 197.219 520.05 302.892 717.268 427.066
28600000 185.524 526.691 306.76 712.215 425.909
28700000 206.705 515.862 300.453 722.567 426.315
28800000 200.859 515.544 300.268 716.403 425.155
28900000 212.109 513.004 298.789 725.113 424.043
29000000 203.099 517.692 301.519 720.791 423.373
29100000 212.458 517.763 301.561 730.222 423.993
29200000 218.766 507.509 295.588 726.276 427.507
29300000 190.528 514.372 299.585 704.9 427.716
29400000 194.182 516.167 300.631 710.349 428.114
29500000 207.899 516.561 300.86 724.46 428.183
29600000 215.466 512.943 298.753 728.409 428.608
29700000 193.369 511.331 297.814 704.7 429.518
29800000 192.259 515.562 300.278 707.821 430.424
29900000 167.799 508.404 296.109 676.202 431.765
30000000 165.379 526.54 306.673 691.92 433.917
30100000 161.313 509.368 296.671 670.681 435.584
30200000 177.964 521.037 303.467 699.001 436.513
30300000 179.875 512.929 298.745 692.804 436.277
30400000 171.097 520.088 302.915 691.186 439.544
30500000 191.519 511.871 298.129 703.39 439.934
30600000 188.123 514.259 299.52 702.382 438.776
30700000 188.439 505.387 294.352 693.826 441.125
30800000 186.424 520.237 303.001 706.66 443.18
30900000 193.886 521.719 303.865 715.605 444.61
31000000 186.084 520.995 303.443 707.079 444.659
31100000 204.855 516.515 300.834 721.37 443.812
31200000 185.906 513.533 299.096 699.439 441.681
31300000 180.562 517.877 301.627 698.44 442.665
31400000 182.483 515.029 299.968 697.512 444.55
31500000 181.794 515.567 300.281 697.361 445.494
31600000 173.854 504.984 294.117 678.838 445.844
31700000 178.37 519.527 302.588 697.897 445.548
31800000 176.83 506.224 294.84 683.054 446.266
31900000 188.071 520.826 303.344 708.897 449.332
32000000 189.477 518.928 302.239 708.405 448.509
32100000 184.641 510.76 297.482 695.401 448.263
32200000 191.032 514.056 299.401 705.088 449.919
32300000 199.31 514.591 299.713 713.901 452.466
32400000 185.271 510.108 297.102 695.379 455.273
32500000 207.16 518.902 302.224 726.062 456.742
32600000 191.844 513.247 298.93 705.091 458.088
32700000 197.402 511.093 297.675 708.495 460.208
32800000 187.965 512.782 298.659 700.747 460.346
32900000 190.086 517.939 301.663 708.026 462.117
33000000 187.928 512.697 298.61 700.625 462.701
33100000 192.898 521.697 303.852 714.595 463.71
33200000 189.339 520.037 302.885 709.376 462.442
33300000 194.325 521.973 304.013 716.299 457.683
33400000 184.765 521.008 303.45 705.773 456.402
33500000 203.995 503.231 293.096 707.225 455.11
33600000 193.88 515.872 300.459 709.752 455.732
33700000 188.876 523.426 304.858 712.302 456.167
33800000 192.102 515.395 300.181 707.497 457.72
33900000 179.498 522.329 304.22 701.827 459.666
34000000 191.236 505.694 294.531 696.93 457.992
34100000 205.031 512.895 298.725 717.925 456.948
34200000 201.958 514.558 299.694 716.516 455.058
34300000 213.437 508.988 296.449 722.425 454.651
34400000 204.015 510.165 297.135 714.18 453.096
34500000 211.021 526.628 306.723 737.649 453.198
34600000 197.836 516.61 300.889 714.446 454.525
34700000 205.153 510.013 297.046 715.166 453.669
34800000 185.742 519.087 302.331 704.828 455.187
34900000 192.738 516.958 301.092 709.696 455.108
35000000 194.449 517.33 301.308 711.779 455.305
35100000 194.885 520.57 303.195 715.454 455.249
35200000 195.45 505.884 294.642 701.334 457.368
35300000 192.854 519.139 302.362 711.993 458.155
35400000 189.091 509.435 296.71 698.525 458.092
35500000 197.879 523.389 304.837 721.268 458.395
35600000 186.003 522.356 304.236 708.36 456.89
35700000 184.816 520.966 303.426 705.782 453.464
35800000 178.485 515.322 300.139 693.807 453.878
35900000 204.582 511.318 297.807 715.9 453.742
36000000 198.522 523.831 305.094 722.352 454.009
36100000 176.86 515.624 300.314 692.483 453.878
36200000 173.113 519.632 302.649 692.745 456.076
36300000 188.612 517.201 301.233 705.813 458.051
36400000 182.152 511.045 297.647 693.197 457.904
36500000 163.479 507.893 295.812 671.372 459.398
36600000 176.095 509.886 296.973 685.981 460.346
36700000 182.633 517.8 301.582 700.434 458.631
36800000 190.574 513.406 299.023 703.98 457.997
36900000 167.19 508.179 295.978 675.369 458.106
37000000 179.346 512.058 298.237 691.404 455.942
37100000 176.62 528.383 307.746 705.003 455.384
37200000 159.734 509.003 296.458 668.737 457.116
37300000 162.942 507.373 295.509 670.315 460.078
37400000 172.991 517.822 301.594 690.812 462.841
37500000 181.875 518.508 301.995 700.383 465.254
37600000 161.371 510.635 297.409 672.006 465.737
37700000 175.716 517.829 301.599 693.545 465.189
37800000 175.645 512.924 298.742 688.569 466.72
37900000 172.367 511.778 298.074 684.145 467.447
38000000 164.098 519.34 302.479 683.439 468.356
38100000 168.061 516.956 301.09 685.017 469.896
38200000 166.131 514.416 299.611 680.547 470.423
38300000 170.428 515.62 300.312 686.048 470.597
38400000 180.042 512.717 298.622 692.759 471.269
38500000 187.777 524.596 305.54 712.373 471.794
38600000 178.223 519.634 302.65 697.858 471.108
38700000 193.225 522.62 304.389 715.844 472.234
38800000 193.785 510.533 297.35 704.318 471.295
38900000 189.332 512.914 298.736 702.246 470.456
39000000 191.093 500.077 291.259 691.17 469.78
39100000 191.113 522.524 304.333 713.637 470.78
39200000 194.071 514.636 299.739 708.706 469.716
39300000 200.299 501.023 291.81 701.322 469.158
39400000 192.539 515.666 300.339 708.205 467.672
39500000 195.003 511.302 297.797 706.305 464.568
39600000 182.672 525.137 305.855 707.809 464.632
39700000 199.475 520.268 303.019 719.743 467.646
39800000 196.974 509.111 296.521 706.085 467.407
39900000 205.907 516.951 301.087 722.857 468.387
40000000 187.198 512.149 298.291 699.347 471.136
40100000 189.329 516.691 300.936 706.02 474.882
40200000 197.046 511.783 298.077 708.829 475.336
40300000 190.834 518.915 302.231 709.749 475.26
40400000 187.118 526.527 306.664 713.645 475.756
40500000 174.056 521.709 303.859 695.765 476.281
40600000 189.681 513.253 298.934 702.934 478.413
40700000 190.073 513.836 299.273 703.908 479.393
40800000 192.736 524.412 305.433 717.148 478.674
40900000 197.176 520.427 303.112 717.603 480.037
41000000 201.707 512.425 298.451 714.131 482.596
41100000 196.185 518.889 302.216 715.073 484.156
41200000 187.068 505.127 294.201 692.195 483.296
41300000 198.841 512.982 298.776 711.824 482.212
41400000 193.716 518.115 301.765 711.831 480.596
41500000 192.495 514.654 299.749 707.149 479.944
41600000 194.694 510.679 297.434 705.372 481.995
41700000 213.212 515.494 300.239 728.706 484.611
41800000 205.299 504.666 293.932 709.965 484.907
41900000 203.329 514.771 299.818 718.1 485.406
42000000 207.891 524.381 305.415 732.271 485.341
42100000 192.308 516.773 300.984 709.081 486.254
42200000 192.452 515.173 300.052 707.625 485.582
42300000 194.602 511.904 298.148 706.506 483.678
42400000 207.06 510.958 297.597 718.018 484.053
42500000 211.013 513.043 298.811 724.056 482.846
42600000 204.374 509.482 296.737 713.856 482.717
42700000 192.766 508.294 296.045 701.061 480.986
42800000 197.3 520.307 303.042 717.607 480.313
42900000 192.769 513.724 299.208 706.493 480.897
43000000 191.609 517.857 301.615 709.466 480.058
43100000 197.114 526.891 306.877 724.005 481.831
43200000 198.832 511.714 298.037 710.546 482.917
43300000 211.773 513.866 299.291 725.639 483.279
43400000 206.17 518.596 302.045 724.766 484.539
43500000 208.024 520.837 303.351 728.861 484.426
43600000 202.924 521.425 303.693 724.349 484.112
43700000 200.797 513.205 298.906 714.002 484.985
43800000 203.295 519.193 302.393 722.488 486.973
43900000 200.885 517.297 301.289 718.183 489.455
44000000 193.552 519.185 302.388 712.737 491.455
44100000 189.415 516.596 300.881 706.012 490.961
44200000 182.556 518.288 301.866 700.845 491.461
44300000 198.178 520.853 303.36 719.031 490.136
44400000 198.879 517.688 301.516 716.567 490.639
44500000 195.642 515.085 300 710.727 490.517
44600000 191.738 504.263 293.698 696.001 489.539
44700000 208.495 514.959 299.927 723.454 491.09
44800000 218.548 518.475 301.975 737.023 489.854
44900000 200.261 514.902 299.894 715.163 492.109
45000000 200.583 506.826 295.191 707.409 494.005
45100000 210.539 515.853 300.448 726.392 495.049
45200000 207.885 507.323 295.48 715.208 496.096
45300000 200.644 510.715 297.455 711.359 495.498
45400000 201.863 517.584 301.456 719.446 494.027
45500000 203.462 511.103 297.681 714.564 494.438
45600000 219.696 512.898 298.727 732.594 493.674
45700000 215.611 517.371 301.332 732.982 494.232
45800000 222.844 517.113 301.182 739.957 496.371
45900000 213.547 512.95 298.757 726.497 497.308
46000000 212.587 507.152 295.38 719.738 496.958
46100000 202.227 510.701 297.447 712.928 498.967
46200000 193.384 516.918 301.068 710.302 500.713
46300000 200.16 503.958 293.52 704.117 499.557
46400000 192.638 510.02 297.051 702.659 499.374
46500000 177.758 510.514 297.338 688.272 499.676
46600000 188.205 522.065 304.066 710.27 500.928
46700000 198.941 501.422 292.043 700.363 500.604
46800000 203.37 513.823 299.265 717.193 502.345
46900000 179.97 519.962 302.841 699.931 502.783
47000000 176.47 514.779 299.823 691.25 505.361
47100000 195.196 504.439 293.8 699.635 506.978
47200000 177.877 514.463 299.638 692.34 510.689
47300000 178.891 516.166 300.63 695.057 511.513
47400000 177.68 506.165 294.805 683.845 512.964
47500000 191.451 516.327 300.724 707.779 514.564
47600000 189.561 521.425 303.693 710.987 515.625
47700000 199.324 523.69 305.013 723.014 516.624
47800000 190.16 513.742 299.219 703.902 516.562
47900000 199.203 510.935 297.584 710.138 515.968
48000000 180.772 513.97 299.351 694.742 514.592
48100000 179.085 515.807 300.421 694.892 512.588
48200000 175.346 517.897 301.639 693.243 512.719
48300000 169.996 503.639 293.334 673.634 513.005
48400000 174.121 517.23 301.25 691.35 513.8
48500000 171.779 521.248 303.59 693.027 515.507
48600000 181.046 505.749 294.563 686.794 517.64
48700000 152.499 513.314 298.969 665.813 519.546
48800000 147.498 521.269 303.602 668.767 521.153
48900000 176.697 511.442 297.879 688.14 521.057
49000000 162.17 506.806 295.179 668.976 522.293
49100000 195.94 512.62 298.565 708.56 521.278
49200000 191.245 513.835 299.273 705.08 521.196
49300000 180.288 518.251 301.845 698.539 520.458
49400000 190.914 513.716 299.203 704.63 519.601
49500000 199.311 507.156 295.382 706.467 522.12
49600000 188.081 516.674 300.926 704.755 522.031
49700000 199.941 519.585 302.621 719.526 521.105
49800000 195.014 508.421 296.119 703.434 521.587
49900000 194.948 513.264 298.94 708.212 521.994
50000000 198.232 520.725 303.286 718.957 522.257
50100000 183.739 516.136 300.613 699.875 523.957
50200000 189.338 522.698 304.435 712.037 524.813
50300000 191.621 515.026 299.966 706.647 523.59
50400000 190.209 513.796 299.25 704.005 522.69
50500000 182.441 513.258 298.937 695.699 520.991
50600000 188.409 521.962 304.006 710.371 521.18
50700000 188.703 519.619 302.642 708.323 521.659
50800000 186.537 512.516 298.504 699.054 522.51
50900000 195.829 516.008 300.538 711.837 520.465
51000000 193.433 519.63 302.648 713.064 519.786
51100000 175.908 512.017 298.213 687.924 519.628
51200000 187.971 516.704 300.944 704.675 520.209
51300000 192.309 521.151 303.534 713.461 523.942
51400000 197.461 506.966 295.272 704.427 523.986
51500000 195.509 522.259 304.179 717.768 523.307
51600000 200.13 512.512 298.502 712.642 524.501
51700000 206.541 513.815 299.261 720.355 525.934
51800000 214.736 511.587 297.963 726.323 523.992
51900000 203.2 524.254 305.341 727.455 523.093
52000000 198.067 516.484 300.815 714.551 523.612
52100000 200.195 513.08 298.833 713.275 525.839
52200000 198.731 515.614 300.309 714.344 525.499
52300000 192.825 516.451 300.796 709.276 526.227
52400000 205.124 522.325 304.218 727.449 527.05
52500000 222.862 515.229 300.084 738.091 526.733
52600000 211.719 519.154 302.371 730.873 527.216
52700000 199.851 518.91 302.229 718.762 527.775
52800000 202.543 512.821 298.682 715.364 527.026
52900000 199.893 510.231 297.174 710.124 524.651
53000000 209.362 518.616 302.057 727.978 522.38
53100000 199.401 505.662 294.512 705.063 519.543
53200000 203.187 514.169 299.467 717.356 518.376
53300000 204.569 514.137 299.449 718.706 518.392
53400000 212.113 520.518 303.165 732.632 518.379
53500000 207.454 511.22 297.749 718.674 517.658
53600000 205.632 516.796 300.997 722.428 516.554
53700000 216.976 511.59 297.965 728.566 517.097
53800000 207.835 509.149 296.543 716.984 516.921
53900000 207.761 515.83 300.435 723.591 517.182
54000000 219.271 509.275 296.617 728.546 516.844
54100000 220.619 520.678 303.258 741.297 516.174
54200000 211.808 510.701 297.447 722.509 515.342
54300000 198.149 504.165 293.64 702.314 514.696
54400000 216.119 517.32 301.302 733.439 514.386
54500000 193.921 506.181 294.815 700.102 512.7
54600000 194.712 515.034 299.971 709.746 512.317
54700000 207.881 511.903 298.147 719.784 514.927
54800000 205.502 509.076 296.501 714.578 515.94
54900000 206.136 522.297 304.201 728.433 516.352
55000000 203.159 513.869 299.293 717.029 515.74
55100000 176.56 530.328 308.878 706.888 517.004
55200000 189.839 510.33 297.231 700.169 516.634
55300000 183.021 511.445 297.881 694.466 516.398
55400000 191.237 506.988 295.285 698.225 517.116
55500000 177.699 519.074 302.324 696.773 517.686
55600000 187.861 512.922 298.741 700.783 519.173
55700000 201.395 513.583 299.126 714.978 520.686
55800000 186.113 512.872 298.712 698.985 521.289
55900000 196.654 518.876 302.209 715.531 521.147
56000000 189.994 522.012 304.035 712.006 520.108
56100000 183.437 505.92 294.662 689.357 521.642
56200000 175.188 517.034 301.136 692.222 522.728
56300000 181.552 510.207 297.16 691.759 524.073
56400000 193.849 513.779 299.24 707.627 527.513
56500000 195.22 526.558 306.683 721.777 527.849
56600000 201.863 513.506 299.081 715.369 526.867
56700000 192.328 520.19 302.974 712.519 527.703
56800000 187.502 512.945 298.754 700.447 529.288
56900000 184.305 516.262 300.686 700.566 528.886
57000000 189.21 504.897 294.067 694.107 527.292
57100000 189.383 515.853 300.448 705.236 528.309
57200000 183.838 519.597 302.628 703.435 528.852
57300000 192.939 524.069 305.233 717.008 529.9
57400000 191.112 515.71 300.365 706.822 530.354
57500000 190.995 521.091 303.499 712.086 529.43
57600000 192.386 523.226 304.742 715.612 527.03
57700000 196.709 507.218 295.419 703.927 525.261
57800000 195.163 519.505 302.575 714.668 524.325
57900000 191.021 516.086 300.584 707.107 524.922
58000000 181.398 513.26 298.938 694.658 527.063
58100000 208.09 521.071 303.487 729.162 528.672
58200000 211.485 509.399 296.689 720.884 526.774
58300000 208.292 522.227 304.16 730.519 526.969
58400000 197.127 511.323 297.809 708.45 526.999
58500000 197.467 524.075 305.237 721.542 527.601
58600000 191.655 503.992 293.54 695.648 529.299
58700000 179.662 512.976 298.772 692.638 530.659
58800000 171.79 528.237 307.66 700.026 529.676
58900000 150.55 525.038 305.797 675.588 529.949
59000000 162.36 509.963 297.017 672.323 529.292
59100000 161.057 519.483 302.562 680.54 529.233
59200000 139.934 516.473 300.809 656.407 530.06
59300000 154.774 514.052 299.399 668.826 531.39
59400000 161.154 517.244 301.258 678.398 532.159
59500000 163.348 520.077 302.908 683.425 532.628
59600000 171.657 511.632 297.989 683.289 532.409
59700000 137.998 516.068 300.573 654.065 531.936
59800000 148.728 515.577 300.287 664.305 531.859
59900000 151.151 516.021 300.546 667.172 533.155
60000000 179.01 518.224 301.829 697.234 533.868
60100000 172.195 519.69 302.682 691.884 535.152
60200000 181.883 512.743 298.636 694.626 535.314
60300000 197.642 512.23 298.338 709.872 534.734
60400000 199.748 520.145 302.947 719.892 536.088
60500000 201.17 509.764 296.901 710.933 536.393
60600000 186.678 518.064 301.735 704.742 535.966
60700000 204.051 510.146 297.124 714.198 534.075
60800000 214.518 517.929 301.657 732.447 534.705
60900000 207.475 513.858 299.286 721.332 536.542
61000000 211.226 507.401 295.525 718.627 535.822
61100000 189.43 512.542 298.519 701.972 536.094
61200000 193.796 517.039 301.139 710.835 537.63
61300000 192.946 514.047 299.396 706.993 537.586
61400000 193.633 513.705 299.197 707.338 537.319
61500000 185.01 512.95 298.757 697.96 537.801
61600000 174.988 515.506 300.246 690.494 540.052
61700000 179.427 518.755 302.138 698.181 541.604
61800000 182.586 522.008 304.033 704.594 540.176
61900000 190.468 509.599 296.805 700.067 538.975
62000000 176.553 510.418 297.282 686.97 539.772
62100000 177.031 512.007 298.208 689.038 540.519
62200000 168.72 511.704 298.032 680.424 539.853
62300000 169.12 524.312 305.375 693.432 539.804
62400000 179.913 505.924 294.665 685.838 538.797
62500000 183.419 516.612 300.89 700.031 538.999
62600000 196.104 511.062 297.657 707.166 540.197
62700000 185.077 517.47 301.389 702.546 538.409
62800000 191.907 521.966 304.008 713.873 537.906
62900000 185.72 527.475 307.217 713.195 538.269
63000000 186.113 514.792 299.83 700.905 539.825
63100000 186.024 515.663 300.337 701.687 542.526
63200000 193.705 516.002 300.535 709.706 542.303
63300000 184.409 511.304 297.798 695.712 544.209
63400000 201.716 512.621 298.565 714.337 546.213
63500000 200.616 523.503 304.903 724.119 545.703
63600000 201.707 511.214 297.746 712.92 545.083
63700000 212.182 514.756 299.809 726.937 545.38
63800000 197.645 520.408 303.101 718.052 544.753
63900000 191.529 521.908 303.974 713.437 542.854
64000000 190.806 511.496 297.91 702.302 540.477
64100000 182.463 509.812 296.929 692.275 538.473
64200000 179.601 515.245 300.094 694.845 539.203
64300000 172.679 514.457 299.635 687.136 537.724
64400000 176.505 509.842 296.947 686.348 536.552
64500000 179.939 523.616 304.969 703.554 535.879
64600000 181.428 510.9 297.563 692.329 536.483
64700000 189.16 508.009 295.879 697.168 535.673
64800000 184.986 508.772 296.324 693.758 536.457
64900000 197.981 512.878 298.715 710.859 538.767
65000000 180.248 525.497 306.065 705.745 538.453
65100000 187.502 514.857 299.868 702.359 537.099
65200000 193.011 517.246 301.259 710.256 535.786
65300000 183.571 507.826 295.772 691.396 535.836
65400000 192.133 526.854 306.855 718.987 535.965
65500000 177.233 515.556 300.275 692.788 538.022
65600000 180.389 516.222 300.663 696.611 538.393
65700000 167.9 517.259 301.267 685.159 540.931
65800000 162.632 508.439 296.13 671.071 542.094
65900000 175.758 511.285 297.788 687.044 542.544
66000000 160.627 518.308 301.878 678.935 541.934
66100000 169.096 515.234 300.087 684.329 542.773
66200000 164.484 514.171 299.468 678.655 543.866
66300000 161.451 513.605 299.139 675.056 544.682
66400000 144.448 509.037 296.478 653.485 547.428
66500000 175.268 507.596 295.639 682.864 546.878
66600000 163.774 530.493 308.975 694.266 547.049
66700000 164.452 518.475 301.975 682.927 547.508
66800000 150.693 519.905 302.808 670.598 547.344
66900000 171.168 501.49 292.083 672.658 548.492
67000000 174.041 517.182 301.222 691.223 549.347
67100000 163.507 514.877 299.879 678.384 550.968
67200000 162.932 518.257 301.848 681.189 552.53
67300000 159.086 520.791 303.324 679.876 553.957
67400000 175.332 516.142 300.616 691.474 554.409
67500000 157.683 509.174 296.558 666.857 555.872
67600000 153.975 511.716 298.039 665.691 556.717
67700000 151.138 520.256 303.012 671.394 556.448
67800000 168.954 512.125 298.277 681.079 554.326
67900000 190.784 512.219 298.331 703.003 550.735
68000000 205.631 512.514 298.503 718.145 549.349
68100000 205.306 509.744 296.89 715.05 548.22
68200000 210.266 512.011 298.21 722.278 549.821
68300000 208.995 512.149 298.291 721.144 551.158
68400000 197.531 520.919 303.399 718.451 552.447
68500000 201.49 521.326 303.636 722.816 552.719
68600000 195.105 515.141 300.033 710.246 552.683
68700000 187.599 515.484 300.233 703.084 553.397
68800000 197.585 512.619 298.565 710.204 553.377
68900000 187.443 508.642 296.248 696.084 554.047
69000000 183.804 519.238 302.419 703.042 555.879
69100000 187.145 516.723 300.955 703.868 555.362
69200000 192.308 513.303 298.963 705.611 556.264
69300000 193.489 522.365 304.24 715.853 556.956
69400000 199.493 502.997 292.96 702.49 558.888
69500000 212.933 514.965 299.93 727.897 559
69600000 218.259 510.141 297.121 728.401 559.825
69700000 214.585 514.641 299.742 729.226 560.432
69800000 210.181 526.923 306.896 737.104 559.215
69900000 208.566 514.444 299.627 723.009 560.046
70000000 197.758 510.709 297.452 708.466 561.231
70100000 201.399 516.046 300.56 717.445 562.446
70200000 202.557 505.909 294.656 708.466 561.297
70300000 210.415 516.044 300.559 726.459 561.701
70400000 228.384 509.502 296.749 737.886 560.689
70500000 215.966 509.463 296.726 725.428 561.314
70600000 203.536 517.447 301.377 720.983 564.335
70700000 213.091 516.936 301.079 730.027 565.124
70800000 202.193 511.027 297.637 713.219 565.267
70900000 194.498 516.106 300.595 710.604 564.042
71000000 186.767 512.985 298.778 699.752 565.321
71100000 196.292 514.789 299.828 711.081 567.328
71200000 202.417 519.392 302.509 721.809 568.035
71300000 193.371 520.015 302.872 713.386 569.083
71400000 190.378 510.492 297.326 700.87 572.775
71500000 219.08 520.411 303.103 739.491 571.721
71600000 212.503 515.044 299.977 727.547 571.613
71700000 214.864 506.856 295.208 721.719 571.043
71800000 195.62 514.069 299.409 709.689 572.53
71900000 192.408 528.659 307.906 721.067 574.3
72000000 191.005 509.15 296.544 700.155 575.491
72100000 199.246 521.651 303.825 720.897 575.212
72200000 220.209 522.713 304.443 742.922 575.033
72300000 217.586 512.463 298.474 730.049 572.137
72400000 210.981 515.084 300 726.065 573.864
72500000 217.744 515.043 299.976 732.787 574.147
72600000 220.356 517.96 301.675 738.316 576.534
72700000 209.54 516.684 300.932 726.224 576.535
72800000 215.855 506.933 295.253 722.788 575.769
72900000 216.018 512.425 298.451 728.443 575.585
73000000 199.786 518.782 302.154 718.569 574.789
73100000 195.226 525.618 306.135 720.844 574.56
73200000 190.222 521.168 303.543 711.39 574.582
73300000 196.711 516.289 300.702 713 574.774
73400000 191.863 517.805 301.585 709.668 575.681
73500000 192.234 503.99 293.538 696.224 573.335
73600000 203.607 509.89 296.975 713.497 572.803
73700000 194.79 516.024 300.548 710.814 573.468
73800000 194.222 528.589 307.866 722.812 573.688
73900000 222.176 509.464 296.727 731.64 574.118
74000000 222.16 509.805 296.926 731.966 576.09
74100000 234.379 512.641 298.577 747.02 575.344
74200000 230.866 508.182 295.98 739.048 576.183
74300000 231.359 520.552 303.185 751.911 578.162
74400000 203.056 516.549 300.854 719.606 577.243
74500000 201.252 509.835 296.943 711.088 577.148
74600000 190.681 513.282 298.95 703.963 576.805
74700000 185.87 510.762 297.483 696.632 575.975
74800000 198.069 513.253 298.933 711.322 576.502
74900000 189.498 513.252 298.933 702.75 578.039
75000000 184.758 523.052 304.641 707.811 580.93
75100000 187.603 527.807 307.41 715.409 580.105
75200000 179.498 515.573 300.285 695.071 579.61
75300000 200.453 512.959 298.763 713.413 578.072
75400000 201.683 519.811 302.753 721.494 577.327
75500000 197.001 517.812 301.589 714.813 578.355
75600000 183.498 514.775 299.82 698.274 577.919
75700000 193.06 518.02 301.71 711.08 575.986
75800000 184.519 508.473 296.149 692.992 577.748
75900000 198.26 510.146 297.124 708.406 578.551
76000000 191.619 511.845 298.113 703.463 579.32
76100000 192.565 508.389 296.101 700.954 580.461
76200000 178.961 508.014 295.882 686.975 580.687
76300000 175.869 516.021 300.546 691.89 583.163
76400000 178.362 517.897 301.638 696.258 584.281
76500000 182.3 511.56 297.947 693.86 582.156
76600000 176.558 516.769 300.982 693.327 582.692
76700000 183.434 523.442 304.868 706.876 581.956
76800000 175.49 513.974 299.353 689.463 581.835
76900000 167.08 514.779 299.822 681.859 582.552
77000000 162.523 514.194 299.482 676.717 583.09
77100000 182.826 513.777 299.239 696.603 584.346
77200000 173.461 514.348 299.571 687.81 584.115
77300000 176.084 508.455 296.139 684.539 584.213
77400000 189.313 520.414 303.104 709.727 586.194
77500000 182.929 521.863 303.949 704.792 588.231
77600000 190.098 523.189 304.721 713.287 588.878
77700000 187.131 515.366 300.164 702.497 589.154
77800000 203.265 519.875 302.791 723.141 588.237
77900000 192.454 504.414 293.785 696.868 587.097
78000000 188.767 519.474 302.557 708.241 587.781
78100000 174.15 526.912 306.889 701.062 589.255
78200000 195.867 503.67 293.352 699.538 591.274
78300000 169.571 521.31 303.626 690.881 589.571
78400000 188.087 521.227 303.578 709.313 590.337
78500000 195.917 512.479 298.483 708.395 592.043
78600000 199.266 516.777 300.986 716.043 591.99
78700000 198.531 511.343 297.821 709.874 593.815
78800000 191.348 527.644 307.316 718.992 592.185
78900000 193.794 520.589 303.206 714.383 590.332
79000000 194.724 510.144 297.123 704.867 589.16
79100000 207.358 520.423 303.11 727.782 590.7
79200000 208.319 519.439 302.536 727.758 589.208
79300000 207.306 510.237 297.177 717.543 589.215
79400000 208.808 513.804 299.254 722.611 588.69
79500000 206.686 518.034 301.718 724.719 590.692
79600000 191.146 515.036 299.972 706.182 591.233
79700000 179.592 522.901 304.553 702.492 590.439
79800000 187.827 514.331 299.561 702.157 590.202
79900000 193.556 517.012 301.123 710.568 591.186
80000000 206.998 514.467 299.641 721.466 591.089
80100000 182.104 505.293 294.297 687.397 591.44
80200000 186.921 516.977 301.102 703.898 592.064
80300000 185.438 519.149 302.368 704.587 593.019
80400000 190.929 520.233 302.999 711.162 593.637
80500000 188.418 504.619 293.905 693.037 593.258
80600000 184.809 515.177 300.054 699.986 591.538
80700000 202.949 515.244 300.093 718.193 590.831
80800000 191.269 506.63 295.076 697.899 592.037
80900000 188.993 519.831 302.765 708.824 593.112
81000000 188.3 515.435 300.205 703.736 591.99
81100000 191.816 516.057 300.566 707.873 592.34
81200000 188.985 507.618 295.651 696.602 597.022
81300000 198.148 520.93 303.405 719.078 596.22
81400000 191.789 517.366 301.329 709.155 595.454
81500000 213.136 515.441 300.208 728.577 595.751
81600000 209.019 519.762 302.724 728.781 596.405
81700000 190.631 514.365 299.581 704.996 596.373
81800000 205.926 521.362 303.657 727.289 596.279
81900000 198.216 524.435 305.446 722.651 595.334
82000000 202.36 501.42 292.042 703.78 595.01
82100000 204.884 520.536 303.176 725.42 595.265
82200000 214.293 515.551 300.272 729.844 598.25
82300000 201.819 521.453 303.709 723.272 600.08
82400000 206.606 515.754 300.39 722.359 600.942
82500000 207.534 513.442 299.044 720.976 599.375
82600000 208.615 522.317 304.212 730.932 598.695
82700000 207.129 505.394 294.356 712.523 599.614
82800000 207.17 510.302 297.215 717.471 600.046
82900000 207.968 516.332 300.727 724.3 599.878
83000000 200.12 513.414 299.027 713.533 600.344
83100000 205.45 522.661 304.413 728.111 602.002
83200000 195.888 511.4 297.854 707.287 600.464
83300000 201.489 513.537 299.099 715.027 600.375
83400000 203.597 514.505 299.663 718.102 599.688
83500000 207.513 516.706 300.945 724.22 600.615
83600000 214.508 518.518 302 733.025 601.95
83700000 198.238 509.928 296.997 708.166 602.668
83800000 203.18 515.303 300.128 718.483 603.911
83900000 194.013 508.695 296.279 702.708 602.975
84000000 190.865 510.017 297.049 700.882 602.103
84100000 194.748 504.873 294.053 699.621 600.698
84200000 196.314 515.949 300.504 712.263 601.56
84300000 171.37 516.854 301.031 688.224 603.114
84400000 175.719 526.819 306.835 702.538 604.597
84500000 177.703 509.006 296.46 686.708 606.379
84600000 184.043 510.704 297.449 694.746 605.4
84700000 192.633 511.701 298.03 704.334 605.545
84800000 212.586 515.58 300.289 728.166 606.203
84900000 192.411 509.236 296.594 701.648 606.54
85000000 190.501 507.453 295.555 697.954 607.264
85100000 196.974 517.613 301.473 714.587 607.968
85200000 187.018 511.758 298.063 698.775 607.711
85300000 194.548 514.127 299.443 708.675 608.448
85400000 190.51 521.35 303.65 711.86 609.597
85500000 184.255 517.629 301.482 701.884 611.015
85600000 179.797 526.821 306.836 706.617 613.526
85700000 191.567 518.247 301.842 709.814 612.835
85800000 184.953 516.435 300.787 701.388 613.733
85900000 174.986 513.455 299.051 688.441 611.8
86000000 196.331 518.969 302.263 715.3 610.29
86100000 187.019 506.833 295.194 693.852 611.757
86200000 182.45 526.569 306.689 709.019 614.504
86300000 191.225 525.622 306.138 716.846 614.154
86400000 196.694 513.168 298.884 709.862 611.323
86500000 184.038 504.215 293.67 688.253 610.524
86600000 185.144 514.567 299.699 699.711 610.592
86700000 179.999 512.064 298.241 692.063 611.883
86800000 187.448 516.373 300.751 703.821 611.343
86900000 192.85 515.787 300.41 708.637 611.103
87000000 174.107 511.325 297.811 685.432 612.434
87100000 183.266 513.073 298.829 696.339 613.817
87200000 186.993 508.331 296.067 695.324 614.913
87300000 178.897 508.114 295.941 687.011 616.78
87400000 179.864 506 294.709 685.864 616.552
87500000 182.209 521.493 303.733 703.702 617.822
87600000 186.565 505.99 294.703 692.554 617.571
87700000 183.97 508.692 296.277 692.663 617.695
87800000 184.498 506.613 295.066 691.111 615.823
87900000 194.391 519.482 302.561 713.873 614.401
88000000 217.624 514.193 299.481 731.817 617.368
88100000 214.74 516.812 301.006 731.551 620.152
88200000 206.662 520.923 303.401 727.585 622.068
88300000 216.962 516.877 301.045 733.84 622.009
88400000 214.429 523.702 305.019 738.131 622.678
88500000 199.595 514.66 299.753 714.256 623.478
88600000 210.72 508.783 296.33 719.503 623.759
88700000 204.24 513.156 298.877 717.396 623.459
88800000 204.746 521.708 303.858 726.453 623.32
88900000 216.065 511.962 298.181 728.026 623.335
89000000 201.341 514.311 299.55 715.652 624.588
89100000 200.509 510.428 297.288 710.937 625.283
89200000 201.238 517.154 301.206 718.392 625.962
89300000 201.892 518.262 301.851 720.154 625.452
89400000 215.065 504.232 293.68 719.298 624.743
89500000 200.842 518.431 301.949 719.273 623.78
89600000 203.171 503 292.962 706.17 626.207
89700000 196.202 517.137 301.196 713.339 626.236
89800000 216.125 521.836 303.933 737.962 626.677
89900000 220.678 518.977 302.267 739.654 626.128
90000000 216.764 519.239 302.42 736.003 624.102
90100000 223.213 518.918 302.233 742.131 622.672
90200000 219.022 512.791 298.665 731.813 623.945
90300000 194.272 525.568 306.106 719.839 624.747
90400000 196.357 512.952 298.758 709.309 625.506
90500000 204.89 521.05 303.475 725.94 625.928
90600000 196.719 509.841 296.946 706.56 626.964
90700000 208.975 513.715 299.203 722.69 626.896
90800000 200.472 514.132 299.446 714.604 625.218
90900000 206.623 518.516 301.999 725.138 626.312
91000000 192.639 509.752 296.894 702.39 626.51
91100000 176.618 518.778 302.152 695.396 626.398
91200000 176.625 518.494 301.986 695.12 627.148
91300000 158.259 527.059 306.974 685.317 627.775
91400000 166.804 515.431 300.202 682.236 627.026
91500000 165.579 512.616 298.563 678.195 628.08
91600000 168.713 515.004 299.953 683.716 628.619
91700000 181.475 512.061 298.239 693.537 629.085
91800000 152.076 515.631 300.319 667.707 629.802
91900000 165.951 510.07 297.08 676.021 630.334
92000000 171.757 511.806 298.091 683.564 630.849
92100000 171.953 521.997 304.026 693.95 631.856
92200000 176.513 522.151 304.116 698.663 633.315
92300000 173.515 519.742 302.713 693.256 633.938
92400000 171.914 513.098 298.844 685.013 633.017
92500000 182.177 517.439 301.371 699.616 632.813
92600000 189.903 505.537 294.439 695.44 631.403
92700000 192.165 499.446 290.892 691.611 629.893
92800000 191.83 516.041 300.557 707.871 627.889
92900000 166.472 518.728 302.122 685.2 628.094
93000000 146.947 510.997 297.619 657.944 628.002
93100000 156.36 518.105 301.76 674.465 628.265
93200000 161.984 517.73 301.541 679.714 628.403
93300000 179.524 522.84 304.518 702.365 628.119
93400000 184.141 520.287 303.03 704.428 628.827
93500000 178.729 523.477 304.888 702.206 629.644
93600000 184.969 514.412 299.608 699.38 629.656
93700000 183.668 515.909 300.481 699.578 629.094
93800000 165.079 507.543 295.608 672.622 628.421
93900000 170.955 510.912 297.57 681.866 630.695
94000000 166.39 515.123 300.022 681.512 631.271
94100000 165.273 519.404 302.516 684.676 630.213
94200000 168.188 515.486 300.234 683.675 628.692
94300000 164.537 509.053 296.487 673.59 627.729
94400000 176.44 510.203 297.157 686.643 630.603
94500000 178.407 522.574 304.363 700.981 632.826
94600000 155.337 522.346 304.23 677.683 631.574
94700000 167.452 524.772 305.642 692.224 631.783
94800000 175.168 507.194 295.405 682.362 631.435
94900000 177.599 524.219 305.321 701.818 629.183
95000000 177.506 521.299 303.62 698.806 628.02
95100000 187.829 515.645 300.327 703.474 626.444
95200000 169.897 520.788 303.322 690.685 626.25
95300000 189.209 517.454 301.381 706.663 625.238
95400000 175.868 524.28 305.356 700.149 627.03
95500000 187.666 519.252 302.427 706.917 630.413
95600000 167.433 527.275 307.101 694.708 631.021
95700000 171.074 517.272 301.274 688.346 629.862
95800000 181.686 514.568 299.699 696.254 630.723
95900000 185.014 518.004 301.701 703.018 630.168
96000000 209.367 515.687 300.351 725.055 629.491
96100000 203.41 515.788 300.41 719.199 629.23
96200000 201.272 504.065 293.582 705.337 629.335
96300000 194.771 515.361 300.161 710.132 627.487
96400000 191.29 522.339 304.225 713.629 628.506
96500000 192.251 508.813 296.347 701.063 628.324
96600000 202.431 506.992 295.287 709.423 628.59
96700000 186.646 514.325 299.558 700.972 628.486
96800000 193.747 515.167 300.049 708.914 628.309
96900000 192.526 513.55 299.107 706.077 628.33
97000000 193.876 510.679 297.434 704.555 626.428
97100000 192.929 514.11 299.433 707.039 625.594
97200000 196.045 522.04 304.051 718.084 626.352
97300000 193.795 512.193 298.316 705.988 626.093
97400000 191.62 508.244 296.016 699.864 624.811
97500000 195.399 506.202 294.827 701.601 624.401
97600000 201.354 531.374 309.488 732.728 624.592
97700000 217.391 520.95 303.416 738.34 623.946
97800000 196.812 520.614 303.221 717.425 625.269
97900000 185.99 518.603 302.049 704.593 626.014
98000000 185.68 512.168 298.302 697.848 628.63
98100000 189.382 511.02 297.633 700.401 629.588
98200000 199.898 510.168 297.137 710.066 628.652
98300000 206.291 525.125 305.848 731.416 627.816
98400000 207.664 520.555 303.187 728.219 629.124
98500000 217.308 504.795 294.007 722.103 628.556
98600000 214.393 510.178 297.143 724.571 627.816
98700000 204.955 503.892 293.482 708.847 627.716
98800000 224.777 517.899 301.64 742.676 627.131
98900000 219.084 519.165 302.377 738.249 628.942
99000000 211.12 513.453 299.05 724.573 630.205
99100000 209.146 520.08 302.91 729.226 631.223
99200000 220.329 511.035 297.642 731.365 630.865
99300000 203.242 510.15 297.126 713.392 631.979
99400000 215.609 520.367 303.077 735.976 632.112
99500000 209.555 508.715 296.291 718.27 632.453
99600000 213.85 520.04 302.886 733.889 632.129
99700000 210.215 523.787 305.069 734.002 632.921
99800000 204.332 510.205 297.158 714.537 634.829
99900000 207.797 510.341 297.238 718.138 637.534
100000000 218.305 521.18 303.551 739.485 639.038
100100000 216.536 522.116 304.095 738.651 638.641
100200000 214.334 514.503 299.662 728.838 640.017
100300000 212.316 525.615 306.134 737.931 641.397
100400000 216.687 510.267 297.194 726.953 641.261
100500000 207.492 525.258 305.926 732.75 641.306
100600000 211.998 513.654 299.167 725.652 641.448
100700000 212.251 514.51 299.666 726.761 640.033
100800000 210.524 516.715 300.95 727.239 637.211
100900000 206.386 513.073 298.829 719.459 637.024
101000000 210.687 521.157 303.537 731.844 636.966
101100000 212.033 516.285 300.699 728.317 638.942
101200000 204.393 508.828 296.356 713.221 638.773
101300000 216.667 526.982 306.93 743.649 638.161
101400000 218.958 508.783 296.33 727.741 638.312
101500000 219.823 504.277 293.706 724.1 640.858
101600000 226.187 506.579 295.047 732.767 640.225
101700000 206.13 513.92 299.322 720.05 639.09
101800000 209.563 516.94 301.081 726.503 638.084
101900000 216.528 510.978 297.609 727.506 639.223
102000000 195.991 517.042 301.14 713.033 639.452
102100000 174.976 510.274 297.198 685.25 639.401
102200000 170.651 512.471 298.478 683.122 641.236
102300000 177.106 510.489 297.324 687.595 642.9
102400000 170.554 512.121 298.274 682.675 643.797
102500000 174.707 512.757 298.645 687.464 642.512
102600000 168.406 515.927 300.491 684.333 641.177
102700000 184.411 516.993 301.112 701.405 639.875
102800000 201.79 518.31 301.879 720.099 638.591
102900000 200.781 511.781 298.076 712.562 638.697
103000000 211.754 531.201 309.387 742.955 638.39
103100000 217.514 514.154 299.459 731.668 639.643
103200000 207.473 508.406 296.11 715.878 640.078
103300000 210.283 520.32 303.05 730.603 638.61
103400000 208.901 517.126 301.189 726.027 637.659
103500000 199.672 513.164 298.882 712.836 638.829
103600000 204.767 514.83 299.852 719.597 638.385
103700000 200.542 513.49 299.071 714.032 639.932
103800000 210.658 520.797 303.327 731.455 639.752
103900000 207.083 515.463 300.221 722.547 640.189
104000000 206.628 522.766 304.474 729.394 640.507
104100000 206.66 514.675 299.762 721.335 639.107
104200000 206.341 518.599 302.047 724.94 640.394
104300000 200.765 516.974 301.101 717.739 641.182
104400000 205.448 517.94 301.664 723.388 640.985
104500000 197.22 522.733 304.455 719.953 641.653
104600000 209.711 510.856 297.538 720.568 642.243
104700000 212.745 513.019 298.797 725.764 640.565
104800000 199.564 512.494 298.491 712.058 640.809
104900000 188.209 516.34 300.731 704.549 641.835
105000000 190.874 514.632 299.737 705.506 642.143
