# Time-averaged data for fix fa
# TimeStep v_vpe v_vke v_vT
100000 190.245 353.543 2892.84
200000 1.26411 39.3492 321.972
300000 -1.59084 36.1827 296.062
400000 2.98737 36.5386 298.975
500000 -5.78749 37.5664 307.384
600000 -14.4027 37.1328 303.836
700000 -13.5469 43.0696 352.414
800000 -2.35064 36.4196 298
900000 -21.3862 38.8271 317.7
1000000 -20.0815 36.8931 301.875
1100000 -23.7802 39.9685 327.039
1200000 -17.3001 38.4899 314.941
1300000 -20.3873 37.6347 307.943
1400000 -17.7125 37.5266 307.058
1500000 -18.4185 36.0157 294.696
1600000 -29.1584 33.781 276.41
1700000 -26.3319 35.0597 286.874
1800000 -25.0833 33.6493 275.333
1900000 -21.1627 36.2867 296.913
2000000 -20.357 36.8094 301.19
2100000 -23.4239 37.0216 302.926
2200000 -25.0198 33.6828 275.607
2300000 -29.4674 35.5305 290.725
2400000 -17.2042 39.2508 321.167
2500000 -19.1945 38.4191 314.361
2600000 -23.3131 34.6614 283.614
2700000 -17.4385 34.7435 284.286
2800000 -23.0879 35.052 286.81
2900000 -17.315 35.6729 291.891
3000000 -13.2203 36.6049 299.516
3100000 -21.0449 36.0936 295.333
3200000 -19.4935 35.0679 286.94
3300000 -23.7724 39.1675 320.485
3400000 -27.6061 34.4221 281.656
3500000 -23.111 38.83 317.723
3600000 -19.6616 36.4815 298.507
3700000 -23.6503 36.33 297.268
3800000 -18.2995 36.6145 299.595
3900000 -13.7835 37.915 310.237
4000000 -19.6896 36.6851 300.173
4100000 -16.2596 36.947 302.316
4200000 -16.2082 37.7439 308.836
4300000 -26.2214 35.5609 290.974
4400000 -22.5134 37.6692 308.225
4500000 -22.968 34.1386 279.336
4600000 -23.4652 34.6678 283.666
4700000 -22.9167 35.6071 291.352
4800000 -22.9099 35.7349 292.398
4900000 -9.83991 37.2605 304.881
5000000 -26.7739 34.5553 282.746
5100000 -22.6335 36.2435 296.56
5200000 -25.4599 32.781 268.228
5300000 -27.7051 35.4204 289.825
5400000 -20.464 34.4453 281.846
5500000 -17.8279 37.026 302.962
5600000 -21.7713 38.1367 312.051
5700000 -18.0595 33.7698 276.319
5800000 -14.9462 40.6919 332.958
5900000 -19.7962 35.2221 288.202
6000000 -20.778 38.1205 311.918
6100000 -20.7437 36.6164 299.611
6200000 -24.6812 35.1513 287.623
6300000 -20.0083 36.257 296.67
6400000 -15.6413 36.7267 300.513
6500000 -12.155 37.1689 304.131
6600000 -19.2253 35.1434 287.558
6700000 -17.4649 37.2549 304.836
6800000 -21.159 34.2209 280.01
6900000 -20.9684 35.6251 291.5
7000000 -18.8677 37.1394 303.89
7100000 -21.7367 37.0998 303.566
7200000 -17.5353 37.1284 303.8
7300000 -17.0467 35.9177 293.893
7400000 -23.0508 33.2775 272.291
7500000 -23.7237 35.9402 294.078
7600000 -23.7799 37.6604 308.153
7700000 -15.8497 39.5678 323.76
7800000 -15.0346 38.7463 317.038
7900000 -21.2071 37.4703 306.598
8000000 -24.3695 38.5201 315.187
8100000 -17.1776 38.5028 315.046
8200000 -17.4394 38.2281 312.798
8300000 -16.5737 37.7487 308.876
8400000 -25.4446 34.4797 282.127
8500000 -26.126 37.6055 307.704
8600000 -18.5309 37.2236 304.579
8700000 -24.282 33.1362 271.134
8800000 -28.2461 36.4402 298.169
8900000 -22.2326 39.0824 319.789
9000000 -12.0556 37.1717 304.154
9100000 -21.6165 36.7374 300.601
9200000 -18.4178 38.3947 314.161
9300000 -19.4772 37.2258 304.597
9400000 -26.1376 35.624 291.491
9500000 -17.2037 36.6225 299.661
9600000 -17.4386 38.0389 311.25
9700000 -17.2475 35.7301 292.359
9800000 -21.8105 38.143 312.102
9900000 -20.9219 35.3222 289.021
10000000 -20.2728 37.446 306.399
10100000 -16.7619 37.7783 309.118
10200000 -23.0653 36.9266 302.149
10300000 -19.4921 36.1752 296.001
10400000 -20.8461 37.9686 310.675
10500000 -21.5776 34.7472 284.316
10600000 -26.261 35.942 294.092
10700000 -22.7043 33.7216 275.925
10800000 -7.52825 40.936 334.955
10900000 -22.3568 38.2172 312.709
11000000 -23.4335 34.4843 282.165
11100000 -21.3554 34.374 281.262
11200000 -21.1179 33.1365 271.136
11300000 -19.2976 34.9867 286.276
11400000 -17.0289 39.783 325.521
11500000 -16.0202 38.9153 318.421
11600000 -18.3289 38.4263 314.42
11700000 -20.1286 33.7366 276.047
11800000 -13.2781 39.6437 324.381
11900000 -23.7688 34.3383 280.971
12000000 -26.2312 37.9242 310.312
12100000 -21.9385 36.1186 295.537
12200000 -17.13 33.2245 271.857
12300000 -18.4001 35.5284 290.709
12400000 -16.6152 38.1331 312.021
12500000 -19.4537 35.1061 287.253
12600000 -26.7967 37.3636 305.725
12700000 -19.7034 37.8194 309.454
12800000 -24.1492 36.3638 297.544
12900000 -21.4786 40.3064 329.804
13000000 -18.392 42.2963 346.086
13100000 -5.23999 40.1104 328.2
13200000 -3.81253 36.9843 302.621
13300000 3.96861 39.4639 322.91
13400000 3.81298 35.147 287.588
13500000 -0.669856 36.6786 300.119
13600000 -0.307059 37.0955 303.531
13700000 6.15808 36.3344 297.304
13800000 -0.607258 36.0243 294.766
13900000 -4.26771 36.2276 296.429
14000000 5.45952 36.0188 294.721
14100000 -7.09817 39.0027 319.137
14200000 -18.7077 34.8358 285.041
14300000 -23.9742 35.1116 287.298
14400000 -25.656 33.2642 272.182
14500000 -21.7551 33.8523 276.994
14600000 -17.2648 38.908 318.361
14700000 -13.9199 39.2158 320.88
14800000 -18.3835 35.3229 289.027
14900000 -23.6761 37.7355 308.768
15000000 -6.50635 40.2644 329.46
15100000 -0.521561 36.4925 298.597
15200000 13.2388 37.9068 310.169
15300000 22.3063 35.9305 293.999
15400000 10.7812 41.7086 341.278
15500000 1.80605 35.906 293.798
15600000 1.65301 33.9572 277.852
15700000 1.47546 34.3383 280.97
15800000 3.4792 38.0324 311.197
15900000 -0.0527375 39.0688 319.677
16000000 4.1139 39.2732 321.35
16100000 0.814693 38.1709 312.33
16200000 -1.8559 38.7309 316.913
16300000 -0.725682 38.9053 318.339
16400000 -2.46699 38.3186 313.539
16500000 2.93831 36.3089 297.094
16600000 -15.5613 38.1357 312.043
16700000 -25.4016 36.4467 298.223
16800000 -24.8511 37.403 306.047
16900000 -17.5637 37.5557 307.297
17000000 -23.5194 34.9259 285.779
17100000 -27.6588 36.7947 301.07
17200000 -24.0221 37.1784 304.209
17300000 -21.7961 37.6914 308.407
17400000 -24.0622 35.5388 290.793
17500000 -14.7086 40.3113 329.844
17600000 -18.3347 36.0505 294.981
17700000 -23.5911 37.3058 305.252
17800000 -19.006 36.6161 299.608
17900000 -9.88498 38.1918 312.502
18000000 -5.87751 38.4157 314.334
18100000 5.31355 37.63 307.904
18200000 0.00528366 38.1832 312.431
18300000 -2.90641 34.1113 279.113
18400000 -6.8367 38.6854 316.54
18500000 -2.57862 35.8309 293.184
18600000 1.10333 36.3668 297.568
18700000 3.21869 38.9645 318.824
18800000 -4.90218 34.6734 283.713
18900000 -4.27317 33.5388 274.429
19000000 -2.92879 37.177 304.198
19100000 -3.13433 36.2961 296.99
19200000 -5.4567 35.3255 289.048
19300000 3.41145 38.242 312.912
19400000 -0.868239 42.1101 344.563
19500000 -16.7527 39.8621 326.169
19600000 -20.7523 40.8969 334.636
19700000 -10.5402 36.4055 297.885
19800000 -24.4215 37.0977 303.549
19900000 -22.6833 35.1842 287.892
20000000 -17.3952 37.7407 308.81
20100000 -20.0465 38.4434 314.56
20200000 -19.7125 36.8412 301.45
20300000 -21.7849 35.4226 289.842
20400000 -20.0676 36.3297 297.265
20500000 -19.7229 37.1834 304.25
20600000 -13.2447 34.9539 286.008
20700000 3.66821 38.1957 312.533
20800000 1.64065 37.411 306.112
20900000 3.54413 35.9892 294.479
21000000 -8.49907 36.7948 301.07
21100000 -19.3239 37.2907 305.128
21200000 -24.5921 37.1923 304.323
21300000 -27.1854 34.3215 280.833
21400000 -24.8295 36.809 301.187
21500000 -20.3766 36.4 297.84
21600000 -13.3065 39.1172 320.073
21700000 -19.1756 37.2114 304.479
21800000 -16.1529 38.7007 316.666
21900000 -27.4006 34.5625 282.805
22000000 -18.4468 35.8572 293.399
22100000 -26.6765 33.7826 276.423
22200000 -17.3277 38.1296 311.993
22300000 -17.7652 36.8177 301.258
22400000 -14.9312 38.837 317.781
22500000 -8.51988 38.3391 313.707
22600000 -18.6539 37.7126 308.581
22700000 -23.446 34.6778 283.749
22800000 -21.2228 35.424 289.854
22900000 -20.0623 36.6658 300.015
23000000 -24.2058 36.0004 294.57
23100000 -26.481 34.1418 279.363
23200000 -23.4212 33.0483 270.415
23300000 -24.7964 36.3042 297.057
23400000 -24.2735 34.4591 281.959
23500000 -21.9639 36.9469 302.315
23600000 -25.2845 35.611 291.384
23700000 -22.1347 39.1296 320.175
23800000 -25.0493 34.2926 280.596
23900000 -22.7342 34.887 285.46
24000000 -15.5446 36.6356 299.768
24100000 -20.791 35.4454 290.03
24200000 -21.6344 37.093 303.51
24300000 -14.1623 36.7685 300.855
24400000 -4.22858 37.4726 306.616
24500000 -6.24095 36.2414 296.543
24600000 -7.70826 37.6253 307.866
24700000 -23.7132 40.2345 329.216
24800000 -16.4431 39.4991 323.198
24900000 -20.2127 35.7644 292.639
25000000 -23.9672 35.5817 291.144
25100000 -26.7939 36.7297 300.538
25200000 -16.1089 35.277 288.652
25300000 -23.3956 36.073 295.164
25400000 -20.4417 35.2915 288.77
25500000 3.0369 41.6335 340.663
25600000 10.0266 38.6574 316.311
25700000 -4.53491 35.0974 287.182
25800000 0.812468 40.4631 331.086
25900000 -0.321424 36.973 302.528
26000000 -1.87667 36.9015 301.944
26100000 4.79576 37.6474 308.047
26200000 0.56603 37.5578 307.314
26300000 2.07087 38.0277 311.159
26400000 -13.9239 39.8953 326.44
26500000 -18.7261 37.3445 305.568
26600000 -20.2252 36.118 295.533
26700000 -13.9962 36.1349 295.671
26800000 -15.5645 37.0396 303.074
26900000 -20.7856 37.9715 310.699
27000000 -21.6327 36.7264 300.511
27100000 -21.4927 39.5363 323.502
27200000 -17.7496 37.1393 303.889
27300000 -17.174 35.5677 291.03
27400000 -14.4634 42.6215 348.747
27500000 -18.4262 38.5137 315.136
27600000 -18.3711 37.7428 308.827
27700000 -19.8572 38.1211 311.923
27800000 -14.9531 40.2197 329.095
27900000 -22.4905 34.2393 280.16
28000000 -17.787 38.6375 316.148
28100000 -17.7722 36.3342 297.302
28200000 -18.3092 38.8474 317.866
28300000 -21.9005 33.7324 276.013
28400000 -23.3457 39.0396 319.439
28500000 -19.2656 38.5768 315.652
28600000 -21.8478 35.578 291.114
28700000 -27.3411 35.9347 294.033
28800000 -11.7373 37.7409 308.812
28900000 -15.7336 36.711 300.385
29000000 -14.7694 39.8689 326.224
29100000 -14.3106 35.7869 292.824
29200000 -22.1493 34.6478 283.503
29300000 -21.7759 35.3503 289.251
29400000 -24.2397 35.5242 290.674
29500000 -25.4527 35.5014 290.487
29600000 -19.2702 37.9469 310.498
29700000 -17.6848 36.2358 296.496
29800000 -23.7101 37.7014 308.489
29900000 -19.5647 35.7593 292.597
30000000 -18.4683 37.5772 307.473
30100000 -24.9289 34.7605 284.425
30200000 -14.3222 37.881 309.958
30300000 -20.802 35.3993 289.652
30400000 -16.9482 37.5094 306.918
30500000 -24.8767 33.3238 272.669
30600000 -16.1812 36.5607 299.155
30700000 -20.1391 37.6585 308.138
30800000 -22.9252 36.9509 302.348
30900000 -16.2274 37.2922 305.14
31000000 -21.465 37.8392 309.617
31100000 -24.6528 38.0642 311.457
31200000 -16.2318 36.1468 295.769
31300000 -16.3404 37.3298 305.448
31400000 -21.2239 33.678 275.568
31500000 -17.3197 36.6257 299.687
31600000 -13.3779 41.1993 337.11
31700000 -20.2575 36.8299 301.358
31800000 -17.7399 37.1478 303.959
31900000 -16.8087 39.2625 321.262
32000000 -12.2343 41.0528 335.912
32100000 -16.4609 39.2429 321.102
32200000 -20.8589 34.0087 278.274
32300000 -26.6159 35.7199 292.275
32400000 -23.1327 34.3587 281.138
32500000 -23.0398 35.733 292.383
32600000 -20.0661 37.1856 304.269
32700000 -22.6205 37.3708 305.784
32800000 -27.9467 35.4218 289.836
32900000 -19.4629 37.9189 310.268
33000000 -22.5281 32.1039 262.688
33100000 -19.9534 39.1993 320.745
33200000 -20.9148 37.4366 306.322
33300000 -16.5485 39.0507 319.529
33400000 -20.8657 37.4669 306.57
33500000 -20.8827 36.2923 296.959
33600000 -18.7438 38.1744 312.359
33700000 -22.5642 32.847 268.768
33800000 -11.018 37.0204 302.917
33900000 -18.6575 40.4146 330.689
34000000 -19.2732 34.0408 278.536
34100000 -16.3285 36.4142 297.956
34200000 -16.7668 34.7962 284.717
34300000 -18.1963 36.2693 296.771
34400000 -24.3351 35.4229 289.845
34500000 -22.6771 32.4192 265.267
34600000 -18.5776 35.5243 290.675
34700000 -21.6505 35.8336 293.206
34800000 -21.7365 38.0571 311.399
34900000 -24.4701 36.2753 296.82
35000000 -24.0808 36.0003 294.569
35100000 -15.0617 33.2626 272.168
35200000 -20.7208 36.7394 300.617
35300000 -28.9674 33.1016 270.851
35400000 -21.0444 36.4953 298.62
35500000 -21.1039 39.1292 320.171
35600000 -20.6834 35.3703 289.414
35700000 -11.3734 38.9161 318.428
35800000 2.25539 36.7432 300.649
35900000 2.96811 37.2751 305.001
36000000 2.32689 35.7007 292.118
36100000 3.77635 41.7211 341.379
36200000 5.02348 39.8022 325.678
36300000 4.5636 37.4381 306.334
36400000 8.60395 35.5332 290.748
36500000 1.00535 35.8164 293.065
36600000 -6.39633 36.6088 299.549
36700000 -22.4047 33.6245 275.13
36800000 -20.8603 35.832 293.192
36900000 -21.7949 36.6576 299.948
37000000 -20.0283 34.8996 285.564
37100000 -20.3199 36.9041 301.965
37200000 -18.0109 38.1037 311.781
37300000 -24.1628 36.9364 302.229
37400000 -21.0637 34.5972 283.089
37500000 -23.505 34.6809 283.774
37600000 -21.527 34.4471 281.86
37700000 -16.8844 35.4694 290.226
37800000 -13.7237 41.0781 336.118
37900000 -20.9212 36.5306 298.909
38000000 -17.05 36.8835 301.797
38100000 -14.3533 36.9768 302.559
38200000 -23.5011 35.9107 293.837
38300000 -18.0327 35.5672 291.026
38400000 -16.2438 39.5114 323.299
38500000 -25.2608 38.5989 315.833
38600000 -16.2507 37.3035 305.233
38700000 -13.0868 38.9075 318.358
38800000 -14.0597 39.0295 319.356
38900000 -24.929 34.5291 282.532
39000000 -19.5528 37.165 304.099
39100000 -19.7604 34.754 284.372
39200000 -20.9113 36.4064 297.893
39300000 -21.3011 35.2761 288.644
39400000 -25.6824 36.5169 298.797
39500000 -18.2242 32.5797 266.581
39600000 -4.28244 37.6099 307.74
39700000 -20.9573 36.7123 300.395
39800000 -19.9174 35.4413 289.996
39900000 -19.8739 37.6755 308.277
40000000 -21.1106 36.3994 297.835
40100000 -18.0356 38.0209 311.103
40200000 -19.6107 37.2262 304.601
40300000 -17.2425 37.6208 307.83
40400000 -19.8168 41.2101 337.198
40500000 -18.515 35.6995 292.109
40600000 -15.3778 38.9649 318.827
40700000 -23.1507 36.322 297.202
40800000 -27.2911 34.5166 282.43
40900000 -20.7218 36.8992 301.925
41000000 -17.3541 36.6267 299.695
41100000 -23.4527 37.5116 306.935
41200000 -21.6076 36.4792 298.488
41300000 -14.4741 36.6806 300.136
41400000 -26.4408 34.4466 281.856
41500000 -27.3153 36.4577 298.312
41600000 -18.7474 38.1555 312.204
41700000 -19.253 35.2448 288.388
41800000 -21.2352 36.6291 299.715
41900000 -8.35416 36.2027 296.226
42000000 -2.23279 33.7336 276.023
42100000 -0.584673 36.4413 298.178
42200000 1.32852 35.108 287.268
42300000 -17.6161 35.3883 289.562
42400000 -18.1987 34.6919 283.864
42500000 -21.2598 37.7421 308.822
42600000 -28.6848 36.7046 300.333
42700000 -22.1018 36.8199 301.276
42800000 -15.0958 38.0564 311.394
42900000 -16.5714 36.7268 300.514
43000000 -17.2891 36.9997 302.747
43100000 -19.8462 37.5401 307.169
43200000 -12.6894 34.5314 282.551
43300000 -21.7944 35.4381 289.969
43400000 -16.7972 38.7358 316.953
43500000 -22.5759 36.1793 296.034
43600000 -24.4671 34.4147 281.596
43700000 -24.3501 36.3128 297.127
43800000 -18.2152 36.251 296.621
43900000 -19.8039 40.6829 332.884
44000000 -20.8548 36.515 298.781
44100000 -14.3935 36.2697 296.774
44200000 -18.4939 35.1412 287.54
44300000 -26.1062 36.9128 302.036
44400000 -15.5486 36.0143 294.684
44500000 -14.76 37.0043 302.785
44600000 -17.1309 39.5813 323.871
44700000 -25.0522 35.6649 291.825
44800000 -23.1207 35.6997 292.11
44900000 -19.3469 39.368 322.126
45000000 -24.9784 37.471 306.604
45100000 -25.9102 33.8464 276.946
45200000 -28.4243 34.2626 280.351
45300000 -19.0169 38.0672 311.482
45400000 -18.1022 35.1792 287.851
45500000 -18.1906 35.8687 293.493
45600000 -23.3025 33.9148 277.505
45700000 -22.7315 36.7491 300.696
45800000 -19.8732 34.0308 278.455
45900000 -23.3016 38.1096 311.829
46000000 -20.1854 35.7785 292.754
46100000 -12.3175 36.961 302.431
46200000 -16.5437 38.5921 315.777
46300000 -19.9934 34.938 285.878
46400000 -8.53079 38.3078 313.451
46500000 -4.08162 36.7661 300.836
46600000 -1.25344 38.0223 311.115
46700000 -1.84168 37.6769 308.288
46800000 -0.429237 39.0678 319.669
46900000 0.348227 38.2994 313.382
47000000 -9.90549 38.8994 318.291
47100000 1.32953 37.8041 309.329
47200000 1.78465 36.9582 302.407
47300000 0.92121 36.7198 300.457
47400000 1.77042 38.3959 314.172
47500000 -10.9144 37.8708 309.875
47600000 -22.4517 33.8103 276.65
47700000 -22.3534 36.3616 297.526
47800000 -26.4585 35.3752 289.455
47900000 -22.8933 35.8579 293.405
48000000 -22.1809 37.5354 307.13
48100000 -21.9081 37.3677 305.758
48200000 -21.8209 37.5002 306.843
48300000 -17.0272 36.2922 296.958
48400000 -15.3858 37.6227 307.845
48500000 -22.9563 35.2139 288.135
48600000 -23.1435 38.3389 313.705
48700000 -22.2476 38.6738 316.445
48800000 -15.7614 38.8664 318.022
48900000 -16.9546 37.5856 307.541
49000000 -12.4125 38.0561 311.391
49100000 -18.5705 37.3115 305.298
49200000 -18.969 40.4586 331.049
49300000 -21.897 34.0082 278.269
49400000 -19.2218 36.7679 300.851
49500000 -13.838 38.5281 315.253
49600000 -20.299 36.4918 298.591
49700000 -14.1213 37.802 309.312
49800000 0.77768 35.214 288.136
49900000 -5.35711 35.5501 290.886
50000000 -3.3974 37.4112 306.115
50100000 -0.688484 37.2545 304.832
50200000 5.04591 40.5297 331.631
50300000 -3.58477 36.7846 300.987
50400000 -10.8493 41.6131 340.496
50500000 -1.88857 38.771 317.24
50600000 3.96112 37.6356 307.95
50700000 0.189924 36.3548 297.47
50800000 -3.61967 36.31 297.104
50900000 -5.74127 35.291 288.766
51000000 4.31502 36.1471 295.771
51100000 -0.505631 35.7726 292.707
51200000 -0.727709 37.43 306.268
51300000 -6.03598 34.2892 280.569
51400000 1.22666 37.6404 307.989
51500000 -0.516887 37.3079 305.269
51600000 0.0201288 36.2835 296.887
51700000 -3.59354 39.9566 326.941
51800000 -19.344 38.7092 316.735
51900000 -23.8773 36.384 297.709
52000000 -23.2975 37.5794 307.491
52100000 -19.3052 35.5834 291.158
52200000 -23.0376 35.5575 290.946
52300000 -20.8688 36.4748 298.452
52400000 -24.9235 36.8608 301.61
52500000 -24.3586 34.5223 282.476
52600000 -19.6302 34.8103 284.833
52700000 -22.4644 39.3801 322.224
52800000 -20.6559 36.945 302.299
52900000 -20.3461 35.8516 293.353
53000000 -20.4282 36.8521 301.54
53100000 -21.0755 36.3398 297.347
53200000 -24.424 36.1131 295.492
53300000 -24.0655 38.1206 311.918
53400000 -15.6313 35.915 293.872
53500000 -5.20996 38.2097 312.647
53600000 -16.0206 35.4106 289.744
53700000 -26.5555 33.6341 275.208
53800000 -26.0238 36.887 301.825
53900000 -25.1906 37.1816 304.236
54000000 -23.4487 37.7461 308.855
54100000 -20.9144 40.0337 327.573
54200000 -18.105 37.2298 304.63
54300000 -23.1985 36.0961 295.354
54400000 -16.1158 38.3297 313.63
54500000 -17.7331 36.3874 297.737
54600000 -18.8492 38.967 318.844
54700000 -16.2772 36.4983 298.644
54800000 -21.5658 36.9041 301.965
54900000 -21.087 37.8144 309.413
55000000 -20.6821 36.1711 295.967
55100000 -17.5099 38.3424 313.734
55200000 -16.6897 37.1932 304.331
55300000 -22.3179 34.8611 285.248
55400000 -18.4183 37.5156 306.969
55500000 -19.763 36.7313 300.551
55600000 -24.952 34.1226 279.205
55700000 -13.8253 38.6432 316.195
55800000 -1.77116 35.14 287.531
55900000 -10.1761 38.7448 317.026
56000000 -19.2203 38.0726 311.526
56100000 -22.4455 36.9113 302.024
56200000 -18.7101 36.2309 296.457
56300000 -17.8827 36.1922 296.14
56400000 -15.3355 35.4944 290.43
56500000 -18.6141 36.7048 300.334
56600000 -24.1917 36.0778 295.204
56700000 -19.9729 35.2247 288.223
56800000 -15.4612 33.7828 276.425
56900000 -15.5802 35.0574 286.855
57000000 -15.7228 35.5001 290.477
57100000 -19.693 34.3394 280.979
57200000 -11.8804 36.7533 300.731
57300000 -19.6763 35.5195 290.635
57400000 -18.0232 37.8626 309.808
57500000 -19.5955 37.5335 307.115
57600000 -23.0067 36.9761 302.554
57700000 -23.8462 35.5954 291.256
57800000 -22.2934 36.7793 300.944
57900000 -21.5253 35.3324 289.105
58000000 -23.4917 35.704 292.145
58100000 -18.2103 34.9919 286.319
58200000 -4.90205 36.9464 302.311
58300000 2.12474 38.7611 317.16
58400000 2.01504 38.5522 315.451
58500000 0.787898 36.6225 299.661
58600000 -1.02169 35.9239 293.945
58700000 -2.02102 37.7588 308.958
58800000 -0.0176697 40.8562 334.302
58900000 -0.704808 39.4634 322.906
59000000 2.2151 37.6507 308.074
59100000 -0.418882 36.7196 300.455
59200000 -1.40378 36.6009 299.484
59300000 -3.79361 35.9011 293.758
59400000 -2.30532 37.1665 304.112
59500000 3.25027 36.5078 298.722
59600000 2.45147 38.5937 315.79
59700000 -14.4507 36.9673 302.482
59800000 -15.1707 34.1985 279.826
59900000 -16.0811 35.9266 293.967
60000000 -14.6565 39.5398 323.532
60100000 -19.586 36.9131 302.038
60200000 -16.9099 39.0513 319.534
60300000 -18.1328 40.1428 328.465
60400000 -26.8998 34.7918 284.681
60500000 -18.4081 38.8354 317.768
60600000 -14.9526 38.2079 312.634
60700000 -24.4107 35.836 293.225
60800000 -26.0697 34.4809 282.137
60900000 -20.1393 40.3432 330.105
61000000 -24.2615 34.3431 281.01
61100000 -14.3488 39.701 324.851
61200000 -15.6272 37.309 305.278
61300000 -18.9334 36.2905 296.944
61400000 -21.1804 34.3808 281.318
61500000 -21.1223 40.1173 328.256
61600000 -19.0464 38.1113 311.842
61700000 -24.3983 39.0529 319.547
61800000 -26.2873 36.7637 300.816
61900000 -16.2124 36.2608 296.701
62000000 -21.4202 38.7503 317.071
62100000 -16.8467 34.2299 280.084
62200000 -10.5826 37.3585 305.683
62300000 -1.73843 34.9309 285.819
62400000 -0.729189 36.0459 294.942
62500000 2.49481 38.715 316.782
62600000 6.31002 37.9869 310.825
62700000 1.39094 38.0418 311.274
62800000 0.589822 37.3261 305.418
62900000 3.82514 37.7808 309.138
63000000 7.1199 37.365 305.736
63100000 -5.21465 36.4288 298.076
63200000 1.68161 36.1256 295.595
63300000 -9.42758 35.5913 291.223
63400000 -27.153 35.0314 286.641
63500000 -15.9557 37.6904 308.399
63600000 -18.6637 36.2818 296.873
63700000 -13.2944 39.8819 326.331
63800000 4.74138 40.3545 330.198
63900000 -1.46518 33.8266 276.784
64000000 -3.5457 37.9477 310.504
64100000 2.03144 37.3609 305.702
64200000 -1.92527 35.803 292.955
64300000 -2.72469 36.2297 296.446
64400000 -2.1388 37.3314 305.461
64500000 1.69921 38.411 314.295
64600000 8.88379 37.3473 305.591
64700000 15.4297 39.7868 325.552
64800000 5.37324 35.0314 286.641
64900000 9.06881 38.0534 311.369
65000000 5.97873 37.9502 310.525
65100000 -6.5427 37.6672 308.209
65200000 4.18137 37.802 309.312
65300000 -3.0179 36.6154 299.602
65400000 0.883106 39.963 326.994
65500000 -3.77843 36.6377 299.785
65600000 -18.9973 38.7473 317.047
65700000 -20.1547 38.1421 312.095
65800000 -17.3108 38.9086 318.367
65900000 -22.2588 37.133 303.838
66000000 -21.5837 39.5944 323.978
66100000 -21.9941 36.6649 300.008
66200000 -18.9241 38.2283 312.8
66300000 -2.3591 37.8365 309.594
66400000 -19.1612 35.2217 288.199
66500000 -19.813 36.0178 294.713
66600000 -18.7977 37.1602 304.06
66700000 -20.649 36.5269 298.879
66800000 -18.1927 39.4884 323.111
66900000 -15.9399 37.1535 304.006
67000000 -25.3932 34.3626 281.169
67100000 -19.9656 35.1603 287.697
67200000 -18.3353 37.0641 303.274
67300000 -24.9508 39.5032 323.232
67400000 -15.964 34.449 281.876
67500000 -19.1669 37.2252 304.592
67600000 -17.2617 36.5285 298.891
67700000 -17.9778 37.7583 308.954
67800000 -19.439 36.2344 296.485
67900000 -21.2424 37.161 304.067
68000000 -19.6173 36.5759 299.279
68100000 -19.7554 37.4747 306.634
68200000 -23.8474 36.2045 296.241
68300000 -18.161 33.6728 275.525
68400000 -21.4243 35.7452 292.483
68500000 -18.5054 35.909 293.823
68600000 -19.4927 34.2568 280.304
68700000 -20.7105 34.4047 281.513
68800000 -27.7998 36.5328 298.927
68900000 -23.0488 35.7276 292.339
69000000 -18.0055 36.0094 294.644
69100000 -16.3641 38.0198 311.094
69200000 -23.7543 35.5704 291.052
69300000 -21.7477 37.7336 308.752
69400000 -20.4105 38.328 313.616
69500000 -19.7908 37.1824 304.242
69600000 -19.6295 36.6254 299.684
69700000 -18.1709 34.5086 282.364
69800000 -21.0961 37.5166 306.977
69900000 -22.676 34.7047 283.969
70000000 -21.4349 36.6046 299.514
70100000 -18.7198 36.8192 301.27
70200000 -25.07 41.2697 337.686
70300000 -23.3955 35.9542 294.192
70400000 -24.8897 37.171 304.148
70500000 -6.83343 39.9888 327.205
70600000 -19.4032 38.2906 313.309
70700000 -22.9564 39.1835 320.616
70800000 -23.3495 37.1986 304.375
70900000 -16.8184 37.5252 307.047
71000000 -21.4889 36.0562 295.027
71100000 -21.7968 37.3339 305.481
71200000 -21.8706 36.6505 299.89
71300000 -23.4453 39.7059 324.89
71400000 -25.4272 39.3053 321.613
71500000 -18.5168 35.9568 294.214
71600000 -17.3204 37.0741 303.356
71700000 -18.719 39.5223 323.388
71800000 -22.3037 37.0524 303.178
71900000 -18.8151 34.8912 285.494
72000000 -17.9249 35.8172 293.071
72100000 -16.5227 35.762 292.62
72200000 -11.4721 38.6027 315.864
72300000 -18.0987 36.6289 299.713
72400000 -26.149 37.0036 302.779
72500000 -17.3096 36.36 297.513
72600000 -19.668 36.7597 300.783
72700000 -17.6565 38.0562 311.392
72800000 -9.97095 37.363 305.72
72900000 -21.7517 38.39 314.124
73000000 -18.1284 35.2568 288.486
73100000 -15.7482 35.6216 291.471
73200000 -17.334 34.4753 282.091
73300000 -25.2411 35.4103 289.742
73400000 -28.7098 34.6583 283.589
73500000 -22.3622 37.8245 309.496
73600000 -22.013 36.4668 298.387
73700000 -20.0658 39.1676 320.486
73800000 -23.2618 36.995 302.709
73900000 -20.2184 38.2883 313.291
74000000 -18.4351 35.4119 289.755
74100000 -28.5068 33.3614 272.977
74200000 -27.6914 34.1595 279.507
74300000 -21.9245 36.399 297.832
74400000 -11.9302 38.2793 313.217
74500000 -18.6726 35.3978 289.639
74600000 -17.2358 37.7647 309.007
74700000 -16.0052 38.5329 315.292
74800000 -7.50652 38.4919 314.957
74900000 -15.0241 37.7927 309.236
75000000 -23.2856 36.6211 299.649
75100000 -21.4108 37.4738 306.627
75200000 -20.014 35.81 293.013
75300000 -25.6733 38.9329 318.565
75400000 -26.0294 33.1951 271.616
75500000 -22.2807 35.5267 290.695
75600000 -26.1472 38.668 316.398
75700000 -28.0776 37.4314 306.279
75800000 -12.8449 38.8903 318.216
75900000 9.9149 37.32 305.368
76000000 -1.56393 36.1016 295.399
76100000 1.52072 36.9607 302.428
76200000 -2.03729 37.9288 310.349
76300000 4.27538 38.0573 311.401
76400000 0.391275 38.2621 313.076
76500000 2.14066 37.5887 307.567
76600000 0.928593 38.0644 311.459
76700000 -2.263 37.8039 309.328
76800000 -5.25883 38.3176 313.531
76900000 -2.62866 36.9753 302.548
77000000 -1.49848 36.79 301.031
77100000 1.87459 35.0119 286.482
77200000 -3.65043 37.3483 305.6
77300000 -7.52191 36.0078 294.631
77400000 -7.73092 35.7084 292.181
77500000 -1.06456 37.0706 303.328
77600000 -4.85056 35.658 291.769
77700000 7.3091 38.5595 315.51
77800000 -15.1431 36.1973 296.182
77900000 -19.1792 39.976 327.1
78000000 -23.9663 32.829 268.621
78100000 -32.1731 30.8307 252.27
78200000 -25.1917 34.9094 285.643
78300000 -14.0527 37.9899 310.849
78400000 -16.9921 36.7138 300.408
78500000 -19.289 37.2553 304.838
78600000 -20.6744 34.2962 280.626
78700000 -25.4805 36.3425 297.369
78800000 -24.7867 34.6281 283.342
78900000 -24.8248 35.9403 294.079
79000000 -25.2225 34.9091 285.641
79100000 -18.4238 37.7715 309.062
79200000 -21.3826 36.4541 298.282
79300000 -19.1642 37.6108 307.748
79400000 -13.4859 36.8011 301.122
79500000 -12.6704 35.7972 292.908
79600000 -20.1456 39.3132 321.677
79700000 -26.7378 35.911 293.839
79800000 -22.4612 36.6549 299.926
79900000 -21.6637 37.5978 307.641
80000000 -22.0121 38.0101 311.015
80100000 -20.9903 36.6788 300.122
80200000 -16.0306 38.0821 311.604
80300000 -15.1864 35.1511 287.621
80400000 1.94454 38.1767 312.378
80500000 5.5165 39.0663 319.657
80600000 2.43994 38.9354 318.586
80700000 4.93882 37.9607 310.611
80800000 4.0255 38.469 314.77
80900000 1.97014 38.2149 312.69
81000000 -8.76936 36.5048 298.697
81100000 -20.9822 36.6301 299.723
81200000 -29.1575 34.6648 283.642
81300000 -20.7572 36.532 298.92
81400000 -23.6549 37.3749 305.817
81500000 -21.8186 37.5792 307.489
81600000 -20.657 36.8572 301.581
81700000 -14.4766 38.8927 318.236
81800000 -25.0895 37.8804 309.954
81900000 -25.0928 37.6657 308.196
82000000 -13.3749 39.1919 320.684
82100000 -17.8514 37.9251 310.319
82200000 -17.2949 35.0276 286.61
82300000 -14.1417 37.6114 307.753
82400000 -20.5038 34.9473 285.954
82500000 -21.4162 39.2077 320.814
82600000 -22.7026 37.8165 309.431
82700000 -23.4261 37.2757 305.006
82800000 -18.4473 39.4668 322.934
82900000 -14.9771 36.2068 296.26
83000000 -23.185 36.9384 302.246
83100000 -23.2204 37.296 305.171
83200000 -19.3717 36.1605 295.88
83300000 3.11417 33.0759 270.641
83400000 2.80414 41.1479 336.69
83500000 3.23166 35.2516 288.443
83600000 3.36667 39.448 322.78
83700000 -15.225 34.6849 283.807
83800000 -21.8418 35.3685 289.4
83900000 -20.3476 37.4711 306.604
84000000 -14.6265 36.9845 302.623
84100000 -21.9671 36.7363 300.592
84200000 -22.7129 33.3132 272.582
84300000 -20.8006 38.5116 315.118
84400000 -19.1753 38.0657 311.47
84500000 -13.9313 38.744 317.02
84600000 -20.4908 37.7625 308.988
84700000 -24.0745 35.9998 294.565
84800000 -22.6626 36.7234 300.486
84900000 -23.195 35.1154 287.329
85000000 -21.066 37.8244 309.495
85100000 -19.5827 37.4745 306.632
85200000 -20.732 39.9187 326.632
85300000 -20.0691 37.9028 310.136
85400000 -24.2591 37.0307 303
85500000 -18.3491 36.8636 301.634
85600000 -21.4414 36.0796 295.219
85700000 -25.2589 38.1312 312.005
85800000 -16.9378 39.1438 320.291
85900000 -22.7887 35.0161 286.517
86000000 -21.2455 36.5255 298.867
86100000 -19.8958 37.2395 304.71
86200000 -23.1685 35.3725 289.433
86300000 -18.7009 36.3327 297.29
86400000 -18.0755 37.4517 306.446
86500000 -16.3403 38.15 312.16
86600000 -23.6151 38.0037 310.962
86700000 -21.4222 36.6199 299.64
86800000 -13.3152 39.0221 319.295
86900000 -12.9866 37.0582 303.226
87000000 -22.8456 36.1707 295.964
87100000 -21.3731 37.0577 303.222
87200000 -21.8252 35.3384 289.153
87300000 -21.6035 37.3569 305.67
87400000 -23.5206 36.9095 302.009
87500000 -12.8728 36.8419 301.456
87600000 -11.9729 34.5781 282.932
87700000 -21.9037 36.4212 298.014
87800000 -16.1226 35.9749 294.361
87900000 -16.3616 36.7148 300.416
88000000 -14.5146 38.0021 310.949
88100000 -22.4914 37.4547 306.47
88200000 -16.3011 38.3324 313.652
88300000 -19.0127 36.0211 294.74
88400000 -15.4783 39.4168 322.525
88500000 0.956913 36.5653 299.193
88600000 -18.1691 35.0912 287.131
88700000 -28.9388 31.141 254.809
88800000 -4.14593 37.6078 307.723
88900000 -2.72521 35.1701 287.776
89000000 1.40918 34.358 281.132
89100000 1.51602 37.3244 305.404
89200000 5.19376 39.2076 320.813
89300000 -4.3866 35.945 294.117
89400000 -0.731297 35.3025 288.86
89500000 -3.64459 38.3841 314.075
89600000 -22.9623 35.4459 290.033
89700000 -23.0706 37.3775 305.839
89800000 -26.7969 33.2197 271.817
89900000 -17.7985 35.1913 287.95
90000000 -15.6505 37.7351 308.765
90100000 -24.3256 37.1445 303.932
90200000 -17.7589 34.9023 285.585
90300000 -14.4901 37.2711 304.968
90400000 -25.6773 37.3477 305.594
90500000 -17.2231 36.7609 300.793
90600000 -20.5217 35.6841 291.982
90700000 -22.8511 34.7316 284.189
90800000 -26.9662 33.6248 275.132
90900000 -26.0614 35.4265 289.875
91000000 -24.0538 35.6372 291.599
91100000 -25.5587 38.3318 313.647
91200000 -29.1221 34.2644 280.366
91300000 -24.0997 36.9842 302.62
91400000 -22.4596 35.4564 290.119
91500000 -15.8149 37.2186 304.538
91600000 -11.8666 39.1828 320.611
91700000 -23.0178 39.0168 319.252
91800000 -15.4715 40.22 329.097
91900000 -21.5168 33.5752 274.727
92000000 -21.261 34.7225 284.114
92100000 -26.3839 35.2607 288.518
92200000 -18.2992 36.5471 299.044
92300000 -15.2636 40.574 331.994
92400000 -10.437 39.0144 319.232
92500000 -21.9214 35.3055 288.884
92600000 -21.2426 36.4195 298
92700000 -19.7844 37.1897 304.302
92800000 -21.7885 37.8643 309.822
92900000 -27.5725 35.6525 291.724
93000000 -21.6883 35.8297 293.174
93100000 -19.5845 36.2018 296.219
93200000 -21.3733 37.681 308.322
93300000 -18.9767 37.3077 305.267
93400000 -19.7084 37.3658 305.743
93500000 -19.4238 35.2621 288.53
93600000 -15.8468 37.4539 306.464
93700000 -22.5464 34.9403 285.896
93800000 -19.1494 36.203 296.228
93900000 -17.6149 36.2368 296.505
94000000 -23.201 37.4895 306.755
94100000 -17.7839 38.8162 317.611
94200000 -10.9939 36.9666 302.476
94300000 -13.4679 35.2166 288.157
94400000 -18.1091 34.9788 286.212
94500000 -27.5287 36.9418 302.273
94600000 -25.9967 35.1152 287.328
94700000 -24.5527 33.6892 275.659
94800000 -20.0139 38.2753 313.185
94900000 -19.1094 35.7216 292.289
95000000 -11.151 36.6363 299.774
95100000 -15.554 35.2731 288.619
95200000 -21.8972 37.9289 310.35
95300000 -19.2445 34.8198 284.911
95400000 -7.69251 35.026 286.598
95500000 -11.9014 39.7997 325.658
95600000 -21.7835 35.7029 292.136
95700000 -20.7859 34.2254 280.047
95800000 -23.5784 35.4992 290.47
95900000 -15.8717 38.9162 318.429
96000000 -21.7621 35.3873 289.554
96100000 -23.0783 37.8321 309.558
96200000 -15.1387 39.2524 321.18
96300000 -18.8327 40.0136 327.408
96400000 -16.3274 34.484 282.162
96500000 -23.2665 36.3941 297.792
96600000 -15.9168 38.728 316.889
96700000 -14.7478 38.2208 312.738
96800000 -10.3042 38.6987 316.649
96900000 -16.5326 38.284 313.255
97000000 -15.1459 37.1572 304.036
97100000 -18.809 36.7756 300.913
97200000 -22.7857 37.3728 305.8
97300000 -20.4323 34.8837 285.433
97400000 -15.8982 37.1157 303.696
97500000 -16.2607 39.4455 322.76
97600000 -20.8994 35.8184 293.081
97700000 -24.5306 38.1452 312.12
97800000 -20.1989 35.722 292.293
97900000 -26.1899 35.9124 293.85
98000000 -23.8766 33.9134 277.494
98100000 -24.1361 38.0264 311.148
98200000 -21.5068 40.6592 332.691
98300000 -15.2837 39.4909 323.131
98400000 -9.11683 39.0635 319.634
98500000 -24.2609 34.3185 280.808
98600000 -28.526 35.843 293.282
98700000 -26.0815 36.3644 297.549
98800000 -21.9546 36.2879 296.923
98900000 -22.251 35.3923 289.595
99000000 -15.5177 37.5386 307.156
99100000 -20.6242 35.528 290.705
99200000 -23.4438 38.503 315.047
99300000 -16.2586 39.2017 320.765
99400000 -19.2044 38.0972 311.728
99500000 -20.5814 37.3993 306.017
99600000 -25.3128 33.8138 276.679
99700000 -19.5155 37.2479 304.778
99800000 -5.15235 35.4467 290.04
99900000 -21.0426 38.2202 312.734
100000000 -15.8046 39.3347 321.853
100100000 -17.0787 39.5931 323.967
100200000 -20.9913 39.4146 322.507
100300000 -19.032 37.0199 302.912
100400000 -17.2498 37.3862 305.909
100500000 -18.4323 39.8448 326.027
100600000 -22.878 36.9391 302.252
100700000 -20.5084 37.9512 310.533
100800000 -16.6666 36.4053 297.884
100900000 -21.7348 39.5136 323.317
101000000 -20.4597 36.3541 297.465
101100000 -21.3723 36.7402 300.624
101200000 -25.9665 37.7797 309.129
101300000 -27.5326 34.346 281.033
101400000 -23.7851 33.3357 272.766
101500000 -21.7449 35.4258 289.869
101600000 -16.8298 40.267 329.481
101700000 -19.8967 37.8907 310.038
101800000 -26.1622 35.6651 291.827
101900000 -23.5094 33.2173 271.798
102000000 -22.4762 35.1671 287.752
102100000 -14.9779 37.734 308.755
102200000 -22.4637 36.4229 298.027
102300000 -18.4554 36.8361 301.409
102400000 -20.9029 39.209 320.824
102500000 -22.9716 36.6537 299.916
102600000 -12.501 36.9625 302.443
102700000 -0.107181 37.3767 305.832
102800000 2.47814 36.0735 295.169
102900000 6.00661 40.9254 334.869
103000000 4.26843 34.2083 279.907
103100000 4.85861 35.163 287.719
103200000 7.96975 37.3995 306.018
103300000 7.35506 36.1746 295.996
103400000 -17.0334 35.4748 290.269
103500000 -25.3862 36.8029 301.137
103600000 -10.5691 40.5856 332.089
103700000 -1.3434 35.8674 293.483
103800000 -2.49661 39.7788 325.487
103900000 -4.33087 37.5152 306.965
104000000 -6.63054 35.4212 289.831
104100000 -3.45051 34.5513 282.713
104200000 0.242628 34.9436 285.924
104300000 4.19914 39.1909 320.676
104400000 -4.52492 37.3453 305.575
104500000 -9.29552 34.8993 285.561
104600000 -5.22382 37.5779 307.479
104700000 -9.43233 34.8154 284.875
104800000 -23.0386 36.4502 298.251
104900000 -24.1299 35.6457 291.668
105000000 -21.849 36.5604 299.153
105100000 -24.0059 33.1401 271.166
105200000 -24.9882 32.3123 264.393
105300000 -24.2321 37.1171 303.708
105400000 -26.4752 36.5175 298.801
105500000 -19.4622 35.4552 290.109
105600000 -20.0589 36.8081 301.179
105700000 -22.0622 35.5709 291.056
105800000 -18.0419 36.4186 297.992
105900000 -19.7324 38.1315 312.008
106000000 -17.3788 38.5138 315.136
106100000 -19.1052 36.6488 299.876
106200000 -18.1585 36.2968 296.996
106300000 -12.7304 41.2236 337.309
106400000 -23.7164 36.5744 299.267
106500000 -21.5243 38.1803 312.408
106600000 -20.8865 37.8337 309.571
106700000 -20.1711 37.9631 310.63
106800000 -25.5269 36.0998 295.384
106900000 -23.2901 33.2979 272.457
107000000 -20.0972 36.1126 295.489
107100000 -18.9579 36.4482 298.235
107200000 -24.4681 36.8857 301.815
107300000 -18.964 36.8402 301.442
107400000 -18.3063 37.7136 308.588
107500000 -18.4154 36.0085 294.636
107600000 -23.6367 34.0047 278.241
107700000 -18.5144 37.0325 303.016
107800000 -18.6775 35.1405 287.535
107900000 -19.4937 36.4324 298.105
108000000 -18.0816 37.5744 307.45
108100000 -20.6234 35.4491 290.059
108200000 -19.653 36.0347 294.851
108300000 -19.7396 34.7616 284.434
108400000 -21.4968 37.1007 303.573
108500000 -25.4485 36.796 301.08
108600000 -20.3552 37.1772 304.199
108700000 -12.3879 39.438 322.698
108800000 -20.2465 37.5647 307.37
108900000 -14.3066 36.7448 300.662
109000000 -3.06993 36.9355 302.221
109100000 -2.96698 34.3787 281.301
109200000 -2.77177 34.7422 284.275
109300000 -2.73378 38.0998 311.749
109400000 0.200736 36.7721 300.885
109500000 -2.16149 35.8549 293.38
109600000 -8.0616 37.197 304.361
109700000 -17.6176 36.9572 302.4
109800000 -24.7339 36.7331 300.566
109900000 -25.0017 38.1994 312.564
110000000 -26.7783 35.9202 293.914
110100000 -23.2209 35.5369 290.778
110200000 -15.5928 33.7809 276.409
110300000 2.9171 33.1223 271.021
110400000 -5.98291 37.5442 307.203
110500000 -22.1253 36.5757 299.277
110600000 -14.4715 35.2871 288.734
110700000 -19.3284 37.593 307.602
110800000 -24.0637 40.1856 328.816
110900000 3.56473 37.8336 309.57
111000000 0.0215641 38.216 312.699
111100000 1.56971 35.6559 291.752
111200000 -8.79805 34.239 280.158
111300000 -4.41455 35.8842 293.62
111400000 -0.807201 35.234 288.3
111500000 1.86453 37.2236 304.579
111600000 -9.21978 37.45 306.432
111700000 -15.3261 34.611 283.202
111800000 -5.6808 37.9437 310.471
111900000 -0.790812 36.8646 301.642
112000000 -0.832501 33.9177 277.529
112100000 -7.04197 35.7014 292.124
112200000 -18.8972 38.2298 312.812
112300000 -18.1353 37.1572 304.036
112400000 -14.5525 35.9033 293.776
112500000 -21.1202 40.1826 328.791
112600000 -21.4685 39.0854 319.813
112700000 -13.8276 38.6477 316.231
112800000 -20.3334 38.89 318.215
112900000 -24.5094 38.2279 312.797
113000000 -12.4932 37.24 304.713
113100000 -18.1299 33.8989 277.375
113200000 -23.4972 34.9551 286.017
113300000 -22.1316 35.8831 293.611
113400000 -14.3819 35.6089 291.367
113500000 -19.7705 34.7786 284.573
113600000 -24.9573 33.7559 276.205
113700000 -22.9838 37.4952 306.802
113800000 -23.4812 37.4143 306.139
113900000 -24.6784 33.8618 277.072
114000000 -19.5709 36.5669 299.206
114100000 -17.4525 37.3092 305.28
114200000 -19.7645 37.3641 305.729
114300000 -15.4155 38.7136 316.771
114400000 -19.0444 33.7896 276.48
114500000 -14.8788 36.6631 299.993
114600000 -11.4707 39.9278 326.706
114700000 -5.6058 36.9848 302.625
114800000 -5.51505 36.6433 299.831
114900000 2.72406 38.2258 312.78
115000000 2.34318 37.5501 307.251
115100000 1.11129 39.8654 326.196
115200000 -1.78707 37.7592 308.961
115300000 -5.46393 37.789 309.206
115400000 -4.42517 35.678 291.933
115500000 -3.11905 36.8055 301.158
115600000 0.030703 37.7549 308.926
115700000 3.06657 37.9558 310.571
115800000 0.0456397 39.8117 325.756
115900000 2.19034 38.3702 313.961
116000000 -8.74093 35.3154 288.966
116100000 -6.97115 33.5234 274.303
116200000 -9.80966 36.0646 295.096
116300000 -6.75413 34.1729 279.617
116400000 -4.87126 37.9774 310.747
116500000 -4.36745 37.7877 309.195
116600000 -18.8211 37.326 305.417
116700000 -19.5984 36.1846 296.078
116800000 -19.9693 37.3647 305.734
116900000 -21.3602 36.4101 297.923
117000000 -19.6717 37.8802 309.952
117100000 -17.9639 37.7088 308.55
117200000 -18.3446 35.5872 291.19
117300000 -18.6387 37.6441 308.02
117400000 -20.3259 34.8916 285.497
117500000 -17.7086 35.8742 293.538
117600000 -20.5986 37.0963 303.537
117700000 -18.5134 38.3148 313.508
117800000 -15.3412 34.3438 281.015
117900000 -19.3488 40.009 327.371
118000000 -21.5236 37.2263 304.601
118100000 -20.5857 37.3784 305.846
118200000 -18.8504 38.8989 318.287
118300000 -19.2374 34.8711 285.33
118400000 -16.5112 36.9375 302.238
118500000 -15.5914 36.7765 300.921
118600000 -19.6571 37.4405 306.354
118700000 -16.86 37.4744 306.631
118800000 -19.5435 34.8749 285.361
118900000 -18.0221 38.9323 318.561
119000000 -22.8247 34.0233 278.393
119100000 -14.8212 38.1489 312.15
119200000 -18.8018 38.0909 311.676
119300000 -16.5548 35.9231 293.938
119400000 -18.8525 35.1967 287.994
119500000 -15.1055 37.6581 308.134
119600000 -19.8886 38.8795 318.128
119700000 -15.4406 37.9608 310.611
119800000 -6.81071 37.224 304.583
119900000 -16.0815 37.0094 302.827
120000000 -17.8626 38.5508 315.439
120100000 -19.5786 34.1861 279.725
120200000 -19.5708 34.6539 283.553
120300000 -24.2077 33.6988 275.738
120400000 -13.8467 35.2059 288.07
120500000 -18.9008 36.8251 301.319
120600000 -21.6923 37.8445 309.66
120700000 -19.3189 37.098 303.551
120800000 -9.13008 40.2134 329.043
120900000 10.8401 39.0681 319.672
121000000 8.68307 35.5891 291.205
121100000 -0.45091 34.9065 285.619
121200000 -2.09035 37.1923 304.323
121300000 2.39973 40.9171 334.801
121400000 -2.40711 39.0026 319.136
121500000 0.161768 37.9746 310.724
121600000 -1.32311 39.1834 320.615
121700000 2.10755 39.5561 323.665
121800000 0.65002 36.8185 301.264
121900000 0.437787 37.9644 310.641
122000000 -0.517335 34.7697 284.501
122100000 -9.53307 35.6366 291.594
122200000 11.9664 37.9861 310.818
122300000 8.37509 31.9042 261.054
122400000 -8.47528 37.9771 310.745
122500000 -19.0908 35.2744 288.63
122600000 -15.3305 36.9075 301.993
122700000 2.04662 36.5097 298.738
122800000 17.5372 35.0328 286.653
122900000 9.76313 37.9569 310.579
123000000 -2.65765 36.8487 301.512
123100000 -4.96328 39.0695 319.683
123200000 -4.10914 35.7671 292.661
123300000 6.36037 37.4409 306.357
123400000 -16.9949 38.8228 317.664
123500000 -20.2789 38.2028 312.591
123600000 -23.8225 37.828 309.525
123700000 -19.5852 38.0285 311.165
123800000 -25.5965 35.136 287.498
123900000 -11.316 38.1287 311.985
124000000 -16.2658 37.0321 303.012
124100000 -19.521 37.5135 306.952
124200000 -13.035 37.9884 310.837
124300000 0.594298 39.5802 323.862
124400000 6.97794 37.6706 308.237
124500000 -0.0510361 38.114 311.864
124600000 -3.96901 36.5118 298.755
124700000 11.126 37.5161 306.973
124800000 3.03497 36.2763 296.828
124900000 -3.03786 39.8869 326.371
125000000 4.66407 38.9895 319.028
125100000 2.97508 38.6441 316.203
125200000 1.96551 36.9678 302.486
125300000 -3.64161 39.365 322.101
125400000 -2.86019 38.5943 315.795
125500000 -1.7269 37.4724 306.615
125600000 -0.667388 39.097 319.908
125700000 -2.57245 36.337 297.325
125800000 -8.71278 36.1777 296.022
125900000 -4.69669 36.183 296.065
126000000 5.28858 40.0919 328.048
126100000 -14.2929 39.994 327.248
126200000 -14.8538 37.3608 305.702
126300000 -17.8126 37.1381 303.879
126400000 -17.5231 38.4774 314.838
126500000 -24.0669 38.0838 311.618
126600000 -15.9765 38.9146 318.416
126700000 -21.0258 35.9064 293.801
126800000 -18.9257 36.4502 298.251
126900000 -25.6122 37.926 310.327
127000000 -16.0769 36.683 300.155
127100000 -19.6947 37.8912 310.041
127200000 -21.8481 36.724 300.492
127300000 -26.0577 35.4493 290.061
127400000 -22.9545 35.4644 290.185
127500000 -21.7906 36.2654 296.738
127600000 -20.953 40.9378 334.97
127700000 -21.6617 36.8116 301.208
127800000 -19.5731 40.4195 330.729
127900000 -26.1829 35.475 290.271
128000000 -13.7441 37.8577 309.768
128100000 -21.267 35.7251 292.318
128200000 -11.4262 38.1103 311.834
128300000 -15.6739 38.0525 311.362
128400000 -13.4592 39.0603 319.608
128500000 -17.714 38.0418 311.274
128600000 -21.2533 38.5664 315.567
128700000 -14.6282 40.3859 330.454
128800000 -0.183761 35.6225 291.478
128900000 -5.10091 35.6402 291.623
129000000 -0.89758 38.5536 315.462
129100000 4.33599 35.9073 293.809
129200000 -0.840253 36.3353 297.311
129300000 8.43348 37.9411 310.45
129400000 -0.363543 35.9755 294.366
129500000 -0.687965 34.1387 279.337
129600000 -2.07629 37.6104 307.744
129700000 -0.801959 38.3823 314.06
129800000 -17.5427 38.7908 317.402
129900000 -12.5252 38.638 316.153
130000000 -20.1624 35.2141 288.137
130100000 -13.7112 36.0921 295.32
130200000 -15.7373 39.6305 324.273
130300000 -22.2381 37.2542 304.829
130400000 -18.5524 35.5336 290.751
130500000 -17.5426 34.5471 282.679
130600000 -20.8606 39.3677 322.123
130700000 1.46292 43.1642 353.187
130800000 -0.713128 38.775 317.273
130900000 -12.8186 35.0671 286.933
131000000 -16.5609 33.7187 275.9
131100000 -8.27658 37.0114 302.843
131200000 -9.41941 35.3596 289.327
131300000 -11.5007 34.947 285.951
131400000 -11.6922 33.9977 278.183
131500000 0.305616 34.8246 284.95
131600000 -9.25881 39.3613 322.071
131700000 -21.7707 35.501 290.484
131800000 -21.8418 35.1641 287.727
131900000 -14.6668 37.6419 308.002
132000000 -19.7564 36.0835 295.25
132100000 -27.8936 36.1365 295.684
132200000 -11.7818 38.4165 314.34
132300000 -11.6968 37.4885 306.747
132400000 -18.6779 35.6521 291.721
132500000 -21.6055 37.6539 308.1
132600000 -18.71 39.1103 320.017
132700000 -24.7914 36.1894 296.117
132800000 -17.3709 35.4543 290.102
132900000 -22.402 36.4486 298.237
133000000 -27.1082 34.29 280.575
133100000 -22.8856 37.8318 309.556
133200000 -24.8998 34.9646 286.095
133300000 -22.5435 38.3979 314.187
133400000 -26.3975 35.826 293.144
133500000 -28.9079 34.3836 281.341
133600000 -22.8061 34.2075 279.9
133700000 -13.3808 37.7416 308.818
133800000 -12.5004 37.9999 310.931
133900000 -23.4668 36.9681 302.489
134000000 -18.2205 38.7211 316.833
134100000 -24.5683 36.9005 301.935
134200000 -21.0416 35.7997 292.929
134300000 -18.5441 37.5509 307.257
134400000 -3.77528 32.7094 267.642
134500000 2.44711 37.9586 310.593
134600000 -1.59963 34.9506 285.98
134700000 -3.00084 35.3358 289.133
134800000 0.509062 37.1882 304.29
134900000 -0.757354 34.9497 285.973
135000000 -3.5494 36.1122 295.486
135100000 -1.00601 37.1022 303.586
135200000 2.10617 38.8162 317.61
135300000 5.62386 37.9126 310.217
135400000 1.76442 37.8576 309.767
135500000 8.04408 39.9985 327.285
135600000 -0.267648 38.4068 314.261
135700000 -15.0239 36.1363 295.682
135800000 -22.9275 39.0683 319.674
135900000 -20.2274 34.5134 282.403
136000000 -19.0853 39.647 324.409
136100000 -18.3007 37.6547 308.106
136200000 -19.1274 36.1055 295.431
136300000 -20.647 37.9953 310.893
136400000 -22.2737 35.9721 294.339
136500000 -22.3154 38.7758 317.28
136600000 1.53968 38.2656 313.106
136700000 -1.7103 37.7665 309.021
136800000 -8.34565 35.1209 287.374
136900000 6.57935 40.7128 333.129
137000000 -9.21072 37.0309 303.003
137100000 -12.2237 37.5692 307.407
137200000 -15.71 34.7722 284.521
137300000 -9.68662 33.8317 276.825
137400000 -3.45038 34.5913 283.041
137500000 -1.03752 34.7779 284.567
137600000 9.37508 41.6311 340.643
137700000 6.57182 38.2391 312.888
137800000 1.98 37.2405 304.717
137900000 -15.1084 36.0999 295.385
138000000 -4.48653 36.5163 298.792
138100000 2.49296 38.7925 317.417
138200000 2.26179 38.7984 317.465
138300000 1.5858 38.8875 318.194
138400000 6.75196 41.1117 336.393
138500000 -3.37909 39.9007 326.484
138600000 -1.43477 35.6153 291.419
138700000 -6.77775 36.561 299.158
138800000 -4.79792 38.3574 313.856
138900000 -3.20166 34.6456 283.485
139000000 4.77416 36.6576 299.948
139100000 -2.88689 35.745 292.48
139200000 -1.16946 35.7506 292.526
139300000 -2.38398 36.5354 298.948
139400000 -2.31723 34.0493 278.606
139500000 2.09839 36.2782 296.844
139600000 -17.4363 36.5237 298.852
139700000 -19.2919 37.2397 304.711
139800000 -21.1831 36.462 298.348
139900000 -19.0988 34.7908 284.673
140000000 -24.4552 37.9186 310.266
140100000 -18.4725 35.6602 291.787
140200000 -23.0126 38.1661 312.291
140300000 -24.9855 36.0623 295.077
140400000 -14.9936 37.5701 307.414
140500000 -20.1512 35.7631 292.629
140600000 -21.0949 37.171 304.149
140700000 -20.3558 36.235 296.49
140800000 -14.7013 36.9042 301.966
140900000 -21.9542 36.9438 302.29
141000000 -22.558 36.2268 296.423
141100000 -24.4559 35.7228 292.299
141200000 -15.1373 39.7546 325.289
141300000 -8.42335 34.0593 278.687
141400000 -4.90981 36.3214 297.197
141500000 -4.18853 38.3845 314.078
141600000 -0.63566 35.4639 290.181
141700000 -2.08854 34.2758 280.459
141800000 -3.00831 35.748 292.506
141900000 4.2833 39.0287 319.349
142000000 2.50983 36.3371 297.325
142100000 4.06607 37.4767 306.65
142200000 0.675249 35.4458 290.032
142300000 -3.32949 34.7256 284.139
142400000 0.341479 33.5915 274.86
142500000 -6.86136 36.2277 296.43
142600000 11.9082 39.8483 326.056
142700000 17.9495 36.7832 300.975
142800000 14.7563 38.1112 311.842
142900000 16.4978 37.4534 306.46
143000000 0.650252 37.4946 306.797
143100000 2.74509 38.8614 317.981
143200000 -17.4153 37.0882 303.471
143300000 -17.317 39.785 325.537
143400000 -19.4894 33.4834 273.975
143500000 -20.4642 35.2986 288.828
143600000 -19.9691 36.0786 295.211
143700000 -18.2887 35.9022 293.767
143800000 -22.9536 36.5762 299.282
143900000 -20.5211 36.1288 295.621
144000000 -27.1842 34.9104 285.652
144100000 -26.6107 34.8819 285.419
144200000 -23.5238 36.2509 296.62
144300000 -24.6575 35.6269 291.515
144400000 -18.9576 34.9173 285.708
144500000 -21.8235 35.347 289.224
144600000 -20.1491 37.9339 310.391
144700000 -21.8576 35.5127 290.58
144800000 -13.6456 37.7577 308.95
144900000 -15.3394 38.4638 314.727
145000000 -19.7364 35.6584 291.772
145100000 -18.7855 38.8649 318.009
145200000 -16.9628 36.7592 300.779
145300000 -10.7913 37.598 307.643
145400000 -18.7267 36.1291 295.623
145500000 -19.7547 37.6576 308.13
145600000 -22.0196 36.0371 294.871
145700000 -21.8513 37.1541 304.011
145800000 -20.8842 34.5198 282.455
145900000 -16.3093 36.5468 299.041
146000000 -15.0208 38.5492 315.426
146100000 -14.9454 38.9358 318.589
146200000 -18.6095 37.2566 304.849
146300000 -23.0312 33.9275 277.609
146400000 -20.1906 37.2574 304.855
146500000 -25.2612 36.0606 295.063
146600000 -24.6889 36.2918 296.955
146700000 -12.9125 38.0791 311.579
146800000 -13.0784 37.4279 306.251
146900000 -19.4515 39.0989 319.924
147000000 -24 34.9121 285.665
147100000 -22.0619 36.8206 301.281
147200000 -19.3129 35.7732 292.711
147300000 -25.0782 37.2094 304.463
147400000 -23.5356 36.2992 297.016
147500000 -21.9792 36.0605 295.062
147600000 -24.0789 36.3553 297.474
147700000 -13.7641 34.2715 280.424
147800000 -18.7507 40.3997 330.567
147900000 -23.9753 37.6307 307.91
148000000 -19.2599 37.9783 310.754
148100000 -23.9347 37.3765 305.83
148200000 -26.8466 31.9578 261.492
148300000 -18.4433 38.0413 311.27
148400000 -21.1543 35.8136 293.042
148500000 -15.0666 37.2678 304.941
148600000 -24.5389 36.3497 297.428
148700000 -21.873 37.81 309.378
148800000 -19.0492 40.4656 331.107
148900000 -16.9971 39.052 319.54
149000000 -13.0651 38.678 316.48
149100000 -26.0073 34.9068 285.623
149200000 -18.6302 37.0037 302.78
149300000 -21.0775 38.1331 312.021
149400000 -20.7748 37.6445 308.023
149500000 -25.7954 35.003 286.409
149600000 -13.2082 42.6212 348.745
149700000 -1.02018 38.02 311.096
149800000 -4.09489 35.3741 289.446
149900000 -4.45248 37.5757 307.46
150000000 5.28797 41.2235 337.308
150100000 -7.93385 37.1535 304.006
150200000 -6.55066 34.1975 279.819
150300000 -6.07121 36.3653 297.556
150400000 3.7615 40.6032 332.232
150500000 -8.41052 37.5881 307.562
150600000 -7.528 35.3993 289.652
150700000 -3.39212 36.9856 302.632
150800000 -3.05391 37.7391 308.797
150900000 -3.2993 38.2473 312.956
151000000 -5.34641 34.3734 281.257
151100000 2.77621 38.9836 318.981
151200000 -2.83416 32.9109 269.291
151300000 2.43332 37.1514 303.989
151400000 -3.379 35.6653 291.829
151500000 0.888222 39.6406 324.357
151600000 -5.98109 37.3382 305.517
151700000 -0.450321 37.2938 305.153
151800000 -4.31584 38.6926 316.599
151900000 -5.02398 36.2683 296.763
152000000 -3.9451 36.5813 299.324
152100000 -0.35041 38.6828 316.519
152200000 0.672271 37.1055 303.613
152300000 -0.380841 34.3954 281.438
152400000 -0.0571913 35.7491 292.514
152500000 3.97559 36.8272 301.335
152600000 5.04737 36.0388 294.884
152700000 -3.95752 38.8968 318.27
152800000 1.41007 34.8851 285.445
152900000 0.737346 36.1306 295.635
153000000 -14.9544 39.0097 319.193
153100000 -17.3939 35.5861 291.181
153200000 -21.1675 38.745 317.028
153300000 -22.3199 32.657 267.213
153400000 -17.9956 37.5492 307.244
153500000 -9.82557 37.4694 306.59
153600000 -17.1363 35.9014 293.76
153700000 -18.2826 35.7985 292.919
153800000 -20.6179 32.3492 264.695
153900000 -19.2546 38.5087 315.094
154000000 -26.6233 34.6881 283.833
154100000 -25.2157 36.7528 300.727
154200000 -9.46497 34.3905 281.397
154300000 -14.4099 39.1947 320.707
154400000 -24.2645 38.7809 317.322
154500000 -22.7926 34.3502 281.068
154600000 -4.69876 39.9953 327.258
154700000 -7.3548 38.1826 312.426
154800000 -12.6225 39.5216 323.383
154900000 -13.3394 33.8007 276.572
155000000 -20.3029 38.2679 313.124
155100000 -21.2646 38.2104 312.654
155200000 -23.1271 36.9396 302.255
155300000 -19.4561 37.8745 309.905
155400000 -18.5209 37.217 304.526
155500000 -13.2813 41.4217 338.93
155600000 -1.21191 34.9726 286.16
155700000 2.0137 36.506 298.707
155800000 -1.25275 38.2292 312.808
155900000 1.84719 36.91 302.013
156000000 -4.73999 34.2572 280.307
156100000 -3.19109 33.0753 270.636
156200000 -4.3106 35.9559 294.206
156300000 -2.66816 36.0286 294.802
156400000 -1.43292 37.361 305.703
156500000 -0.548362 40.6316 332.465
156600000 1.84173 41.46 339.243
156700000 -3.82704 35.4572 290.126
156800000 1.34639 37.6071 307.717
156900000 2.88853 37.3984 306.01
157000000 1.42571 37.6907 308.401
157100000 -2.17241 37.5842 307.53
157200000 0.64261 36.4258 298.051
157300000 2.44427 36.3822 297.695
157400000 1.50256 35.0319 286.646
157500000 7.04994 35.5394 290.798
157600000 1.67414 37.0333 303.022
157700000 -19.9675 36.2927 296.962
157800000 -18.6948 40.46 331.061
157900000 -22.0359 36.6073 299.536
158000000 -24.5998 37.3265 305.421
158100000 -16.7672 40.2279 329.161
158200000 -14.2901 37.7785 309.12
158300000 -21.467 37.2982 305.19
158400000 -24.4232 34.4491 281.877
158500000 -24.0112 36.0239 294.762
158600000 -21.8415 36.2897 296.937
158700000 -15.9131 37.4412 306.36
158800000 -14.931 41.8719 342.613
158900000 -24.361 37.6822 308.331
159000000 -19.2694 36.9841 302.619
159100000 -19.5094 36.6784 300.118
159200000 -19.4129 38.4259 314.417
159300000 -23.5462 34.6553 283.564
159400000 -18.3515 37.6806 308.318
159500000 -15.29 37.9464 310.493
159600000 1.80601 37.6107 307.746
159700000 1.22689 39.0451 319.483
159800000 -3.86088 37.4857 306.723
159900000 6.16663 37.6175 307.802
160000000 -2.8364 37.0451 303.118
160100000 3.3759 35.3774 289.473
160200000 9.65557 37.8493 309.699
160300000 19.4646 37.2948 305.162
160400000 -1.27682 38.72 316.823
160500000 -20.623 36.52 298.822
160600000 -17.7674 38.4423 314.551
160700000 -10.8777 39.4355 322.678
160800000 -16.0657 37.5254 307.049
160900000 -9.45306 39.0509 319.531
161000000 -16.0913 38.331 313.64
161100000 -20.5487 37.2265 304.603
161200000 -22.4572 37.4956 306.805
161300000 -13.3516 35.7847 292.806
161400000 -15.8597 38.6975 316.639
161500000 -21.8144 37.1894 304.299
161600000 -21.0928 34.4951 282.254
161700000 -21.7979 35.6186 291.446
161800000 -20.8487 37.834 309.574
161900000 -10.8144 37.9711 310.696
162000000 -13.1062 39.9779 327.116
162100000 -21.4856 35.7727 292.708
162200000 -19.8517 32.9775 269.835
162300000 -18.9896 38.4926 314.963
162400000 -22.0276 37.3271 305.426
162500000 -19.3355 36.8011 301.122
162600000 -24.3391 35.9256 293.958
162700000 -22.3588 35.261 288.52
162800000 -21.5855 35.867 293.479
162900000 -26.5542 36.8978 301.913
163000000 -21.1131 34.6649 283.643
163100000 -17.9621 37.8483 309.69
163200000 -16.9924 37.1686 304.129
163300000 -22.8978 34.2414 280.177
163400000 -17.5945 42.407 346.992
163500000 -20.9422 39.888 326.381
163600000 -24.7105 37.6313 307.915
163700000 -14.8166 34.8311 285.003
163800000 -20.0621 32.5112 266.02
163900000 -18.8544 36.0044 294.603
164000000 -18.7095 37.3019 305.22
164100000 -19.9338 41.0525 335.909
164200000 -21.6669 37.1648 304.098
164300000 -20.4009 37.4211 306.196
164400000 -27.1574 40.0504 327.71
164500000 -17.4828 38.8863 318.184
164600000 -20.5578 34.1204 279.188
164700000 -16.8256 36.9318 302.192
164800000 -23.9157 37.3583 305.682
164900000 -21.19 37.4369 306.325
165000000 -13.3231 35.5493 290.879
165100000 -14.2883 37.8566 309.758
165200000 -16.7294 37.733 308.748
165300000 -21.0735 38.7447 317.026
165400000 -15.0223 42.5055 347.798
165500000 -12.5184 38.3355 313.677
165600000 -24.9425 38.7065 316.713
165700000 -28.3593 34.8287 284.983
165800000 -16.3062 39.1704 320.508
165900000 -24.8694 38.2714 313.153
166000000 -22.9417 34.3505 281.07
166100000 -20.1461 40.1941 328.885
166200000 -20.0814 38.8029 317.502
166300000 -21.8267 34.4107 281.563
166400000 -22.8479 38.7412 316.997
166500000 -22.7942 33.1407 271.171
166600000 -17.2316 36.8134 301.223
166700000 -23.4294 37.9628 310.628
166800000 -19.8135 38.9931 319.058
166900000 -21.3711 39.5715 323.791
167000000 -18.2383 34.7059 283.978
167100000 -15.446 35.9507 294.164
167200000 -17.897 38.1084 311.819
167300000 -25.0072 36.6379 299.787
167400000 -19.8698 37.9064 310.166
167500000 -20.7683 36.6129 299.582
167600000 -18.9215 37.7911 309.223
167700000 -24.0663 35.0438 286.743
167800000 -11.9542 38.9583 318.774
167900000 -17.1561 36.8624 301.624
168000000 -17.9226 38.9076 318.359
168100000 -17.8624 40.191 328.86
168200000 -12.3013 38.9588 318.778
168300000 -20.7389 37.2344 304.668
168400000 -20.7042 36.5163 298.792
168500000 -20.4548 39.5641 323.73
168600000 -20.5094 40.0657 327.834
168700000 -18.3407 40.726 333.237
168800000 -24.9794 34.5017 282.308
168900000 -22.6438 37.5505 307.254
169000000 -21.7096 39.1945 320.706
169100000 -9.74796 39.0923 319.87
169200000 -16.2871 40.6561 332.665
169300000 -25.4978 35.3427 289.189
169400000 -23.6024 37.2542 304.829
169500000 -12.34 37.4183 306.172
169600000 -22.7621 36.0926 295.325
169700000 -20.7778 36.8389 301.431
169800000 -16.1411 38.5706 315.601
169900000 -21.0534 33.9131 277.491
170000000 -19.5858 36.3748 297.634
170100000 -17.6528 37.9893 310.845
170200000 -14.278 35.9208 293.919
170300000 -18.1439 37.2452 304.756
170400000 -24.1511 35.1178 287.349
170500000 -17.708 36.6503 299.888
170600000 -18.5635 40.462 331.078
170700000 -18.212 36.7162 300.428
170800000 -18.3425 37.6131 307.766
170900000 -10.808 38.0558 311.388
171000000 -18.2335 35.5982 291.279
171100000 -22.0845 35.5297 290.719
171200000 -17.5513 39.9156 326.607
171300000 -19.0618 36.951 302.349
171400000 -20.1498 34.4072 281.534
171500000 -17.0008 35.6255 291.503
171600000 -19.978 35.0935 287.149
171700000 -17.0329 37.6704 308.235
171800000 -22.4247 36.8444 301.476
171900000 -27.5656 36.8423 301.459
172000000 -19.4469 39.6256 324.233
172100000 -19.0604 37.6498 308.067
172200000 -25.1069 36.8878 301.831
172300000 -25.2944 36.1523 295.813
172400000 -21.2431 36.3244 297.221
172500000 -15.4245 39.0446 319.479
172600000 -16.9297 36.6272 299.699
172700000 -19.864 36.7212 300.468
172800000 -15.1981 39.4407 322.721
172900000 -23.821 35.8242 293.129
173000000 -19.0308 34.311 280.747
173100000 -26.2068 34.7269 284.15
173200000 -19.6093 39.0309 319.367
173300000 -14.3739 37.1476 303.958
173400000 -17.4626 35.7657 292.65
173500000 -15.5359 42.2924 346.054
173600000 -16.4557 38.4549 314.654
173700000 -19.3248 36.8716 301.699
173800000 -21.0862 34.9117 285.662
173900000 -22.9885 34.65 283.521
174000000 -24.5236 37.7922 309.231
174100000 -17.7805 38.7589 317.142
174200000 -20.5561 39.2698 321.322
174300000 -20.3796 36.7539 300.736
174400000 -21.3294 38.0195 311.092
174500000 -16.6875 36.7312 300.55
174600000 -16.8396 38.6233 316.032
174700000 -14.1386 35.4797 290.31
174800000 -25.252 34.9727 286.162
174900000 -19.6277 32.9087 269.273
175000000 -17.4995 36.4879 298.559
175100000 -20.8857 34.6627 283.625
175200000 -2.7867 35.9759 294.37
175300000 -9.74565 36.5126 298.761
175400000 -16.6185 37.3229 305.392
175500000 -18.2055 38.7895 317.392
175600000 -13.1878 40.1249 328.319
175700000 -24.1327 36.9465 302.312
175800000 -21.646 38.7383 316.973
175900000 -17.2946 37.8513 309.716
176000000 -11.8166 35.0914 287.133
176100000 -18.5331 34.2556 280.294
176200000 -15.3941 36.6725 300.07
176300000 -18.4662 36.1366 295.685
176400000 -24.7728 36.2233 296.394
176500000 -22.3153 36.3211 297.195
176600000 -15.1678 36.6602 299.969
176700000 -17.231 40.3298 329.996
176800000 -20.8938 36.8558 301.569
176900000 -20.0675 33.0929 270.78
177000000 -13.8954 37.9045 310.151
177100000 -19.0842 37.773 309.074
177200000 -18.5727 37.8678 309.851
177300000 -21.5295 35.0938 287.152
177400000 -19.3437 37.9979 310.915
177500000 -24.6993 38.0973 311.729
177600000 -24.4154 36.2964 296.992
177700000 -22.9614 37.9031 310.139
177800000 -21.7698 37.3768 305.833
177900000 -16.1869 37.8544 309.741
178000000 -18.9631 35.1062 287.253
178100000 -22.0398 34.957 286.033
178200000 -16.3326 36.2255 296.412
178300000 -19.3014 35.9636 294.269
178400000 -23.0958 35.3752 289.455
178500000 -17.5666 39.8291 325.898
178600000 -18.961 36.8677 301.667
178700000 -25.9765 33.123 271.026
178800000 -26.4623 33.2842 272.345
178900000 -20.7512 40.6012 332.216
179000000 -24.7669 36.4463 298.219
179100000 -20.2207 36.2002 296.206
179200000 -11.6256 39.1809 320.595
179300000 -15.9474 38.8848 318.172
179400000 -19.2512 36.8118 301.209
179500000 -24.9666 34.6815 283.778
179600000 -16.7604 37.7457 308.851
179700000 -18.1689 36.8595 301.6
179800000 -19.8419 38.1128 311.855
179900000 -11.2367 38.2214 312.743
180000000 -25.4374 37.0264 302.966
180100000 -19.1492 36.7074 300.356
180200000 -22.8623 37.8827 309.972
180300000 -20.7834 36.9088 302.003
180400000 -16.3032 38.0183 311.082
180500000 -15.3725 36.2679 296.759
180600000 -19.179 35.0832 287.065
180700000 -22.2071 35.6662 291.836
180800000 -22.9165 34.021 278.374
180900000 -20.5216 37.1349 303.853
181000000 -16.0347 36.8867 301.822
181100000 -24.3313 34.3234 280.848
181200000 -16.2066 38.668 316.397
181300000 -21.1665 37.048 303.142
181400000 -21.8557 35.3578 289.313
181500000 -18.5689 37.1881 304.289
181600000 -26.2932 35.1685 287.764
181700000 -18.5969 37.4077 306.086
181800000 -14.6069 35.1913 287.95
181900000 -21.3775 37.9016 310.127
182000000 -17.2815 36.8115 301.207
182100000 -19.8627 35.9336 294.024
182200000 -22.2373 37.6347 307.943
182300000 -22.2404 36.6263 299.691
182400000 -13.9286 37.0467 303.131
182500000 -23.4949 33.3087 272.546
182600000 -21.073 34.0055 278.247
182700000 -19.1092 37.4713 306.606
182800000 -22.087 38.3792 314.034
182900000 -20.5141 38.4048 314.245
183000000 -13.9477 39.6341 324.303
183100000 -24.2674 33.4289 273.53
183200000 -25.2666 37.9444 310.477
183300000 -20.3766 39.1548 320.381
183400000 -19.1248 37.6982 308.463
183500000 -23.2729 37.3782 305.844
183600000 -25.3606 35.7544 292.558
183700000 -20.2755 37.3773 305.836
183800000 -17.1651 37.5311 307.096
183900000 -21.7284 37.58 307.495
184000000 -13.3776 36.1849 296.08
184100000 -16.4265 38.2634 313.087
184200000 -11.267 36.8549 301.562
184300000 -13.6138 39.5866 323.915
184400000 -19.3564 36.7571 300.762
184500000 -25.8159 33.5146 274.23
184600000 -21.8211 34.9015 285.578
184700000 -23.115 36.972 302.52
184800000 -10.102 38.7151 316.783
184900000 -7.37835 39.1816 320.601
185000000 -17.5007 36.9391 302.252
185100000 -17.5057 35.7644 292.639
185200000 -20.321 37.8808 309.957
185300000 -21.3628 34.2262 280.053
185400000 -18.2975 35.1928 287.962
185500000 -11.3471 37.6232 307.849
185600000 -23.4752 35.8341 293.21
185700000 -19.673 36.6589 299.958
185800000 -25.6479 37.4806 306.682
185900000 -22.3688 38.3671 313.936
186000000 -21.0356 40.8893 334.573
186100000 -26.2271 36.2959 296.989
186200000 -17.4014 38.6421 316.186
186300000 -15.8228 35.1069 287.259
186400000 -24.8166 35.4649 290.188
186500000 -18.4371 35.5616 290.98
186600000 -20.7564 35.2414 288.36
186700000 -22.7506 36.6312 299.732
186800000 -25.3379 33.7729 276.344
186900000 -23.6026 35.3762 289.463
187000000 -17.1283 36.9971 302.726
187100000 -10.7598 36.891 301.857
187200000 -17.3632 37.9521 310.54
187300000 -15.659 39.1446 320.297
187400000 -21.3129 35.3709 289.419
187500000 -26.3388 35.054 286.827
187600000 -17.9033 37.6953 308.439
187700000 -18.2552 38.6576 316.313
187800000 -19.1284 36.5864 299.365
187900000 -21.9572 35.9157 293.877
188000000 -10.3274 38.2248 312.772
188100000 4.6454 37.8602 309.788
188200000 0.0928044 39.0359 319.408
188300000 -5.66019 36.3222 297.203
188400000 1.50587 37.6392 307.979
188500000 2.46526 38.2882 313.29
188600000 -4.54988 34.4558 281.932
188700000 -19.0189 38.6558 316.298
188800000 -19.3875 36.4205 298.008
188900000 -24.9671 36.0642 295.092
189000000 -22.4615 39.0928 319.874
189100000 -19.0896 35.8592 293.415
189200000 -19.78 37.3082 305.272
189300000 -21.6041 39.3045 321.606
189400000 -14.315 36.5198 298.821
189500000 -15.4887 39.443 322.739
189600000 -17.602 37.8373 309.601
189700000 -17.7134 36.7173 300.436
189800000 -14.8572 36.8712 301.696
189900000 -19.9923 36.6531 299.911
190000000 -13.4121 38.9294 318.537
190100000 5.22216 36.5968 299.451
190200000 0.755851 40.1615 328.619
190300000 2.22301 35.833 293.201
190400000 2.23856 37.325 305.409
190500000 4.24397 35.1412 287.54
190600000 -15.4473 34.1377 279.329
190700000 -21.3459 38.6888 316.568
190800000 -19.0397 38.0304 311.181
190900000 -18.0344 35.8521 293.357
191000000 -20.714 37.9182 310.263
191100000 -15.988 33.7017 275.761
191200000 -22.8578 35.8828 293.608
191300000 -15.4295 37.8213 309.47
191400000 -23.4979 36.3989 297.831
191500000 -22.2875 35.8926 293.689
191600000 -14.3004 36.2495 296.609
191700000 -20.4856 38.2905 313.309
191800000 -24.5598 35.7251 292.318
191900000 -26.0033 34.9748 286.178
192000000 -27.093 35.873 293.528
192100000 -21.5048 39.2757 321.37
192200000 -16.6697 39.8445 326.025
192300000 -2.26902 36.2338 296.48
192400000 -2.11188 36.8587 301.593
192500000 0.95282 41.5997 340.387
192600000 -5.8988 35.0467 286.767
192700000 -4.48362 37.3801 305.86
192800000 1.37858 39.4593 322.873
192900000 5.81543 38.9651 318.829
193000000 -1.04611 36.4955 298.622
193100000 -10.4836 35.7402 292.441
193200000 -4.2636 36.6354 299.766
193300000 1.86896 37.3588 305.686
193400000 1.00127 35.4529 290.09
193500000 -5.37194 35.7632 292.629
193600000 3.9633 35.8499 293.339
193700000 -2.73927 33.9727 277.979
193800000 -1.12386 37.1411 303.904
193900000 -17.8656 36.1454 295.757
194000000 -20.9287 37.4679 306.578
194100000 -23.4697 36.5829 299.337
194200000 -29.0985 34.9348 285.851
194300000 -22.102 34.3694 281.225
194400000 -14.3348 37.2095 304.464
194500000 -13.4568 37.5919 307.593
194600000 -26.2544 35.4887 290.384
194700000 -23.9814 35.677 291.925
194800000 -23.9671 34.4674 282.027
194900000 -18.656 35.8171 293.071
195000000 -22.5387 34.3304 280.906
195100000 -21.5093 35.4755 290.276
195200000 -21.3776 34.4736 282.078
195300000 -24.6491 37.1649 304.099
195400000 -23.8266 34.0989 279.012
195500000 -21.5708 31.7297 259.626
195600000 -16.9787 40.2655 329.47
195700000 -22.9641 33.5003 274.114
195800000 -20.3042 38.0859 311.635
195900000 -21.6176 36.7559 300.752
196000000 -21.3019 40.4204 330.736
196100000 -21.6579 36.5778 299.295
196200000 -15.1467 35.6666 291.839
196300000 -15.5627 40.9723 335.253
196400000 -22.6205 38.388 314.107
196500000 -17.6415 38.8379 317.788
196600000 -20.8911 35.3003 288.842
196700000 -5.89296 40.672 332.795
196800000 -17.7346 37.2371 304.69
196900000 -22.8827 36.6029 299.5
197000000 -28.5387 35.8525 293.36
197100000 -21.6019 38.5998 315.84
197200000 -11.6473 36.4289 298.076
197300000 -19.7514 37.3086 305.275
197400000 -20.9647 36.6009 299.484
197500000 -21.9465 33.152 271.263
197600000 -18.7201 38.0474 311.32
197700000 -21.7521 38.349 313.788
197800000 -19.9907 39.1749 320.546
197900000 -18.6357 37.4941 306.792
198000000 -21.5499 36.7746 300.905
198100000 -17.868 36.433 298.11
198200000 -21.4036 36.3439 297.381
198300000 -21.0432 35.2809 288.683
198400000 -22.3518 36.6423 299.822
198500000 -19.9903 36.9985 302.738
198600000 -14.2892 38.3925 314.143
198700000 -19.3171 36.8385 301.428
198800000 -16.5079 36.6704 300.053
198900000 -19.0145 39.9224 326.662
199000000 -12.5922 39.339 321.889
199100000 4.00748 41.5008 339.577
199200000 11.1637 38.2002 312.57
199300000 10.3912 37.2832 305.067
199400000 0.0648654 37.0174 302.892
199500000 9.44092 37.6992 308.471
199600000 -3.78133 33.8288 276.802
199700000 2.95556 35.3799 289.493
199800000 19.2772 38.3002 313.388
199900000 -2.04885 36.6796 300.128
200000000 -1.90179 36.7325 300.561
200100000 3.60447 35.9871 294.462
200200000 -1.85504 34.39 281.393
200300000 -1.36338 37.4754 306.639
200400000 0.0535503 38.4776 314.84
200500000 -4.00306 38.6158 315.971
200600000 3.39175 40.5788 332.033
200700000 -2.65667 37.9248 310.317
200800000 3.24744 38.6731 316.44
200900000 -1.62125 34.1002 279.022
201000000 -3.6753 36.3197 297.183
201100000 1.34855 36.0864 295.275
201200000 -0.705236 39.3516 321.991
201300000 -1.27823 38.7064 316.712
201400000 -6.27366 39.196 320.718
201500000 -2.72277 36.3742 297.629
201600000 -4.09741 37.0525 303.179
201700000 -6.18337 34.8498 285.155
201800000 -0.195221 36.5092 298.734
201900000 -1.07967 34.5229 282.481
202000000 -1.75028 39.4532 322.823
202100000 -1.80486 38.6125 315.944
202200000 -6.86124 34.6598 283.601
202300000 1.83407 39.1829 320.611
202400000 5.09916 39.2537 321.191
202500000 5.0851 36.3913 297.769
202600000 -1.08288 36.3475 297.41
202700000 3.16907 35.2988 288.829
202800000 -1.37141 34.282 280.51
202900000 0.513526 36.76 300.786
203000000 -3.40053 36.793 301.056
203100000 -0.634584 38.0665 311.476
203200000 -4.91129 36.7988 301.103
203300000 -20.377 36.9727 302.526
203400000 -22.1289 37.0724 303.342
203500000 -23.7169 36.9738 302.535
203600000 -13.2857 36.6027 299.499
203700000 -12.4353 38.4728 314.801
203800000 -16.2693 37.8026 309.317
203900000 -15.7197 36.2508 296.619
204000000 -24.6878 38.7411 316.996
204100000 -21.2594 37.0032 302.775
204200000 -24.5135 34.3036 280.687
204300000 -21.7784 36.5076 298.72
204400000 -19.6467 38.3758 314.007
204500000 -17.7592 36.53 298.904
204600000 -13.1011 38.2599 313.058
204700000 -18.7522 38.3015 313.399
204800000 -17.9554 37.4186 306.175
204900000 -22.0783 35.0275 286.61
205000000 -21.0496 39.3677 322.123
205100000 -2.63269 40.8633 334.361
205200000 -3.74387 39.4237 322.581
205300000 -3.63236 35.2128 288.126
205400000 -6.10676 33.5327 274.379
205500000 -2.28553 36.6396 299.8
205600000 3.13353 39.265 321.283
205700000 0.173539 36.0527 294.998
205800000 -2.43798 37.6159 307.789
205900000 -3.55313 35.5699 291.048
206000000 6.85703 40.2107 329.021
206100000 7.9289 36.0669 295.115
206200000 -3.04066 37.4941 306.792
206300000 5.37193 37.7301 308.723
206400000 3.64461 40.4939 331.338
206500000 -8.50168 35.8237 293.125
206600000 2.22408 36.8118 301.21
206700000 -7.55493 37.6578 308.132
206800000 -22.4041 36.7709 300.875
206900000 -15.3404 35.6988 292.103
207000000 -20.8216 35.8705 293.507
207100000 -24.0145 37.1206 303.737
207200000 -27.566 35.3416 289.18
207300000 -16.5261 34.8923 285.504
207400000 -17.2841 36.7785 300.937
207500000 -16.0982 37.3891 305.933
207600000 -15.2258 38.7735 317.261
207700000 -23.8546 34.9618 286.072
207800000 -27.0213 33.7526 276.178
207900000 -21.48 37.3822 305.877
208000000 -29.0246 36.42 298.004
208100000 -26.3507 36.0173 294.709
208200000 -24.9605 35.8286 293.165
208300000 -21.0313 37.1861 304.273
208400000 -25.5147 34.7631 284.446
208500000 -22.2771 36.6817 300.145
208600000 -16.771 38.1612 312.251
208700000 -21.7106 39.0672 319.664
208800000 1.84135 39.7184 324.993
208900000 2.53596 33.7822 276.42
209000000 -8.39033 36.8409 301.448
209100000 -6.73642 34.6309 283.365
209200000 1.18085 36.1797 296.037
209300000 0.557887 40.1153 328.24
209400000 -12.5163 37.867 309.844
209500000 -17.6147 40.7411 333.361
209600000 -19.2877 39.4554 322.841
209700000 -16.262 38.0972 311.727
209800000 -22.9797 37.8807 309.956
209900000 -22.917 33.6639 275.452
210000000 -22.4703 37.2109 304.475
210100000 -2.99531 36.8468 301.496
210200000 -1.67057 36.7174 300.437
210300000 13.7438 39.0062 319.165
210400000 11.8594 38.1091 311.825
210500000 -2.13193 34.8495 285.153
210600000 -1.71758 34.7997 284.746
210700000 1.4083 34.4524 281.904
210800000 -4.83367 33.1746 271.449
210900000 -3.50711 34.1171 279.16
211000000 -0.815349 35.472 290.247
211100000 0.910297 37.8238 309.491
211200000 -4.51183 36.4858 298.542
211300000 -2.30121 37.3583 305.682
211400000 -5.79318 34.6678 283.667
211500000 -0.461813 33.5261 274.325
211600000 -15.28 36.2779 296.841
211700000 -17.4466 37.0361 303.045
211800000 -26.7176 36.3366 297.321
211900000 -23.0925 32.6342 267.027
212000000 -20.314 33.6606 275.425
212100000 -20.7929 37.64 307.986
212200000 -16.119 35.7095 292.19
212300000 -6.4816 36.5035 298.687
212400000 0.930756 33.0108 270.109
212500000 0.0115123 35.1534 287.64
212600000 -0.611215 39.8576 326.131
212700000 12.5481 39.551 323.623
212800000 5.53311 41.8334 342.298
212900000 5.49555 38.1215 311.926
213000000 5.1567 36.8537 301.553
213100000 18.8065 36.0943 295.339
213200000 11.4213 38.1744 312.359
213300000 1.43229 36.829 301.351
213400000 -5.58499 37.9642 310.639
213500000 2.12038 37.9386 310.43
213600000 -0.286943 39.3071 321.628
213700000 -14.8686 35.4659 290.197
213800000 -21.3069 35.9874 294.464
213900000 -15.6945 38.3505 313.8
214000000 -25.4327 38.0171 311.072
214100000 -29.0023 33.1868 271.549
214200000 -17.0478 34.8503 285.16
214300000 -14.2587 36.6244 299.676
214400000 -17.846 37.9464 310.494
214500000 -18.7594 36.7129 300.4
214600000 -17.2637 36.3635 297.542
214700000 -23.571 39.9678 327.034
214800000 -22.1653 39.0043 319.149
214900000 -22.3728 36.227 296.425
215000000 -24.0406 35.4565 290.12
215100000 -18.6621 36.6291 299.714
215200000 -17.1449 34.9308 285.819
215300000 -19.6401 38.2414 312.908
215400000 -19.3633 35.5115 290.57
215500000 -21.6879 40.5634 331.907
215600000 -22.01 34.7756 284.549
215700000 -21.5652 34.5746 282.904
215800000 -21.3841 39.2972 321.546
215900000 -23.9548 34.4058 281.523
216000000 -20.3207 38.8293 317.718
216100000 -21.6304 35.2214 288.197
216200000 -19.1439 34.8691 285.314
216300000 -24.1895 36.4892 298.57
216400000 -18.679 36.3893 297.752
216500000 -24.3635 34.646 283.489
216600000 -16.0891 35.6819 291.964
216700000 -16.0918 37.5559 307.298
216800000 -17.7456 36.237 296.507
216900000 -18.4502 35.7812 292.776
217000000 -19.9169 37.8227 309.481
217100000 -20.4901 37.0705 303.326
217200000 -18.3454 33.7795 276.398
217300000 -22.5419 37.2635 304.906
217400000 -17.7934 35.4806 290.317
217500000 -12.4065 36.5119 298.756
217600000 -1.46393 36.6023 299.495
217700000 -4.23884 36.7164 300.429
217800000 -2.52489 37.1664 304.111
217900000 14.3212 39.1378 320.242
218000000 3.45799 35.9998 294.566
218100000 1.71113 36.1357 295.678
218200000 -7.88131 33.8894 277.297
218300000 15.7269 38.5285 315.257
218400000 22.3066 36.836 301.407
218500000 24.7094 34.0215 278.379
218600000 23.0779 35.8392 293.251
218700000 23.1141 35.9009 293.756
218800000 23.1028 37.2707 304.965
218900000 11.3531 39.0492 319.517
219000000 8.45737 40.1237 328.309
219100000 2.22072 39.5294 323.447
219200000 -3.12673 38.2648 313.099
219300000 -21.2983 35.5687 291.038
219400000 -14.5137 36.3301 297.268
219500000 -20.202 35.8182 293.08
219600000 -14.06 35.317 288.979
219700000 -21.687 35.9005 293.753
219800000 -7.2418 39.2444 321.115
219900000 -11.5681 42.2363 345.596
220000000 -23.3732 35.7554 292.566
220100000 -22.4157 33.4976 274.091
220200000 -25.7 34.6698 283.683
220300000 -14.6803 39.8125 325.762
220400000 2.94465 36.9054 301.975
220500000 -16.7256 37.2067 304.441
220600000 -17.7819 38.3275 313.612
220700000 -20.0762 37.5329 307.11
220800000 -23.1998 35.7949 292.889
220900000 -23.6529 36.3557 297.478
221000000 -17.9478 38.9019 318.312
221100000 -21.888 34.552 282.719
221200000 -26.1772 36.2066 296.258
221300000 -27.2719 32.5862 266.634
221400000 -16.3766 36.7594 300.781
221500000 -20.3573 35.4025 289.678
221600000 -19.3103 36.311 297.112
221700000 -26.0142 36.8765 301.739
221800000 -21.2483 36.2015 296.216
221900000 -21.3743 36.0225 294.751
222000000 -18.0414 35.0667 286.93
222100000 -19.3752 36.2008 296.21
222200000 -20.5359 35.1712 287.785
222300000 -18.5791 35.0626 286.897
222400000 -16.9855 38.6482 316.236
222500000 -18.8945 38.9338 318.573
222600000 -23.7679 35.751 292.53
222700000 -17.7801 37.3031 305.229
222800000 -23.7507 36.142 295.729
222900000 -21.3305 36.5561 299.118
223000000 -25.2117 37.6806 308.318
223100000 -19.9925 38.691 316.586
223200000 -17.3241 40.0288 327.533
223300000 -24.4159 34.3284 280.889
223400000 -20.5973 35.1084 287.272
223500000 -22.6181 37.6672 308.209
223600000 -21.772 35.1282 287.433
223700000 -22.7261 34.8303 284.996
223800000 -9.37727 37.896 310.081
223900000 -24.6598 36.1164 295.519
224000000 -15.8464 38.3755 314.004
224100000 -18.94 35.5026 290.497
224200000 -20.0333 36.6228 299.663
224300000 -22.0499 38.2528 313
224400000 -21.9627 33.3829 273.153
224500000 -19.9092 34.5319 282.555
224600000 -21.5468 33.9345 277.666
224700000 -21.2699 36.7706 300.873
224800000 -19.05 39.5478 323.597
224900000 -12.0409 37.6168 307.796
225000000 -19.2554 33.8643 277.092
225100000 -21.1778 38.3218 313.565
225200000 -20.8569 36.8346 301.396
225300000 -20.2248 39.4699 322.959
225400000 -22.6609 35.6091 291.368
225500000 -21.4637 35.5487 290.874
225600000 -22.1428 36.3649 297.553
225700000 -21.031 37.5351 307.128
225800000 -18.1276 35.3037 288.87
225900000 -20.4902 35.3282 289.07
226000000 -29.6752 34.7559 284.388
226100000 -25.1072 35.5369 290.778
226200000 -23.2564 38.1676 312.303
226300000 -19.7753 36.3556 297.477
226400000 -16.5688 38.7929 317.42
226500000 -22.604 35.6577 291.766
226600000 -21.7707 36.5844 299.349
226700000 -26.046 34.6863 283.818
226800000 -16.8459 33.4523 273.721
226900000 -2.61079 38.7654 317.195
227000000 -1.36014 35.902 293.765
227100000 -3.82762 38.0661 311.473
227200000 -3.30656 35.0798 287.038
227300000 -2.04448 35.8311 293.185
227400000 -5.29503 36.775 300.909
227500000 1.84555 36.9397 302.257
227600000 2.93702 35.1397 287.528
227700000 -0.434997 36.6383 299.79
227800000 -2.26886 38.3598 313.876
227900000 -19.2274 38.5448 315.39
228000000 -8.93775 36.8747 301.724
228100000 -11.6407 42.1743 345.088
228200000 -22.7934 38.0096 311.011
228300000 -20.6864 34.8827 285.425
228400000 -23.2898 35.4021 289.675
228500000 -25.0777 36.5901 299.395
228600000 -21.4122 34.7532 284.365
228700000 -25.7995 35.063 286.9
228800000 -28.025 33.7862 276.453
228900000 -19.508 35.8039 292.962
229000000 -14.3114 37.4837 306.707
229100000 -12.4346 37.3831 305.884
229200000 -9.97947 36.0178 294.713
229300000 -7.47703 35.5771 291.107
229400000 -1.54604 33.9651 277.917
229500000 -2.68321 37.2803 305.043
229600000 17.1628 36.2242 296.402
229700000 21.6472 31.8461 260.578
229800000 9.00335 35.2434 288.376
229900000 2.79218 36.3909 297.765
230000000 -9.35342 37.5984 307.646
230100000 -15.0201 36.9418 302.273
230200000 -17.9046 35.278 288.659
230300000 -27.2703 37.5186 306.993
230400000 -26.2134 36.4121 297.939
230500000 -16.8359 37.8966 310.086
230600000 -20.1581 36.4804 298.498
230700000 -17.9557 38.4457 314.579
230800000 -16.7678 36.7934 301.059
230900000 -19.3857 35.0353 286.674
231000000 -17.5055 35.6482 291.688
231100000 -23.3348 35.9672 294.299
231200000 -23.4881 38.6447 316.207
231300000 -21.2455 37.168 304.124
231400000 -19.5246 35.4436 290.015
231500000 -21.6841 37.6613 308.16
231600000 -13.6155 36.8259 301.325
231700000 -15.795 36.9814 302.597
231800000 -17.2115 33.6243 275.128
231900000 -19.5908 35.546 290.852
232000000 -19.3464 32.7444 267.929
232100000 -20.6165 39.4502 322.798
232200000 -22.8834 37.045 303.118
232300000 -21.8244 37.0396 303.074
232400000 -16.9279 37.7987 309.285
232500000 -21.3547 36.3812 297.686
232600000 -25.3257 36.6766 300.103
232700000 -24.1058 38.0112 311.024
232800000 -26.9229 33.1303 271.086
232900000 -19.5796 34.7947 284.705
233000000 -19.3233 35.7765 292.738
233100000 -20.7136 37.4247 306.224
233200000 -16.5098 35.9458 294.123
233300000 -22.66 38.0128 311.037
233400000 -16.1924 36.0242 294.765
233500000 -13.0627 35.2904 288.761
233600000 -19.8751 37.4728 306.619
233700000 -18.2782 36.8567 301.577
233800000 -24.8121 34.9146 285.686
233900000 -12.8427 41.8244 342.225
234000000 -0.971776 38.6427 316.191
234100000 0.221603 35.6667 291.84
234200000 -1.66622 36.1899 296.121
234300000 -4.1031 33.706 275.797
234400000 -2.01531 35.9849 294.443
234500000 -13.3659 37.7786 309.121
234600000 -14.4324 40.0243 327.495
234700000 -21.7905 36.997 302.725
234800000 -22.4298 38.0627 311.445
234900000 -17.6025 37.5074 306.902
235000000 -18.9193 34.799 284.74
235100000 -23.6965 37.812 309.394
235200000 -21.085 37.8419 309.638
235300000 -11.0837 40.31 329.833
235400000 -2.4708 35.9931 294.51
235500000 -5.78886 37.5313 307.097
235600000 2.77871 38.396 314.173
235700000 12.2061 35.6689 291.858
235800000 12.6653 37.633 307.929
235900000 -2.77492 41.207 337.173
236000000 3.20217 36.0825 295.242
236100000 3.49457 35.3351 289.127
236200000 0.962442 37.5608 307.338
236300000 7.99136 36.5578 299.132
236400000 12.1511 40.8908 334.586
236500000 6.25095 37.2013 304.397
236600000 3.78962 38.1116 311.845
236700000 6.81046 39.3495 321.974
236800000 -0.772227 36.1099 295.466
236900000 -11.2335 35.4685 290.218
237000000 -9.89042 33.9891 278.113
237100000 -12.8604 36.064 295.091
237200000 -11.2612 33.451 273.71
237300000 2.6304 35.0121 286.484
237400000 0.95276 35.1926 287.961
237500000 -6.90049 34.8953 285.528
237600000 -4.54348 36.9002 301.933
237700000 0.471097 37.9887 310.84
237800000 -18.853 38.1852 312.448
237900000 -20.4234 33.8639 277.089
238000000 -20.1861 34.8217 284.926
238100000 -18.6231 34.4519 281.9
238200000 -11.4321 36.4875 298.556
238300000 -17.9278 40.2475 329.322
238400000 -10.9122 39.5504 323.618
238500000 -12.8745 37.488 306.743
238600000 -20.1768 35.9964 294.538
238700000 -10.518 39.1822 320.605
238800000 -14.8692 34.5054 282.338
238900000 -16.4583 39.4652 322.921
239000000 -23.0224 36.6045 299.514
239100000 -16.6103 38.9414 318.635
239200000 -12.8749 40.2212 329.107
239300000 -14.8161 40.6639 332.729
239400000 -17.1972 39.1993 320.745
239500000 -17.9298 36.0983 295.372
239600000 -13.5948 37.7518 308.901
239700000 -18.5622 36.185 296.081
239800000 -23.42 35.1374 287.509
239900000 -26.9683 36.1269 295.606
240000000 -24.9629 35.8492 293.333
240100000 -19.9673 36.1339 295.663
240200000 -19.9621 38.8733 318.078
240300000 -22.0075 35.669 291.859
240400000 -22.3574 39.6324 324.289
240500000 -13.9381 38.0545 311.378
240600000 -15.2189 37.6489 308.059
240700000 -22.0349 36.069 295.132
240800000 -16.6696 40.9993 335.474
240900000 -20.9902 33.3993 273.287
241000000 -16.4384 35.5686 291.037
241100000 -24.2081 36.3864 297.729
241200000 -16.504 37.4331 306.294
241300000 -20.4784 36.8077 301.176
241400000 -20.6173 36.714 300.41
241500000 -15.7543 38.6435 316.198
241600000 -20.1254 35.1129 287.309
241700000 -19.3898 38.4436 314.562
241800000 -20.6963 36.429 298.077
241900000 -20.7437 38.5582 315.5
242000000 -26.9519 33.1686 271.4
242100000 -25.0428 33.9795 278.034
242200000 -12.7732 38.2746 313.179
242300000 -21.1739 35.9554 294.202
242400000 -18.5232 39.1344 320.214
242500000 -22.9882 37.0186 302.902
242600000 -15.6956 35.6039 291.326
242700000 -20.6682 37.1153 303.693
242800000 -21.7568 36.6613 299.978
242900000 -24.8582 33.2936 272.422
243000000 -6.93152 40.4055 330.615
243100000 -19.8587 39.3579 322.043
243200000 -23.5969 37.8833 309.977
243300000 -17.2164 35.4991 290.468
243400000 -10.3575 37.9581 310.589
243500000 -19.562 37.3864 305.911
243600000 -23.2266 34.0396 278.527
243700000 -26.1513 35.2446 288.386
243800000 -8.56024 39.1389 320.251
243900000 -18.6712 35.3728 289.435
244000000 -21.2764 36.2276 296.429
244100000 2.63963 40.5448 331.755
244200000 4.10613 36.6836 300.16
244300000 -0.987769 36.4901 298.578
244400000 -0.200021 33.8863 277.272
244500000 -10.8277 31.9767 261.647
244600000 2.2309 39.6446 324.389
244700000 -4.82907 39.461 322.886
244800000 -3.3996 38.5243 315.222
244900000 -7.617 37.4061 306.072
245000000 -8.37828 35.4276 289.883
245100000 -11.1715 36.2474 296.592
245200000 -13.2139 35.2748 288.634
245300000 -11.7493 38.4937 314.972
245400000 -25.2665 33.7535 276.186
245500000 -24.4249 32.7604 268.059
245600000 -29.5784 38.853 317.912
245700000 -18.6613 37.9957 310.897
245800000 -22.5349 36.9972 302.727
245900000 -22.8706 35.0714 286.969
246000000 -19.7916 38.1735 312.352
246100000 -26.8755 35.4775 290.292
246200000 -25.3869 36.9452 302.301
246300000 -20.9333 36.7676 300.848
246400000 -19.6936 39.0066 319.169
246500000 -21.26 33.8574 277.036
246600000 -25.6848 34.1331 279.291
246700000 -18.2034 38.275 313.182
246800000 -15.4666 36.6646 300.005
246900000 -17.5372 38.0656 311.469
247000000 -12.5532 37.8446 309.66
247100000 -20.5448 38.9851 318.992
247200000 -24.2877 34.1645 279.548
247300000 -17.2321 33.7326 276.014
247400000 -18.1685 38.7806 317.319
247500000 -20.1411 35.1997 288.019
247600000 -26.3045 35.4775 290.292
247700000 -20.3212 35.9274 293.973
247800000 -15.423 38.349 313.788
247900000 -11.0465 37.2769 305.016
248000000 -16.3026 37.9681 310.671
248100000 -19.1227 36.8033 301.14
248200000 -17.0187 38.8514 317.898
248300000 -22.2885 36.8594 301.599
248400000 -23.991 36.8315 301.371
248500000 -18.5297 36.1063 295.437
248600000 -24.1884 34.8933 285.511
248700000 -19.7102 36.2972 296.999
248800000 -14.5054 35.3247 289.041
248900000 -9.64891 38.1809 312.412
249000000 -18.4776 36.0848 295.261
249100000 -16.0551 39.0676 319.667
249200000 -24.0609 34.3107 280.744
249300000 -17.6768 39.6737 324.627
249400000 -2.86146 37.5943 307.612
249500000 3.54057 37.6387 307.975
249600000 4.45056 40.0492 327.699
249700000 -2.71913 38.3637 313.908
249800000 0.16851 36.4193 297.998
249900000 1.97913 35.9084 293.818
250000000 -8.21292 36.6576 299.948
250100000 -1.22449 41.1125 336.4
250200000 -3.65208 36.6506 299.891
250300000 -1.76362 37.651 308.077
250400000 -4.09521 37.8798 309.948
250500000 6.5486 38.2523 312.996
250600000 2.17615 36.3682 297.58
250700000 -1.30777 35.9699 294.321
250800000 -11.4446 39.6738 324.627
250900000 -5.21949 41.5932 340.333
251000000 4.95271 37.5772 307.472
251100000 -4.22316 36.8848 301.807
251200000 0.640913 38.6282 316.072
251300000 0.887538 32.6248 266.95
251400000 3.42108 36.8827 301.79
251500000 1.98299 35.5341 290.755
251600000 -0.661431 35.4056 289.704
251700000 8.18418 38.7471 317.045
251800000 1.53537 38.7943 317.431
251900000 5.14628 35.7018 292.127
252000000 4.08541 39.9152 326.603
252100000 -1.33436 39.5924 323.961
252200000 2.5162 39.5621 323.713
252300000 4.43025 38.6478 316.233
252400000 8.14319 38.5595 315.51
252500000 -0.401003 40.2184 329.084
252600000 -1.09609 38.6522 316.268
252700000 -9.53914 41.1891 337.026
252800000 -22.9496 36.2763 296.828
252900000 -28.7906 33.1305 271.088
253000000 -23.2696 36.9617 302.436
253100000 -24.7691 36.878 301.751
253200000 -27.5308 34.9531 286.001
253300000 -15.9503 40.8655 334.379
253400000 -13.52 37.6107 307.747
253500000 -26.7404 36.3079 297.087
253600000 -22.0083 40.9453 335.031
253700000 -13.568 38.6088 315.913
253800000 -14.1478 37.5427 307.19
253900000 -8.83179 37.1612 304.068
254000000 -17.9553 38.5131 315.13
254100000 -20.2614 34.3247 280.86
254200000 -23.7089 35.4578 290.131
254300000 -22.6401 38.078 311.57
254400000 -22.8172 36.7723 300.887
254500000 -8.41458 39.6667 324.57
254600000 7.3281 33.6819 275.6
254700000 6.50522 39.6656 324.56
254800000 -14.0989 36.5358 298.952
254900000 -24.0817 37.3111 305.295
255000000 -23.7718 33.1095 270.916
255100000 -17.3557 36.1815 296.052
255200000 -17.007 36.6386 299.793
255300000 -19.3455 36.8464 301.492
255400000 -16.2696 37.5221 307.021
255500000 -16.9862 35.6097 291.374
255600000 -19.4158 34.7315 284.188
255700000 -23.4901 35.1111 287.294
255800000 -14.5723 37.4159 306.153
255900000 -0.624859 37.7049 308.518
256000000 3.74535 38.3574 313.857
256100000 6.21394 34.9419 285.91
256200000 -0.0733557 39.1819 320.603
256300000 -0.632457 40.02 327.461
256400000 -0.240792 35.0821 287.056
256500000 -4.83782 34.1203 279.187
256600000 -6.48578 37.252 304.811
256700000 -21.3563 34.636 283.406
256800000 -18.2668 34.8624 285.259
256900000 -17.5697 39.4767 323.015
257000000 -18.9657 37.2243 304.585
257100000 -20.7675 35.9573 294.218
257200000 -16.6565 36.0596 295.055
257300000 2.38191 38.554 315.465
257400000 -0.456663 36.453 298.274
257500000 -0.101457 38.463 314.721
257600000 -0.0431619 36.2482 296.598
257700000 -0.65586 37.8855 309.995
257800000 -2.45234 38.4786 314.848
257900000 -0.701697 36.7613 300.796
258000000 -4.18586 37.9187 310.267
258100000 -12.4921 38.3311 313.641
258200000 -22.6917 34.907 285.624
258300000 -20.4731 33.6824 275.604
258400000 -19.6733 37.8552 309.747
258500000 -20.6612 36.6072 299.536
258600000 -21.1719 35.7405 292.444
258700000 -19.5768 34.8554 285.201
258800000 -19.8033 36.3139 297.136
258900000 -21.6031 37.7371 308.781
259000000 -23.5576 38.0239 311.128
259100000 -18.0059 34.3551 281.108
259200000 -21.1613 36.7422 300.64
259300000 -17.1469 38.619 315.997
259400000 -5.45952 35.8069 292.987
259500000 -2.63628 36.0581 295.043
259600000 -6.38618 35.1035 287.232
259700000 4.00889 37.1412 303.905
259800000 4.09052 38.3936 314.153
259900000 -0.659168 37.3503 305.616
260000000 -6.35308 34.2468 280.222
260100000 -4.36062 35.7246 292.313
260200000 2.52346 38.2746 313.179
260300000 -16.2879 39.4502 322.798
260400000 -21.3841 33.7649 276.278
260500000 -16.2862 40.9884 335.384
260600000 -12.5648 38.0671 311.481
260700000 -17.787 37.2198 304.548
260800000 -18.5954 35.0151 286.508
260900000 -24.2895 34.8914 285.496
261000000 -21.7062 35.4031 289.683
261100000 -16.7767 37.579 307.487
261200000 -15.5272 36.6378 299.786
261300000 -3.91043 37.2069 304.442
261400000 -2.40924 34.6301 283.358
261500000 -5.0465 36.051 294.984
261600000 -4.44201 35.45 290.067
261700000 -5.52955 34.9351 285.854
261800000 4.74886 38.1652 312.284
261900000 2.61462 37.3077 305.268
262000000 1.45837 38.0435 311.288
262100000 8.388 37.8025 309.316
262200000 2.72378 35.4983 290.462
262300000 -5.02866 37.4195 306.182
262400000 -0.485322 36.6732 300.076
262500000 -6.13603 33.2365 271.955
262600000 -1.39326 36.2229 296.391
262700000 -1.87459 39.1117 320.029
262800000 -3.11169 39.0472 319.5
262900000 -20.1608 38.0018 310.947
263000000 -21.0107 37.1813 304.233
263100000 -25.776 34.6061 283.162
263200000 -17.6917 36.8407 301.446
263300000 -26.6518 36.7125 300.397
263400000 -27.3752 36.1832 296.066
263500000 -27.2687 40.0402 327.626
263600000 -24.9621 36.1279 295.613
263700000 -17.328 38.6711 316.424
263800000 -17.2472 36.8743 301.721
263900000 -21.6304 35.156 287.661
264000000 -17.6908 35.2534 288.458
264100000 -19.7961 36.571 299.239
264200000 -20.5326 37.9682 310.672
264300000 -23.7316 35.602 291.31
264400000 -19.1667 36.071 295.148
264500000 -21.3094 37.5938 307.608
264600000 -20.205 38.9493 318.699
264700000 -23.2894 33.4929 274.053
264800000 -19.2428 38.8184 317.628
264900000 -21.9337 36.3574 297.492
265000000 -19.5843 37.343 305.556
265100000 -27.665 32.3464 264.672
265200000 -23.2192 36.3151 297.145
265300000 -22.3716 33.4825 273.968
265400000 -14.9704 34.5454 282.665
265500000 -20.8522 39.5609 323.704
265600000 -17.4656 35.2741 288.627
265700000 -22.8162 39.9324 326.744
265800000 -18.6428 36.3671 297.571
265900000 -17.4827 37.755 308.927
266000000 -16.5734 36.05 294.976
266100000 -2.91852 37.2245 304.587
266200000 -18.1206 36.6537 299.916
266300000 -17.5238 34.1756 279.639
266400000 -14.1962 36.4575 298.31
266500000 -15.1277 38.226 312.781
266600000 -19.8097 35.2279 288.25
266700000 -22.6133 38.5881 315.744
266800000 -18.9016 37.8856 309.996
266900000 -19.4245 37.6229 307.846
267000000 -14.8728 38.2079 312.633
267100000 -20.9243 35.9102 293.832
267200000 -18.6497 39.8792 326.309
267300000 -16.1577 37.8131 309.402
267400000 -11.2624 37.7798 309.13
267500000 -25.5878 41.6844 341.079
267600000 -18.0753 37.7448 308.844
267700000 -23.923 34.3899 281.393
267800000 -22.9991 35.861 293.43
267900000 -22.9117 36.0573 295.036
268000000 -17.4161 36.7132 300.403
268100000 -19.6284 34.8366 285.048
268200000 -15.237 35.589 291.205
268300000 -21.505 35.982 294.42
268400000 -24.5805 34.1107 279.108
268500000 -22.3608 34.7626 284.442
268600000 -16.7241 40.1797 328.767
268700000 -21.4654 36.4443 298.203
268800000 -26.2249 38.8612 317.979
268900000 -18.604 38.2641 313.093
269000000 -13.0711 38.1483 312.146
269100000 -19.1864 36.1354 295.675
269200000 -21.8237 35.5577 290.948
269300000 -21.5375 33.6561 275.389
269400000 -20.9202 38.6906 316.583
269500000 -18.024 36.3668 297.569
269600000 -13.3218 34.6493 283.515
269700000 -26.79 33.216 271.788
269800000 -20.3368 34.7983 284.734
269900000 -20.1497 35.3446 289.205
270000000 -11.6019 41.5305 339.82
270100000 -15.3224 39.3675 322.121
270200000 -6.74126 35.5524 290.905
270300000 -10.894 35.7162 292.245
270400000 -5.71213 40.0451 327.666
270500000 -14.4524 38.0787 311.576
270600000 -5.47228 37.8621 309.804
270700000 2.89499 38.6189 315.996
270800000 -9.75694 36.4755 298.458
270900000 -27.9661 34.2651 280.371
271000000 -25.6084 37.9473 310.501
271100000 -18.2288 36.902 301.948
271200000 -14.0745 38.0356 311.224
271300000 -27.4649 33.3404 272.805
271400000 -26.3563 37.0583 303.227
271500000 -22.0804 38.0638 311.454
271600000 -17.5674 38.102 311.767
271700000 -18.0575 36.4792 298.489
271800000 -19.09 34.8733 285.348
271900000 -22.1063 35.9931 294.511
272000000 -18.2988 38.0195 311.092
272100000 -19.3374 35.2448 288.388
272200000 -21.291 38.5856 315.724
272300000 -22.9666 39.6784 324.665
272400000 -18.0647 34.0605 278.697
272500000 -10.2357 38.819 317.634
272600000 -23.7531 35.5522 290.903
272700000 -19.367 34.162 279.528
272800000 -20.2259 37.2652 304.919
272900000 -8.15856 39.6434 324.379
273000000 11.365 37.7013 308.488
273100000 20.7182 38.6024 315.861
273200000 22.4808 38.1091 311.825
273300000 22.1318 37.6287 307.894
273400000 3.22724 37.8299 309.54
273500000 -2.93404 38.5958 315.807
273600000 -16.1694 36.9852 302.629
273700000 -16.6836 37.7204 308.645
273800000 -20.3036 38.782 317.33
273900000 -16.5403 36.3167 297.159
274000000 -25.0276 37.859 309.778
274100000 -26.3751 34.0761 278.825
274200000 -23.7985 37.2626 304.898
274300000 -23.7032 35.7067 292.168
274400000 -21.3117 39.6199 324.187
274500000 -18.5574 37.5575 307.311
274600000 -22.368 34.872 285.337
274700000 -27.2805 34.9484 285.963
274800000 -24.6036 36.0035 294.596
274900000 -15.5881 39.7448 325.209
275000000 -19.7091 35.2374 288.327
275100000 -22.1299 36.4421 298.184
275200000 -16.9723 38.6706 316.419
275300000 -16.3923 36.1521 295.812
275400000 -10.995 38.5686 315.585
275500000 -24.2495 34.9593 286.052
275600000 -25.9592 35.1605 287.698
275700000 -21.7181 38.4459 314.581
275800000 -22.7721 38.7953 317.439
275900000 -27.7155 35.6626 291.807
276000000 -21.3527 36.4184 297.991
276100000 -23.4289 36.7413 300.633
276200000 -21.5734 34.653 283.545
276300000 -25.8154 35.2032 288.047
276400000 -21.4235 35.8046 292.968
276500000 -22.9117 37.0972 303.545
276600000 -23.2244 38.9209 318.467
276700000 -23.1951 35.2483 288.416
276800000 -26.0965 36.186 296.089
276900000 -25.8911 35.0869 287.096
277000000 -23.1981 35.7076 292.174
277100000 -21.6567 36.051 294.984
277200000 -6.70076 37.6078 307.723
